"cell_barcode","expression"
"AAACCTGAGACAGAGA-1",5.2878133652108
"AAACCTGAGACTTTCG-1",5.81280549031889
"AAACCTGAGAGTAAGG-1",7.14191830807971
"AAACCTGAGAGTCGGT-1",7.6305017681519
"AAACCTGAGGATGGAA-1",3.71772248365925
"AAACCTGAGTAGATGT-1",5.76217000067006
"AAACCTGCAATCAGAA-1",1.78429860398032
"AAACCTGCACCGATAT-1",2.67609516007899
"AAACCTGCAGACGTAG-1",6.98933556947808
"AAACCTGCAGTATCTG-1",5.96430586566074
"AAACCTGCATAGTAAG-1",3.78906321479878
"AAACCTGCATGAACCT-1",6.92975468482662
"AAACCTGGTAAGAGGA-1",9.09882665147123
"AAACCTGGTCCAACTA-1",4.92465995967054
"AAACCTGTCCGTAGTA-1",7.15780168250013
"AAACCTGTCGAGAGCA-1",5.63085168453051
"AAACGGGAGTACGACG-1",3.96111098248575
"AAACGGGCAAGGTTTC-1",3.32653534053755
"AAACGGGCACGTCAGC-1",6.25535186315257
"AAACGGGCAGCGTTCG-1",7.82776291229777
"AAACGGGGTAGCCTCG-1",4.46011725841072
"AAACGGGGTCTACCTC-1",1.44096392305322
"AAACGGGGTGCGGTAA-1",6.39775041964601
"AAACGGGGTTGTCGCG-1",5.6112349227285
"AAACGGGTCCATGAGT-1",2.69912134389714
"AAACGGGTCCCAACGG-1",7.13499437620792
"AAACGGGTCCCATTAT-1",8.7427849281919
"AAAGATGCAGTCAGCC-1",3.54333051875056
"AAAGATGCATCTACGA-1",0
"AAAGCAAAGCGTCTAT-1",0
"AAAGCAACATGTCGAT-1",5.63891105330781
"AAAGCAAGTAGCTGCC-1",1.95870423781931
"AAAGCAAGTAGGCATG-1",3.75356380978385
"AAAGCAAGTGCGCTTG-1",1.99240137735663
"AAAGCAAGTTATTCTC-1",1.50629793178557
"AAAGCAATCCGTAGTA-1",6.30159970563
"AAAGTAGAGATGTGTA-1",5.2950099336312
"AAAGTAGAGTGGGCTA-1",1.60752067267123
"AAAGTAGGTATATGGA-1",4.54420791505421
"AAAGTAGGTGAGCGAT-1",6.1053884079577
"AAAGTAGGTTGAGGTG-1",7.39649162448274
"AAATGCCAGCCCTAAT-1",5.73011379968459
"AAATGCCAGCGTGTCC-1",5.67162197269374
"AAATGCCCAACACCTA-1",8.36749387831014
"AAATGCCGTAGGAGTC-1",10.5030164105958
"AAATGCCGTCTTTCAT-1",0
"AAATGCCGTGGTCCGT-1",5.03627065278419
"AAATGCCGTTCCCGAG-1",7.60159221010536
"AAATGCCTCATAGCAC-1",2.76014111591739
"AAATGCCTCGCTTAGA-1",2.67609516007899
"AACACGTAGAATTCCC-1",5.09175139218236
"AACACGTAGCCCTAAT-1",5.14567732038316
"AACACGTAGGGTGTGT-1",5.4931594399328
"AACACGTCACTGTCGG-1",5.13037146204974
"AACACGTCATCCCATC-1",9.70840831018636
"AACACGTGTGCAACGA-1",3.02296819787208
"AACACGTGTGTCGCTG-1",3.18761760774577
"AACCATGAGCGCTTAT-1",7.60999311810839
"AACCATGGTCCGTTAA-1",1.95870423781931
"AACCATGTCAGTTCGA-1",2.69587412754802
"AACCATGTCATCGATG-1",3.26647770696345
"AACCATGTCCCAAGTA-1",7.32448929871546
"AACCGCGAGAAGCCCA-1",1.60752067267123
"AACCGCGAGACTGGGT-1",2.96271428429225
"AACCGCGAGAGGTACC-1",7.47744190815477
"AACCGCGAGTTAGGTA-1",9.26941452731924
"AACCGCGAGTTGCAGG-1",5.0025153832477
"AACCGCGCACGGTAGA-1",3.34439649238596
"AACCGCGCAGCATGAG-1",1.65683308016806
"AACCGCGCAGCCTGTG-1",4.34796557134329
"AACCGCGCAGCTGTGC-1",6.5030372814038
"AACCGCGCAGTATGCT-1",4.54420791505421
"AACCGCGGTACTTGAC-1",4.02381911105286
"AACCGCGGTCTGCAAT-1",1.52066335423564
"AACCGCGTCACATGCA-1",5.23637936851693
"AACCGCGTCACCGTAA-1",5.53641143315015
"AACCGCGTCCAGAGGA-1",4.99552072357776
"AACCGCGTCCGAAGAG-1",5.73944051682724
"AACGTTGAGCGATAGC-1",0
"AACGTTGAGCGATCCC-1",8.44309837529573
"AACGTTGAGCTTATCG-1",6.5030372814038
"AACGTTGCAAGTTGTC-1",4.90246516585261
"AACGTTGCAATAGAGT-1",5.44925585857814
"AACGTTGCAATGGATA-1",7.20476268540476
"AACGTTGCATGGATGG-1",3.5431611858986
"AACGTTGCATTCTCAT-1",10.8651681923108
"AACGTTGTCAACACGT-1",9.60801023467292
"AACGTTGTCGAGGTAG-1",7.88886517737829
"AACGTTGTCGGTCCGA-1",4.34612248005566
"AACTCAGAGAGCTATA-1",0
"AACTCAGAGAGTCGGT-1",3.32653534053755
"AACTCAGAGCCACCTG-1",0
"AACTCAGAGCCCAATT-1",2.69912134389714
"AACTCAGCAAACAACA-1",8.16172723645592
"AACTCAGCACAAGCCC-1",3.83370995822109
"AACTCAGCACGGTTTA-1",4.50160499584247
"AACTCAGCAGGATCGA-1",5.38434526096369
"AACTCAGCATAAAGGT-1",1.56369446183241
"AACTCAGGTTCCACAA-1",8.6762113300849
"AACTCAGTCGTACCGG-1",0
"AACTCCCAGCCCAGCT-1",7.39104465095673
"AACTCCCAGCTAAGAT-1",7.7061896548644
"AACTCCCCATGGTCTA-1",1.52066335423564
"AACTCCCGTTGCGCAC-1",6.1053884079577
"AACTCCCTCAAGAAGT-1",4.47557052231017
"AACTCCCTCAAGCCTA-1",1.78429860398032
"AACTCCCTCATCGCTC-1",6.67537467085436
"AACTCCCTCTGCAGTA-1",3.51880331684861
"AACTCCCTCTGGCGTG-1",3.16115386254251
"AACTCTTAGCAGACTG-1",4.13479215337343
"AACTCTTAGTCCGGTC-1",2.12196671391844
"AACTCTTCATGCTAGT-1",2.48600736536419
"AACTCTTGTCGAATCT-1",10.669574892739
"AACTCTTGTCGGGTCT-1",6.39775041964601
"AACTCTTTCTCAAACG-1",1.83071487204225
"AACTCTTTCTCCAGGG-1",8.6856611211518
"AACTCTTTCTCTGCTG-1",8.94981912800743
"AACTGGTAGAAGATTC-1",5.46801115423168
"AACTGGTAGAGACTAT-1",4.64864436443002
"AACTGGTAGCCAACAG-1",7.6305017681519
"AACTGGTAGTGTACTC-1",6.89082773386031
"AACTGGTCACTGAAGG-1",10.1950630889164
"AACTGGTGTCCGAACC-1",1.99021672505133
"AACTGGTTCGGAGCAA-1",10.5030164105958
"AACTGGTTCGTGGGAA-1",3.36316707945828
"AACTGGTTCTGCTTGC-1",0
"AACTTTCAGCGTGAAC-1",10.0329079336587
"AACTTTCAGTATCTCG-1",7.79249304480383
"AACTTTCAGTTTCCTT-1",9.16095628051909
"AACTTTCCATCCTTGC-1",10.5940429921368
"AACTTTCGTCTAGAGG-1",12.2907499375365
"AACTTTCGTCTCTTTA-1",5.46801115423168
"AACTTTCGTTTGTTTC-1",0
"AAGACCTAGGGCTTCC-1",2.48600736536419
"AAGACCTAGTACACCT-1",7.79249304480383
"AAGACCTGTATATGAG-1",5.42760396329173
"AAGACCTGTATCAGTC-1",5.58529322023939
"AAGACCTGTCCGTGAC-1",8.7427849281919
"AAGACCTGTCGAAAGC-1",7.14191830807971
"AAGACCTTCGCCATAA-1",5.45866926221298
"AAGCCGCAGATCTGAA-1",4.37215009581792
"AAGCCGCAGGGTGTTG-1",1.95870423781931
"AAGCCGCAGTGGACGT-1",5.06322254868971
"AAGCCGCAGTGTACTC-1",5.77506498610346
"AAGCCGCCACGCTTTC-1",0
"AAGCCGCCAGGACGTA-1",12.3182117249763
"AAGCCGCGTACAGTTC-1",4.90246516585261
"AAGCCGCGTCATTAGC-1",8.36749387831014
"AAGCCGCTCACGAAGG-1",7.83501054669812
"AAGCCGCTCAGTTAGC-1",0
"AAGCCGCTCGCAAACT-1",8.44521007740639
"AAGCCGCTCGTCGTTC-1",8.43710297276653
"AAGCCGCTCTTACCGC-1",4.13479215337343
"AAGGAGCAGAAACCGC-1",3.56707024660423
"AAGGAGCAGGCATGTG-1",3.12818402690687
"AAGGAGCAGGCGCTCT-1",10.3359764443726
"AAGGAGCAGTTGAGTA-1",7.88886517737829
"AAGGAGCCACGGCGTT-1",9.24360573753536
"AAGGAGCGTCTGCAAT-1",5.06044931827788
"AAGGAGCTCGTCTGCT-1",3.34439649238596
"AAGGCAGAGAACTGTA-1",8.94655397585117
"AAGGCAGAGAGATGAG-1",6.5030372814038
"AAGGCAGAGGTGATAT-1",4.63228446905637
"AAGGCAGCATAGTAAG-1",0
"AAGGCAGGTACTTCTT-1",0
"AAGGCAGGTGTGCCTG-1",7.34703807636642
"AAGGCAGTCAGATAAG-1",2.69912134389714
"AAGGCAGTCGGAATCT-1",7.13499437620792
"AAGGTTCAGTATCTCG-1",3.83370995822109
"AAGGTTCCATCACGTA-1",5.48668933914953
"AAGGTTCGTATATGGA-1",4.13479215337343
"AAGGTTCGTCCGAATT-1",9.3144694009356
"AAGGTTCGTCGACTAT-1",13.9340938232395
"AAGGTTCGTGTGACCC-1",7.61602330774544
"AAGGTTCTCCGTCATC-1",5.23637936851693
"AAGGTTCTCCTCGCAT-1",1.52066335423564
"AAGGTTCTCTGCGGCA-1",2.72994818741849
"AAGTCTGAGCCATCGC-1",1.77814034080982
"AAGTCTGAGTCAAGCG-1",6.89082773386031
"AAGTCTGCAAAGGAAG-1",1.44096392305322
"AAGTCTGGTCAGCTAT-1",3.61501347602257
"AAGTCTGTCAAACAAG-1",3.56707024660423
"AAGTCTGTCACTGGGC-1",8.7427849281919
"AAGTCTGTCAGCAACT-1",5.76589846667747
"AATCCAGCAAAGTGCG-1",2.12846078679514
"AATCCAGCAGCATACT-1",8.87651802068367
"AATCCAGGTAGGCATG-1",0
"AATCCAGGTCTCCCTA-1",4.79708045288446
"AATCCAGTCCGAATGT-1",3.21937055104368
"AATCGGTAGGCATGGT-1",5.76217000067006
"AATCGGTTCCTGTACC-1",5.39349489647015
"AATCGGTTCGCCGTGA-1",10.5611452875497
"ACACCAAAGATGAGAG-1",5.73011379968459
"ACACCAAAGCCCTAAT-1",9.19958561919137
"ACACCAAAGGATGGTC-1",8.50162519170221
"ACACCAAAGTGTCCAT-1",6.3550477706184
"ACACCAACACTTCGAA-1",1.78429860398032
"ACACCAACAGACGCTC-1",4.90396068678615
"ACACCAACAGCCTATA-1",7.15780168250013
"ACACCAAGTCGCGTGT-1",6.14023855175285
"ACACCAAGTCTAAACC-1",8.16172723645592
"ACACCAAGTTATGTGC-1",3.71956039495431
"ACACCAATCGCGTTTC-1",0
"ACACCCTAGCCAGGAT-1",3.21937055104368
"ACACCCTAGTACTTGC-1",7.07775945920903
"ACACCCTCAAGCGCTC-1",12.2907499375365
"ACACCCTCATCACAAC-1",4.31814842562449
"ACACCCTCATGCCCGA-1",3.83121664709107
"ACACCCTGTCTGGTCG-1",9.31087062011637
"ACACCCTTCCGCAAGC-1",6.56297550158874
"ACACCCTTCCTTGCCA-1",6.76061106148522
"ACACCCTTCTATCCTA-1",12.8065143630705
"ACACCCTTCTGGCGTG-1",7.60159221010536
"ACACCGGAGGCTCAGA-1",3.75356380978385
"ACACCGGAGTGACATA-1",8.23329671199618
"ACACCGGAGTTACCCA-1",7.93497631166563
"ACACCGGCACCAGATT-1",8.6856611211518
"ACACCGGCACCGAAAG-1",10.9849859650009
"ACACCGGCATCACAAC-1",7.0617427290684
"ACACCGGTCCGCATAA-1",7.69950291571423
"ACACCGGTCTCGGACG-1",8.50162519170221
"ACACCGGTCTCTGTCG-1",9.53496555251874
"ACACTGAAGCACGCCT-1",3.56707024660423
"ACACTGAAGGTGATTA-1",13.765435459661
"ACACTGACAATAGAGT-1",3.96114509230149
"ACACTGACAGACTCGC-1",4.02049778707854
"ACACTGACATCCAACA-1",4.21865984898189
"ACACTGAGTCCGAAGA-1",7.20476268540476
"ACACTGAGTGTTTGTG-1",6.76061106148522
"ACACTGAGTTTGACTG-1",0
"ACAGCCGAGGAATGGA-1",3.71956039495431
"ACAGCCGAGGCCCGTT-1",14.1608458399715
"ACAGCCGAGGTGCTTT-1",7.88869298857737
"ACAGCCGAGTGGTAGC-1",1.99240137735663
"ACAGCCGCATATACGC-1",5.07156539144019
"ACAGCCGCATGCAACT-1",0
"ACAGCCGGTAGGGTAC-1",5.89816811517585
"ACAGCCGGTCGAATCT-1",3.06023494760362
"ACAGCCGGTTCACCTC-1",0
"ACAGCCGGTTCCACTC-1",3.02296819787208
"ACAGCCGTCCAGAAGG-1",5.96430586566074
"ACAGCCGTCTTTACAC-1",9.9734915567454
"ACAGCTAAGCACCGCT-1",8.23329671199618
"ACAGCTAAGTATCTCG-1",4.15533805683384
"ACAGCTAAGTGTTGAA-1",5.57418914045727
"ACAGCTACATCGTCGG-1",4.59971302868139
"ACAGCTAGTCGACTAT-1",7.07510248693117
"ACAGCTAGTGGTACAG-1",8.16172723645592
"ACAGCTATCACCACCT-1",5.79076334022128
"ACAGCTATCTGCTTGC-1",5.76589846667747
"ACATACGAGAGCTTCT-1",8.83620410574047
"ACATACGAGCGTAGTG-1",3.06023494760362
"ACATACGAGCTTCGCG-1",0
"ACATACGAGCTTTGGT-1",0
"ACATACGCAAACGTGG-1",6.13899898825888
"ACATACGCAAGCCTAT-1",5.07156539144019
"ACATACGCATCTCCCA-1",8.44521007740639
"ACATACGCATTCTCAT-1",0
"ACATACGGTAGGAGTC-1",0
"ACATACGGTGCACCAC-1",6.11677012577694
"ACATACGGTGGTTTCA-1",4.76322529749996
"ACATACGTCGTATCAG-1",13.9513441878421
"ACATCAGAGCCACTAT-1",1.65683308016806
"ACATCAGAGCCTTGAT-1",5.67162197269374
"ACATCAGCAACACCCG-1",10.5611452875497
"ACATCAGCAACGATGG-1",6.3550477706184
"ACATCAGCAATTGCTG-1",6.91702454496148
"ACATCAGCACCGGAAA-1",0
"ACATCAGCATAAAGGT-1",3.75356380978385
"ACATCAGCATCCCACT-1",9.53496555251874
"ACATCAGCATTTGCCC-1",3.51880331684861
"ACATCAGGTAAGGATT-1",4.13479215337343
"ACATCAGGTCCGTGAC-1",10.5046951775935
"ACATCAGGTTAAGTAG-1",16.9825884144078
"ACATCAGTCAAACCGT-1",8.7427849281919
"ACATGGTAGCATGGCA-1",4.37215009581792
"ACATGGTAGCTGTTCA-1",5.2950099336312
"ACATGGTCACTTGGAT-1",2.08594362943213
"ACATGGTGTCAGATAA-1",5.27425730889253
"ACATGGTGTCTGCGGT-1",4.79708045288446
"ACATGGTGTGCAACTT-1",5.54755656106075
"ACATGGTTCCGCAAGC-1",2.36099891946584
"ACATGGTTCCTCCTAG-1",8.77325132966973
"ACATGGTTCTGGAGCC-1",13.9340938232395
"ACATGGTTCTTCTGGC-1",7.89064035504066
"ACCAGTAAGATCACGG-1",5.58529322023939
"ACCAGTAAGCTTCGCG-1",5.25659026916396
"ACCAGTACACAGATTC-1",6.90207565291245
"ACCAGTACACAGGCCT-1",0
"ACCAGTACAGTATGCT-1",1.86355644233966
"ACCAGTACAGTCAGAG-1",8.43710297276653
"ACCAGTACAGTTTACG-1",1.52066335423564
"ACCAGTAGTCACCCAG-1",1.78429860398032
"ACCAGTAGTCCATCCT-1",5.37606706128555
"ACCAGTAGTCTTCAAG-1",1.78429860398032
"ACCAGTAGTGGACGAT-1",3.38755574026458
"ACCAGTATCTGCGACG-1",1.7360849798154
"ACCAGTATCTGCTTGC-1",7.49932147439508
"ACCAGTATCTGTTTGT-1",3.69246248639899
"ACCCACTAGAGGTTAT-1",5.73011379968459
"ACCCACTAGATCCCGC-1",4.89492399696996
"ACCCACTAGATGTGTA-1",6.39663133862317
"ACCCACTAGCCCAATT-1",7.10528370869844
"ACCCACTCAAGGGTCA-1",8.52246166279924
"ACCCACTCAAGGTTCT-1",4.37215009581792
"ACCCACTGTAAATGAC-1",3.34439649238596
"ACCCACTGTAGCCTCG-1",2.12196671391844
"ACCCACTGTCAAAGAT-1",13.2374280719781
"ACCCACTGTCAATACC-1",5.90778779289177
"ACCCACTGTGTGGTTT-1",3.58870521580858
"ACCCACTTCGCAAACT-1",3.79766557441939
"ACCCACTTCTGCCAGG-1",6.92866967743876
"ACCGTAACAATCGGTT-1",6.58664664149359
"ACCGTAACAATCTACG-1",3.32653534053755
"ACCGTAACAGGTCCAC-1",3.32609161527608
"ACCGTAAGTACAGCAG-1",3.44896728450656
"ACCGTAAGTCATGCAT-1",8.78348967468754
"ACCGTAAGTGAGTGAC-1",3.58870521580858
"ACCGTAAGTTAAGAAC-1",3.32653534053755
"ACCGTAAGTTCCGTCT-1",4.68690712077616
"ACCGTAATCACATAGC-1",5.46801115423168
"ACCGTAATCATGTGGT-1",9.53496555251874
"ACCGTAATCTGAAAGA-1",3.95090360138264
"ACCTTTACAATCGGTT-1",7.48770942829036
"ACCTTTACACGGACAA-1",5.41320224655064
"ACCTTTACAGCAGTTT-1",6.70841368439423
"ACCTTTACATGCAACT-1",5.72271124194982
"ACCTTTACATTTCAGG-1",11.2391898278254
"ACCTTTAGTGAACCTT-1",3.71956039495431
"ACCTTTAGTTCCACTC-1",7.93497631166563
"ACCTTTATCTCTAGGA-1",2.69296763747257
"ACGAGCCAGGCAGGTT-1",0
"ACGAGCCCACAGGCCT-1",13.9513441878421
"ACGAGCCCATGGAATA-1",3.56707024660423
"ACGAGCCGTGCACGAA-1",6.75812282190029
"ACGAGCCGTGTGACCC-1",2.23062151051123
"ACGAGCCGTTGGTTTG-1",0
"ACGAGCCTCAGTCCCT-1",7.5010836747093
"ACGAGCCTCGCAAACT-1",8.84430615061611
"ACGAGGACACTACAGT-1",5.96430586566074
"ACGAGGACATGTAGTC-1",10.5611452875497
"ACGAGGAGTACACCGC-1",5.42760396329173
"ACGAGGAGTGCCTGCA-1",7.61602330774544
"ACGAGGAGTTCTGAAC-1",8.87651802068367
"ACGAGGATCTGCGGCA-1",1.78429860398032
"ACGATACAGAGTGACC-1",4.34796557134329
"ACGATACAGCGCCTTG-1",11.5207635538761
"ACGATACCACGTTGGC-1",7.61602330774544
"ACGATACCATTGGGCC-1",0
"ACGATACGTCGAATCT-1",11.3388611048784
"ACGATACTCTGACCTC-1",10.5611452875497
"ACGATGTAGTGCGATG-1",1.47641779932178
"ACGATGTAGTTGAGAT-1",1.50629793178557
"ACGATGTCAACGCACC-1",5.3547628252515
"ACGATGTCACACGCTG-1",0
"ACGATGTGTATTCTCT-1",11.5608349443747
"ACGATGTGTCAGTGGA-1",3.56707024660423
"ACGATGTGTGACTACT-1",10.0378194866409
"ACGATGTGTGTCGCTG-1",5.34268354817262
"ACGATGTTCGCGTAGC-1",5.93025102089994
"ACGATGTTCTCTTATG-1",5.07156539144019
"ACGCAGCAGCGGCTTC-1",5.69494143393013
"ACGCAGCAGCTGCGAA-1",7.83501054669812
"ACGCAGCAGTGTACGG-1",4.86590746212549
"ACGCAGCCACCTCGTT-1",5.81280549031889
"ACGCAGCCATCGACGC-1",0
"ACGCAGCCATTACCTT-1",5.24386012929882
"ACGCAGCGTCCATGAT-1",3.27380487312458
"ACGCAGCGTCTACCTC-1",7.60159221010536
"ACGCAGCGTCTGGTCG-1",7.83501054669813
"ACGCAGCGTGCGATAG-1",5.81243360672453
"ACGCCAGCAAAGCAAT-1",7.35919676317445
"ACGCCAGCAACGCACC-1",7.13782774906057
"ACGCCAGCACGAGAGT-1",4.99552072357776
"ACGCCAGCAGTGAGTG-1",4.15533805683384
"ACGCCAGGTGCACTTA-1",7.59468512337102
"ACGCCAGGTGTGCGTC-1",9.40452754094878
"ACGCCAGTCACAGGCC-1",2.72994818741849
"ACGCCAGTCAGTGTTG-1",1.44096392305322
"ACGCCGAAGAAACGCC-1",12.3549548130067
"ACGCCGAAGATCTGCT-1",13.9513441878421
"ACGCCGACAGCCTGTG-1",7.96419563438976
"ACGCCGAGTTCCAACA-1",4.13479215337343
"ACGCCGATCCTATGTT-1",5.27425730889253
"ACGCCGATCGCAGGCT-1",8.43710297276653
"ACGCCGATCTTGTATC-1",1.75402832933928
"ACGGAGAAGCCAGTTT-1",0
"ACGGAGACACACATGT-1",4.76322529749996
"ACGGAGACAGCCTGTG-1",0
"ACGGAGACAGCGTAAG-1",4.34796557134329
"ACGGAGACAGTAAGCG-1",9.53496555251874
"ACGGAGAGTGTGACGA-1",5.77712596514009
"ACGGAGATCCACGAAT-1",5.84572526276284
"ACGGCCACACATCCAA-1",3.77875431202463
"ACGGCCACACATTCGA-1",10.5611452875497
"ACGGCCAGTACCGTAT-1",0
"ACGGCCAGTGTATGGG-1",5.67162197269374
"ACGGCCATCACGGTTA-1",7.77561792865003
"ACGGCCATCAGTGTTG-1",3.36316707945828
"ACGGCCATCTACTATC-1",4.02049778707854
"ACGGGCTAGGATCGCA-1",6.29416201588487
"ACGGGCTAGGTTCCTA-1",3.41395851344092
"ACGGGCTAGTGGCACA-1",5.63085168453051
"ACGGGCTCATCTGGTA-1",5.58529322023939
"ACGGGCTGTGAGGCTA-1",5.53082523583272
"ACGGGCTTCCGAACGC-1",7.6305017681519
"ACGGGTCAGATGCCAG-1",8.83620410574047
"ACGGGTCCATGATCCA-1",1.65683308016806
"ACGGGTCCATTAGGCT-1",3.34439649238596
"ACGGGTCCATTTCACT-1",3.83121664709107
"ACGGGTCGTTAGGGTG-1",6.13934375650454
"ACGGGTCTCAACACCA-1",7.20476268540476
"ACGGGTCTCCACGCAG-1",1.77814034080982
"ACGTCAAAGGGCTTCC-1",0
"ACGTCAAAGTGGTAAT-1",1.50629793178557
"ACGTCAACAACTGCGC-1",1.75244973605793
"ACGTCAACACAAGACG-1",3.38755574026458
"ACGTCAAGTAGCTCCG-1",5.73011379968459
"ACGTCAAGTGTCGCTG-1",3.51880331684861
"ACGTCAAGTTATGCGT-1",5.93528302899271
"ACGTCAATCAACCAAC-1",5.96430586566074
"ACGTCAATCATAACCG-1",7.13708088733109
"ACGTCAATCCAGAAGG-1",9.3144694009356
"ACGTCAATCTAACTCT-1",4.23022705533103
"ACTATCTAGAGGTTAT-1",2.08594362943213
"ACTATCTAGATACACA-1",3.56707024660423
"ACTATCTAGGAGTAGA-1",12.8767760667964
"ACTATCTAGGCATGTG-1",6.17684674706729
"ACTATCTCAAATACAG-1",11.3811961029545
"ACTATCTCAAATTGCC-1",3.64059508511359
"ACTATCTGTAGGGACT-1",5.42760396329173
"ACTATCTGTCGCGTGT-1",1.56879010773368
"ACTATCTGTGCACGAA-1",0
"ACTATCTGTGGTTTCA-1",7.76791063406533
"ACTATCTTCGCCGTGA-1",9.12149816434243
"ACTGAACAGAGTGAGA-1",7.21504885001152
"ACTGAACAGATCCCGC-1",1.97136480093404
"ACTGAACAGGTGATAT-1",5.79076334022128
"ACTGAACCAAAGCGGT-1",9.12149816434243
"ACTGAACCAAGCGAGT-1",2.69912134389714
"ACTGAACCAATTCCTT-1",3.27380487312458
"ACTGAACCAGCTGGCT-1",5.71572806082706
"ACTGAACCAGTCTTCC-1",7.15780168250013
"ACTGAACCATTACCTT-1",12.35659338461
"ACTGAACGTAAGCACG-1",9.23411539189521
"ACTGAACGTAATCGTC-1",10.669574892739
"ACTGAACGTCCAGTAT-1",7.18742106926047
"ACTGAACGTCTGATCA-1",8.65587862883769
"ACTGAACTCCCACTTG-1",3.25666605988123
"ACTGAGTAGCCGGTAA-1",6.92866967743876
"ACTGAGTCAGTGGGAT-1",4.02049778707854
"ACTGAGTCATTTGCCC-1",6.4056543418187
"ACTGAGTGTAGAGCTG-1",6.00590612770826
"ACTGAGTGTTGTGGCC-1",5.79076334022128
"ACTGAGTTCAGGTTCA-1",4.34796557134329
"ACTGATGAGACAGACC-1",3.42798336940827
"ACTGATGAGCGGATCA-1",3.77875431202463
"ACTGATGAGGTGCTTT-1",6.7887554431353
"ACTGATGCAGCAGTTT-1",1.99240137735663
"ACTGATGCATCACAAC-1",4.64864436443002
"ACTGATGGTCATGCAT-1",1.44096392305322
"ACTGATGTCACAATGC-1",7.96990210688874
"ACTGATGTCACTCCTG-1",8.44309837529573
"ACTGATGTCCCTGACT-1",7.35919676317445
"ACTGATGTCCGCTGTT-1",6.89082773386031
"ACTGATGTCCGGCACA-1",6.88528634116949
"ACTGATGTCCTATTCA-1",13.3029748064625
"ACTGCTCAGAGCTTCT-1",7.0914788674984
"ACTGCTCAGATGCCTT-1",8.70338779504307
"ACTGCTCCACACCGCA-1",5.73011379968459
"ACTGCTCCAGATGGGT-1",3.37820629262812
"ACTGCTCCATGCCTAA-1",13.9513441878421
"ACTGCTCGTAGGCATG-1",9.64311545091175
"ACTGCTCGTATCACCA-1",0
"ACTGCTCGTCCGAAGA-1",9.59109928284867
"ACTGCTCTCCGAGCCA-1",6.30159970563
"ACTGTCCAGAGGGCTT-1",4.99552072357776
"ACTGTCCAGCAGCGTA-1",7.68456262422145
"ACTGTCCAGGCATGGT-1",9.97349155674539
"ACTGTCCCAAGGTTTC-1",6.11935652910817
"ACTGTCCCAAGTACCT-1",3.27380487312458
"ACTGTCCCAGTATCTG-1",7.61291347126039
"ACTGTCCCATAGAAAC-1",4.04396886310953
"ACTGTCCGTTGAGGTG-1",4.92343417465678
"ACTGTCCTCCACGTGG-1",3.56707024660423
"ACTGTCCTCCTTGGTC-1",6.89082773386031
"ACTGTCCTCTCTGTCG-1",3.87125170005735
"ACTTACTAGCGATAGC-1",9.12149816434243
"ACTTACTAGGGATGGG-1",2.38795483309312
"ACTTACTCACAGACAG-1",4.77656883668026
"ACTTACTCACATTTCT-1",10.5940429921368
"ACTTACTGTACTCAAC-1",5.81280549031889
"ACTTACTGTTCCACAA-1",2.14493407592794
"ACTTACTTCATCGGAT-1",11.8059135993419
"ACTTGTTAGACAAGCC-1",3.95090360138264
"ACTTGTTAGCTAGCCC-1",0
"ACTTGTTAGTTACCCA-1",10.5611452875497
"ACTTGTTCACGACGAA-1",1.75402832933928
"ACTTGTTCACGGCTAC-1",3.48143869353403
"ACTTGTTGTATCGCAT-1",4.23022705533103
"ACTTGTTGTGGTAACG-1",11.2391898278254
"ACTTGTTGTTGTGGAG-1",9.9734915567454
"ACTTGTTTCATCACCC-1",7.39104465095673
"ACTTTCACATGGTCAT-1",9.64976494865206
"ACTTTCAGTGACTACT-1",11.0188903695599
"ACTTTCATCGCCAGCA-1",10.0273842142173
"AGAATAGAGCTGAACG-1",5.86216299135607
"AGAATAGAGCTGTCTA-1",2.04387007589497
"AGAATAGAGGTAGCTG-1",3.69246248639899
"AGAATAGCATGGTCTA-1",4.54420791505421
"AGAATAGGTATTCTCT-1",8.7427849281919
"AGAATAGGTGCGGTAA-1",0
"AGAATAGGTTAAGAAC-1",9.07582641321322
"AGAATAGTCAGGCCCA-1",10.6381874092645
"AGACGTTAGAATGTGT-1",5.89816811517585
"AGACGTTAGCTCCTCT-1",5.99392311097669
"AGACGTTAGTGCCAGA-1",3.71956039495431
"AGACGTTCAGGATCGA-1",11.9586378717888
"AGACGTTGTAGCTGCC-1",5.62588877559719
"AGACGTTGTCTGCAAT-1",10.5940429921368
"AGACGTTGTTCTGTTT-1",7.88886517737829
"AGACGTTTCGCATGGC-1",8.87651802068367
"AGACGTTTCGCTTAGA-1",2.36099891946584
"AGAGCGACAACTTGAC-1",6.67537467085436
"AGAGCGACAAGTACCT-1",6.00997899298165
"AGAGCGACACAACGTT-1",4.02049778707854
"AGAGCGACATGAGCGA-1",8.10489387775354
"AGAGCGAGTCAGTGGA-1",0
"AGAGCGAGTCGACTGC-1",5.73011379968459
"AGAGCGAGTTGAGTTC-1",4.40887294910614
"AGAGCGATCGCGTAGC-1",2.12196671391844
"AGAGCGATCTATCCTA-1",6.70841368439423
"AGAGCGATCTCGCTTG-1",4.15533805683384
"AGAGCTTAGCCGTCGT-1",3.95090360138264
"AGAGCTTAGTACACCT-1",12.1476167399328
"AGAGCTTAGTCATGCT-1",3.39340243965478
"AGAGCTTGTAGAGCTG-1",8.66286938793652
"AGAGCTTGTATCACCA-1",12.1702243045621
"AGAGCTTTCACTATTC-1",8.76989359532973
"AGAGCTTTCCTGCAGG-1",2.96271428429225
"AGAGCTTTCGCAAACT-1",7.61602330774544
"AGAGCTTTCGCTTAGA-1",7.7679625107876
"AGAGTGGAGAGCCTAG-1",1.94779823749812
"AGAGTGGAGGCCCTTG-1",2.04387007589497
"AGAGTGGAGGTACTCT-1",10.0467294378022
"AGAGTGGCACAAGACG-1",13.2750778188118
"AGAGTGGCACCTCGTT-1",10.0467294378022
"AGAGTGGCATCCGGGT-1",0
"AGAGTGGCATCTGGTA-1",5.41320224655064
"AGAGTGGGTCAGCTAT-1",4.87356041638433
"AGAGTGGGTCCTCCAT-1",7.88886517737829
"AGAGTGGGTCTAGTCA-1",9.45187832684889
"AGAGTGGGTTACCGAT-1",5.3963799182213
"AGATCTGAGGTGGGTT-1",5.89816811517585
"AGATCTGAGTCAAGGC-1",1.65683308016806
"AGATCTGCAATGTTGC-1",0
"AGATCTGTCGAATCCA-1",10.9356861936121
"AGATCTGTCTGCAGTA-1",2.08594362943213
"AGATTGCAGGCTACGA-1",0
"AGATTGCCACGACGAA-1",0
"AGATTGCCAGATGGGT-1",6.58664664149359
"AGATTGCGTAGAGCTG-1",6.61694931249074
"AGATTGCGTGATGTCT-1",0
"AGATTGCGTGTTCGAT-1",1.75481895374561
"AGATTGCGTTCACGGC-1",5.3547628252515
"AGATTGCTCACTGGGC-1",6.1053884079577
"AGATTGCTCATCTGTT-1",1.72047038548075
"AGCAGCCAGCTGATAA-1",7.61602330774544
"AGCAGCCCACCGAAAG-1",5.0025153832477
"AGCAGCCGTCGACTGC-1",3.61501347602257
"AGCAGCCGTCGCTTTC-1",10.5611452875497
"AGCAGCCGTCTAACGT-1",7.89064035504066
"AGCAGCCGTGTGAAAT-1",2.19014490174816
"AGCAGCCGTTTGTTGG-1",10.3359764443726
"AGCAGCCTCCAAACAC-1",9.58122934650852
"AGCATACAGTGGTAGC-1",4.76322529749996
"AGCATACAGTTGTCGT-1",5.79076334022128
"AGCATACGTCTTCTCG-1",5.46801115423168
"AGCATACGTTAAGTAG-1",1.60752067267123
"AGCATACTCCGTTGCT-1",7.9834476819303
"AGCCTAAAGATATGGT-1",2.23062151051123
"AGCCTAACAAAGCGGT-1",0
"AGCCTAACAGATAATG-1",3.36316707945828
"AGCCTAAGTACGAAAT-1",5.22588234458609
"AGCCTAAGTCACCTAA-1",6.01254049968685
"AGCCTAAGTGTGCCTG-1",1.95245287211938
"AGCCTAATCACCCGAG-1",2.36099891946584
"AGCCTAATCCAATGGT-1",2.48600736536419
"AGCCTAATCCTTGGTC-1",1.53592988927468
"AGCCTAATCTGTGCAA-1",5.76217000067006
"AGCCTAATCTGTTTGT-1",4.64864436443002
"AGCGGTCAGCGAAGGG-1",0
"AGCGGTCAGGTACTCT-1",3.21937055104368
"AGCGGTCAGTGACTCT-1",4.46011725841072
"AGCGGTCCAGCCTTGG-1",3.58453211107078
"AGCGGTCGTCCTAGCG-1",10.6381874092645
"AGCGGTCGTGGTGTAG-1",0
"AGCGGTCGTTAAGGGC-1",12.1702243045621
"AGCGGTCGTTTGCATG-1",10.5940429921368
"AGCGGTCTCCGAAGAG-1",2.96271428429225
"AGCGGTCTCCTCAATT-1",8.87651802068367
"AGCGGTCTCTGGGCCA-1",13.9340938232395
"AGCGTATAGAACTGTA-1",7.79249304480383
"AGCGTATAGCGATGAC-1",5.6918263188071
"AGCGTATAGGTACTCT-1",2.96271428429225
"AGCGTATGTTGAGGTG-1",2.23062151051123
"AGCGTATTCCAGAGGA-1",4.99552072357776
"AGCGTCGAGTTGAGTA-1",5.84572526276284
"AGCGTCGCAGGGATTG-1",4.3600628342493
"AGCGTCGTCTGAAAGA-1",5.89816811517585
"AGCTCCTAGACCTAGG-1",5.35178130156132
"AGCTCCTAGCGTTTAC-1",0
"AGCTCCTGTGTTTGTG-1",1.99240137735663
"AGCTCCTGTTGTCTTT-1",1.95870423781931
"AGCTCCTTCCGAATGT-1",5.96430586566074
"AGCTCCTTCTTGACGA-1",1.95245287211938
"AGCTCTCAGCGGATCA-1",5.86626631047787
"AGCTCTCAGCTGTTCA-1",10.5611452875497
"AGCTCTCAGGTGCTAG-1",6.32309269663373
"AGCTCTCCATACAGCT-1",4.99552072357776
"AGCTCTCGTCAGAGGT-1",9.76300460233066
"AGCTCTCGTGGGTCAA-1",7.89064035504066
"AGCTCTCTCACAACGT-1",7.18742106926047
"AGCTCTCTCTTGACGA-1",6.70841368439423
"AGCTTGAAGCATCATC-1",8.25231693590568
"AGCTTGAAGTAGCGGT-1",2.53703559597309
"AGCTTGAAGTTGTCGT-1",0
"AGCTTGACAATCCAAC-1",1.86355644233966
"AGCTTGACACCGATAT-1",6.97172705577149
"AGCTTGAGTCTACCTC-1",6.38792019841242
"AGCTTGAGTGCGCTTG-1",1.40140761631585
"AGCTTGAGTTACGCGC-1",1.47641779932178
"AGCTTGATCCTGCCAT-1",7.40671922916129
"AGCTTGATCTGCAAGT-1",5.84572526276284
"AGGCCACAGAGTAAGG-1",4.13479215337343
"AGGCCACAGGGTCTCC-1",6.45297025556619
"AGGCCACAGTACTTGC-1",4.3600628342493
"AGGCCACCAGGACCCT-1",7.60159221010536
"AGGCCACCATCAGTCA-1",6.23532092144995
"AGGCCACTCATGCTCC-1",6.58664664149359
"AGGCCACTCATTGCGA-1",4.24131178603534
"AGGCCGTAGGATCGCA-1",9.5921599055613
"AGGCCGTCACGTAAGG-1",5.90538458394784
"AGGCCGTCAGCTCGAC-1",16.9825884144078
"AGGCCGTCATCGTCGG-1",3.40774553357898
"AGGCCGTTCACGGTTA-1",0
"AGGCCGTTCGAACTGT-1",0
"AGGCCGTTCTCAAGTG-1",7.9834476819303
"AGGCCGTTCTGCTTGC-1",5.81280549031889
"AGGGAGTAGCCCAACC-1",1.94779823749812
"AGGGAGTAGGAGTACC-1",7.34703807636642
"AGGGAGTAGGCAGGTT-1",10.3495123583712
"AGGGAGTCACGAGAGT-1",1.65683308016806
"AGGGAGTCAGAAGCAC-1",8.52246166279924
"AGGGAGTCAGATCCAT-1",4.59971302868139
"AGGGAGTCATCGACGC-1",3.83370995822109
"AGGGAGTCATGCTAGT-1",9.20986212728586
"AGGGAGTGTCCATGAT-1",8.16172723645592
"AGGGAGTTCATAACCG-1",4.79708045288446
"AGGGATGAGCTCTCGG-1",8.47942920337098
"AGGGATGAGGAGTAGA-1",4.99552072357776
"AGGGATGAGTAGCGGT-1",5.26917777573495
"AGGGATGCAATGAATG-1",11.5608349443747
"AGGGATGCAATGGAGC-1",0
"AGGGATGCACAAGACG-1",12.8767760667964
"AGGGATGCACATTTCT-1",1.63056832072081
"AGGGATGCATGGTCTA-1",5.27958314361594
"AGGGATGGTTAAAGTG-1",7.14191830807971
"AGGGATGGTTATGCGT-1",0
"AGGGATGTCGTGACAT-1",1.29947695644132
"AGGGTGAAGATGGCGT-1",4.54420791505421
"AGGGTGAAGATGGGTC-1",7.34078484371225
"AGGGTGAAGGCTCAGA-1",6.45297025556619
"AGGGTGACACGAGAGT-1",1.86355644233966
"AGGGTGACAGATGGCA-1",11.7370663396177
"AGGGTGACAGATTGCT-1",2.08594362943213
"AGGGTGAGTACTCTCC-1",10.6381874092645
"AGGGTGAGTTATCGGT-1",7.1505200402535
"AGGGTGAGTTCTGAAC-1",6.4056543418187
"AGGGTGATCTCGCTTG-1",3.32653534053755
"AGGTCATAGAGCCCAA-1",0
"AGGTCATAGCCAGAAC-1",8.6762113300849
"AGGTCATAGGCATGGT-1",3.53829090333527
"AGGTCATAGGGAGTAA-1",9.07582641321322
"AGGTCATCACTCAGGC-1",12.2907499375365
"AGGTCATCACTCTGTC-1",0
"AGGTCATGTTCCACTC-1",4.76322529749996
"AGGTCATTCTCGTTTA-1",3.83370995822109
"AGGTCCGAGGATGCGT-1",1.38054700437752
"AGGTCCGGTGATGCCC-1",2.08594362943213
"AGGTCCGTCCATGAAC-1",5.48668933914953
"AGGTCCGTCGCCCTTA-1",8.44521007740639
"AGGTCCGTCTGCGTAA-1",5.4931594399328
"AGTAGTCAGACTGTAA-1",1.56369446183241
"AGTAGTCAGTACGACG-1",4.58456069389216
"AGTAGTCAGTTTAGGA-1",3.56707024660423
"AGTAGTCCAACTGGCC-1",5.81280549031889
"AGTAGTCGTGCAGACA-1",0
"AGTAGTCTCACCCGAG-1",7.27870035977826
"AGTCTTTAGGCAGTCA-1",5.22588234458609
"AGTCTTTCAAATCCGT-1",5.90538458394784
"AGTCTTTCATATACCG-1",7.13828004208357
"AGTCTTTGTGCTTCTC-1",6.00590612770826
"AGTCTTTGTGTCCTCT-1",4.46011725841072
"AGTCTTTTCGCAGGCT-1",8.76989359532973
"AGTCTTTTCGCGTAGC-1",2.04387007589497
"AGTCTTTTCGCTAGCG-1",0
"AGTCTTTTCGCTTGTC-1",8.7427849281919
"AGTCTTTTCTGACCTC-1",7.18742106926047
"AGTGAGGAGATAGCAT-1",4.46011725841072
"AGTGAGGCAGGTGCCT-1",5.89816811517585
"AGTGAGGGTATGAAAC-1",5.76589846667747
"AGTGAGGGTCACTTCC-1",3.89311809104911
"AGTGAGGGTCGCGAAA-1",13.3756094351358
"AGTGAGGGTTATGTGC-1",9.53496555251874
"AGTGAGGTCTACTATC-1",12.5656495268901
"AGTGGGAAGCAGACTG-1",5.46801115423168
"AGTGGGACAAACGCGA-1",6.14023855175285
"AGTGGGACAAGCCGTC-1",3.36316707945828
"AGTGGGACACAGGAGT-1",7.60999311810839
"AGTGGGACACGAGAGT-1",7.13828004208357
"AGTGGGATCATCGATG-1",5.73011379968459
"AGTGGGATCCACGAAT-1",4.15533805683384
"AGTGGGATCCTGCAGG-1",4.89492399696996
"AGTGTCAAGAAGCCCA-1",6.18866972105421
"AGTGTCAAGCTAGTCT-1",10.5424588721992
"AGTGTCAAGTACGACG-1",5.69494143393013
"AGTGTCAAGTGAACAT-1",3.48817020894406
"AGTGTCACACCATCCT-1",7.13782774906057
"AGTGTCACAGTAAGCG-1",6.6311621447052
"AGTGTCACAGTGGAGT-1",4.68690712077616
"AGTGTCAGTAAACCTC-1",1.65683308016806
"AGTGTCAGTACAGCAG-1",5.81280549031889
"AGTGTCAGTCTCCACT-1",0
"AGTGTCAGTTTGACTG-1",0
"AGTGTCATCAAAGTAG-1",9.59298163303723
"AGTGTCATCCGTCAAA-1",3.32653534053755
"AGTGTCATCGTTACAG-1",10.9849859650009
"AGTGTCATCTGTCAAG-1",10.5940429921368
"AGTTGGTAGACTGTAA-1",7.18742106926047
"AGTTGGTAGTACGCGA-1",3.21937055104368
"AGTTGGTCAAATTGCC-1",9.07582641321322
"AGTTGGTCAGGAATGC-1",5.46801115423168
"AGTTGGTCATGCGCAC-1",0
"AGTTGGTGTACCGTAT-1",5.44925585857813
"AGTTGGTGTATGCTTG-1",8.76989359532973
"AGTTGGTGTCAGGACA-1",1.44096392305322
"AGTTGGTGTTCAGACT-1",4.97232870457883
"AGTTGGTTCAGTACGT-1",6.70841368439423
"AGTTGGTTCCTCAACC-1",10.5424588721992
"AGTTGGTTCGTACCGG-1",1.95245287211938
"AGTTGGTTCTGTCCGT-1",3.27380487312458
"ATAACGCAGTTGAGTA-1",4.54420791505421
"ATAACGCCACGTGAGA-1",0
"ATAACGCGTGAACCTT-1",9.3144694009356
"ATAACGCGTGTCCTCT-1",8.84430615061611
"ATAACGCGTGTGAAAT-1",3.56707024660423
"ATAACGCTCTCCGGTT-1",9.3144694009356
"ATAAGAGAGTCCGGTC-1",5.4931594399328
"ATAAGAGCAACTGCGC-1",1.95870423781931
"ATAAGAGCAGTATCTG-1",5.04917294947631
"ATAAGAGGTGACGCCT-1",4.64864436443002
"ATAAGAGGTTAAAGTG-1",7.13880610309321
"ATAAGAGTCAGCACAT-1",7.34703807636642
"ATAAGAGTCAGTGCAT-1",5.24386012929882
"ATAGACCAGAGAGCTC-1",1.78429860398032
"ATAGACCAGCCCAATT-1",0
"ATAGACCCAAGCCATT-1",8.87651802068367
"ATAGACCCATCTGGTA-1",4.37215009581792
"ATAGACCGTATATGGA-1",6.90207565291244
"ATAGACCGTGGACGAT-1",6.29416201588487
"ATAGACCGTGGCGAAT-1",9.8338008839351
"ATAGACCGTTTCGCTC-1",7.9834476819303
"ATCACGAAGAACTCGG-1",5.72271124194982
"ATCACGAAGACACGAC-1",6.32309269663373
"ATCACGAAGTTACCCA-1",4.31814842562449
"ATCACGACAAGACACG-1",6.0845720817978
"ATCACGACAAGCGTAG-1",5.35195379403062
"ATCACGACACACATGT-1",1.99021672505133
"ATCACGACACCACCAG-1",4.23022705533103
"ATCACGACACGGTAAG-1",5.53082523583272
"ATCACGACAGCGAACA-1",6.61694931249074
"ATCACGATCCCGACTT-1",3.64056733986107
"ATCACGATCGGTGTCG-1",3.44896728450656
"ATCATCTAGCCTATGT-1",6.17684674706729
"ATCATCTAGGCCATAG-1",6.4056543418187
"ATCATCTAGTACTTGC-1",9.18578838397468
"ATCATCTCAGACGCCT-1",8.44521007740639
"ATCATCTCATCCGTGG-1",10.6381874092645
"ATCATCTGTATTACCG-1",3.96114509230149
"ATCATCTGTCACTTCC-1",5.69494143393013
"ATCATCTTCAGCGACC-1",5.54059812617354
"ATCATCTTCCTCAACC-1",4.46011725841072
"ATCATGGCAAGCGTAG-1",10.0467294378022
"ATCATGGCAAGGTTCT-1",10.5040572549635
"ATCATGGCACTACAGT-1",0
"ATCATGGGTAAGGGAA-1",3.928203126183
"ATCATGGGTTGTGGCC-1",6.70841368439423
"ATCATGGTCAATAAGG-1",9.12149816434243
"ATCATGGTCCAATGGT-1",6.89082773386031
"ATCATGGTCGCCATAA-1",12.7130073277035
"ATCATGGTCGGTTAAC-1",3.18761760774577
"ATCCACCAGCTAGTCT-1",8.77325132966973
"ATCCACCAGGCTCTTA-1",9.24360573753536
"ATCCACCCAAACGTGG-1",0
"ATCCACCCAGTTAACC-1",3.69246248639899
"ATCCACCGTCCGAAGA-1",3.47866908836239
"ATCCACCGTTTGTTTC-1",9.2021326938142
"ATCCACCTCCTGCTTG-1",3.42798336940827
"ATCCACCTCCTTAATC-1",2.67777164136099
"ATCCACCTCTGGTATG-1",6.58840797449117
"ATCCGAAAGCGATGAC-1",2.23062151051123
"ATCCGAAAGCTAGGCA-1",1.52066335423564
"ATCCGAACAAACGTGG-1",4.79708045288446
"ATCCGAACAACAACCT-1",3.27380487312458
"ATCCGAACAAGGACTG-1",2.04387007589497
"ATCCGAACACCCATTC-1",3.71956039495431
"ATCCGAACACGGTAGA-1",4.85168506254562
"ATCCGAAGTAGCGCTC-1",7.18742106926047
"ATCCGAAGTCATTAGC-1",3.83121664709107
"ATCCGAAGTCTCTTAT-1",6.12657470522525
"ATCCGAATCCAACCAA-1",1.77325184657207
"ATCCGAATCCTTGACC-1",3.71956039495431
"ATCCGAATCTTGTCAT-1",6.90207565291244
"ATCGAGTAGACTTTCG-1",2.48600736536419
"ATCGAGTCATCCGGGT-1",3.34439649238596
"ATCGAGTGTCCCTTGT-1",5.77506498610346
"ATCGAGTGTCTCCCTA-1",3.56707024660423
"ATCGAGTTCATGCATG-1",3.25666605988123
"ATCGAGTTCCTGCCAT-1",2.48600736536419
"ATCTACTAGGTGTGGT-1",1.53937212158794
"ATCTACTCAGCTGTAT-1",7.78534121808684
"ATCTACTCAGTACACT-1",3.48511360190157
"ATCTACTCATGACATC-1",12.1702243045621
"ATCTACTGTAAGTAGT-1",9.19958561919137
"ATCTACTGTGTCGCTG-1",4.13479215337343
"ATCTACTTCCGCGTTT-1",2.72994818741849
"ATCTACTTCGCAAGCC-1",10.9880536380649
"ATCTACTTCTATCGCC-1",13.9513441878421
"ATCTACTTCTCTAAGG-1",5.68498069077501
"ATCTGCCAGGCTCAGA-1",11.2818513447439
"ATCTGCCGTACAGTTC-1",7.39649162448274
"ATCTGCCGTTGTGGAG-1",5.96430586566074
"ATCTGCCTCAGAGACG-1",9.64311545091175
"ATCTGCCTCAGCTGGC-1",3.48511360190157
"ATCTGCCTCGTACGGC-1",0
"ATCTGCCTCTCGAGTA-1",8.16747736009478
"ATCTGCCTCTGAGTGT-1",11.2818513447439
"ATCTGCCTCTTGTATC-1",5.73944051682724
"ATGAGGGAGGTCGGAT-1",10.8651681923108
"ATGAGGGCATGACGGA-1",8.50162519170221
"ATGAGGGCATTAGGCT-1",4.15867631931221
"ATGAGGGTCACATGCA-1",2.12196671391844
"ATGAGGGTCAGTCCCT-1",7.1505200402535
"ATGCGATAGTCAATAG-1",0
"ATGCGATCATGTTGAC-1",3.15015363920529
"ATGCGATGTGCAGTAG-1",2.69587412754802
"ATGCGATGTGCATCTA-1",0
"ATGCGATTCCCAAGAT-1",5.96430586566074
"ATGCGATTCGCCATAA-1",3.31007698422292
"ATGGGAGAGCAATATG-1",4.99552072357776
"ATGGGAGAGCCACGCT-1",5.62277990566271
"ATGGGAGAGGTGATAT-1",6.14023855175285
"ATGGGAGCACCAGGTC-1",11.8858437380315
"ATGGGAGCACTATCTT-1",3.32653534053755
"ATGGGAGCAGCATACT-1",10.3155731992959
"ATGGGAGCATAGAAAC-1",5.23637936851693
"ATGGGAGCATTACCTT-1",7.14191830807971
"ATGTGTGAGCGAAGGG-1",2.38795483309312
"ATGTGTGAGGGTTTCT-1",7.61602330774544
"ATGTGTGAGTTGAGTA-1",6.92866967743876
"ATGTGTGCACGGCGTT-1",7.84311475839772
"ATGTGTGCACGGTTTA-1",4.37962234355252
"ATGTGTGCAGTATAAG-1",8.47942920337098
"ATGTGTGTCACGCGGT-1",3.83121664709107
"ATTACTCAGATGTGTA-1",7.10528370869844
"ATTACTCAGCGTAATA-1",5.30636601528884
"ATTACTCAGGTGCACA-1",7.82776291229777
"ATTACTCAGTGAAGTT-1",3.96114509230149
"ATTACTCCAAACTGTC-1",9.96706074411712
"ATTACTCCACCATCCT-1",14.9176416591519
"ATTACTCCAGACTCGC-1",13.2744816400406
"ATTACTCCATATGCTG-1",1.65683308016806
"ATTACTCCATCGGTTA-1",2.12846078679514
"ATTACTCCATTGCGGC-1",3.89311809104911
"ATTACTCGTTAAAGAC-1",4.02049778707854
"ATTACTCTCCGAACGC-1",11.1604604510372
"ATTATCCAGAGTACCG-1",0
"ATTATCCAGCTTATCG-1",3.17420761267501
"ATTATCCCACAAGCCC-1",3.75356380978385
"ATTATCCCATATGAGA-1",0
"ATTATCCCATCTGGTA-1",6.34837500561548
"ATTATCCGTCGTTGTA-1",4.41261631897818
"ATTATCCGTCTCTCTG-1",7.89064035504066
"ATTATCCTCAACGGGA-1",7.61602330774544
"ATTATCCTCCGCGCAA-1",4.64864436443002
"ATTATCCTCTCCGGTT-1",2.53703559597309
"ATTCTACGTCACTTCC-1",3.34439649238596
"ATTCTACGTCTAGTCA-1",6.88602961158039
"ATTCTACGTTGTCGCG-1",9.12149816434243
"ATTGGACAGCAGATCG-1",5.76217000067006
"ATTGGACAGGGCATGT-1",5.30636601528884
"ATTGGACAGTGGACGT-1",3.71772248365925
"ATTGGACCAAGACACG-1",3.21937055104368
"ATTGGACGTAATAGCA-1",4.47557052231017
"ATTGGACTCCTGCTTG-1",6.77162670215705
"ATTGGACTCGGCGCAT-1",5.76217000067006
"ATTGGACTCGTTTGCC-1",7.81404113801097
"ATTGGTGAGAATGTTG-1",10.1950630889164
"ATTGGTGCAAGCTGAG-1",5.39538629360668
"ATTGGTGCAGCAGTTT-1",3.36316707945828
"ATTGGTGGTTGAGTTC-1",3.36316707945828
"ATTGGTGTCAAAGTAG-1",1.75402832933928
"ATTGGTGTCGGAAACG-1",3.27380487312458
"ATTTCTGAGGGATACC-1",3.96114509230149
"ATTTCTGAGGGATCTG-1",4.34796557134329
"ATTTCTGAGGTGTTAA-1",12.3014655502146
"ATTTCTGAGTCGAGTG-1",6.92866967743876
"ATTTCTGAGTTCGCAT-1",5.18626860878931
"ATTTCTGCAAGGTGTG-1",10.0467294378022
"ATTTCTGGTAGCTCCG-1",4.54420791505421
"ATTTCTGGTGCACGAA-1",1.35247189521277
"ATTTCTGGTTGCCTCT-1",6.79185573728244
"ATTTCTGTCAAAGTAG-1",7.56845332910159
"ATTTCTGTCAGCTCGG-1",4.15533805683384
"ATTTCTGTCTTGGGTA-1",10.6471767778642
"CAACCAAAGAAACGCC-1",10.0467294378022
"CAACCAAAGAGGGCTT-1",2.67777164136099
"CAACCAAAGCTGAAAT-1",8.77325132966973
"CAACCAAAGGACAGCT-1",10.1950630889164
"CAACCAAAGGGAGTAA-1",1.40766922070462
"CAACCAACATACGCTA-1",2.53703559597309
"CAACCTCAGTAATCCC-1",4.13479215337343
"CAACCTCCAGACGCAA-1",9.50451367172852
"CAACCTCGTGAGTGAC-1",6.55076105656801
"CAACCTCGTTCCACGG-1",1.44096392305322
"CAACCTCTCATACGGT-1",3.48647480873811
"CAACCTCTCCGATATG-1",5.52848189113221
"CAACCTCTCCTTTACA-1",9.97349155674539
"CAACCTCTCTCTAGGA-1",0
"CAACTAGAGAATAGGG-1",6.39663133862317
"CAACTAGAGGATGCGT-1",9.09882665147123
"CAACTAGCACCATCCT-1",7.35919676317445
"CAACTAGCAGACTCGC-1",3.36316707945828
"CAACTAGCAGTTCATG-1",1.99240137735663
"CAACTAGGTACGCACC-1",9.50451367172852
"CAACTAGTCAGGCCCA-1",5.2878133652108
"CAAGAAAAGAAGGACA-1",6.29416201588487
"CAAGAAAAGACGCACA-1",5.38442448952093
"CAAGAAAAGGCCCTTG-1",1.99240137735663
"CAAGAAAAGGTGATAT-1",2.69587412754802
"CAAGAAAAGTCGATAA-1",6.5030372814038
"CAAGAAAAGTGGAGTC-1",11.8858437380315
"CAAGAAAAGTGTACCT-1",12.3182117249763
"CAAGAAACACGGTGTC-1",3.56707024660423
"CAAGAAATCTGCTTGC-1",9.3144694009356
"CAAGATCAGCTGAAAT-1",5.21434661948986
"CAAGATCGTAAGAGGA-1",6.0845720817978
"CAAGATCGTGCCTTGG-1",13.2037542165387
"CAAGATCTCAACACCA-1",4.15867631931221
"CAAGATCTCTCGATGA-1",2.04387007589497
"CAAGGCCAGGAGTCTG-1",1.40140761631585
"CAAGGCCAGGCTATCT-1",11.8858437380315
"CAAGGCCCACGGTAAG-1",8.87651802068367
"CAAGGCCCATGTTCCC-1",2.08594362943213
"CAAGGCCGTCCGTCAG-1",0
"CAAGGCCTCAACGGGA-1",0
"CAAGGCCTCCTTGACC-1",3.95090360138264
"CAAGGCCTCGTGACAT-1",3.58453211107078
"CAAGTTGAGACAGGCT-1",6.68621551137242
"CAAGTTGAGATGTCGG-1",6.70841368439423
"CAAGTTGAGCGTCAAG-1",5.03627065278419
"CAAGTTGAGCGTTTAC-1",4.23022705533103
"CAAGTTGCACATTAGC-1",12.4963591845996
"CAAGTTGCACGCTTTC-1",10.8221047318995
"CAAGTTGCACGGTGTC-1",7.30788570177483
"CAAGTTGCATTCTTAC-1",4.76322529749996
"CAAGTTGGTACTCAAC-1",2.38795483309312
"CAAGTTGGTCAGGACA-1",1.75402832933928
"CAAGTTGGTCGGCACT-1",1.96870960512912
"CAAGTTGTCAACGAAA-1",5.62990732215751
"CAAGTTGTCACCACCT-1",7.21712646029761
"CAAGTTGTCATTGCCC-1",7.9834476819303
"CAAGTTGTCGAATCCA-1",10.2926346470413
"CAAGTTGTCTACTTAC-1",11.9469361878144
"CACAAACAGGGCTCTC-1",1.60752067267123
"CACAAACAGGGCTTGA-1",5.79076334022128
"CACAAACAGTGACATA-1",12.3503404070456
"CACAAACCAACTGCGC-1",5.76217000067006
"CACAAACCAATAAGCA-1",3.25666605988123
"CACAAACCAATCAGAA-1",0
"CACAAACCACTTAACG-1",3.54333051875056
"CACAAACCATGAACCT-1",6.55380702503408
"CACAAACCATGGTCAT-1",5.6918263188071
"CACAAACGTCAACTGT-1",9.24360573753536
"CACAAACGTCAGAATA-1",5.69494143393013
"CACAAACTCTTCGGTC-1",7.14191830807971
"CACAAACTCTTGGGTA-1",9.3144694009356
"CACACAAAGCGACGTA-1",5.53641143315015
"CACACAAAGGGAGTAA-1",11.2818513447439
"CACACAACAAACGTGG-1",3.75356380978385
"CACACAACACATGACT-1",6.67537467085436
"CACACAACATCGATTG-1",1.77814034080982
"CACACAACATTGGGCC-1",8.83620410574047
"CACACAAGTACGACCC-1",6.68791488287143
"CACACAAGTCAGTGGA-1",5.6918263188071
"CACACAAGTCATCGGC-1",7.0617427290684
"CACACAAGTTTACTCT-1",1.50629793178557
"CACACAATCCACGTGG-1",1.95245287211938
"CACACAATCCACGTTC-1",8.24558506549659
"CACACAATCGGCGCAT-1",10.0467294378022
"CACACCTAGAGACTAT-1",0
"CACACCTAGGACATTA-1",1.95557205996705
"CACACCTAGTGTGAAT-1",12.3851539516109
"CACACCTCACTGAAGG-1",11.2391898278254
"CACACCTCATAGGATA-1",1.65683308016806
"CACACCTCATAGTAAG-1",3.02296819787208
"CACACCTCATTGGGCC-1",5.76217000067006
"CACACCTGTACAGCAG-1",7.0617427290684
"CACACCTGTACCGCTG-1",1.95870423781931
"CACACCTGTCCAAGTT-1",0
"CACACCTGTGGACGAT-1",10.3359764443726
"CACACCTGTGGTCTCG-1",1.56369446183241
"CACACCTTCATGTCTT-1",6.1053884079577
"CACACCTTCTGGCGAC-1",11.8858437380315
"CACACTCAGGGAAACA-1",5.72271124194982
"CACACTCCAACACCTA-1",2.19014490174816
"CACACTCCAAGGGTCA-1",5.69494143393013
"CACACTCGTGACGCCT-1",0
"CACACTCGTTTGTGTG-1",2.00731416038944
"CACAGGCAGCCATCGC-1",6.92975468482662
"CACAGGCAGGGATGGG-1",5.11425664668042
"CACAGGCCAAGAGTCG-1",1.75481895374561
"CACAGGCCAATGGAGC-1",1.86355644233966
"CACAGGCGTCTAGGTT-1",9.12149816434243
"CACAGGCGTTACGCGC-1",7.34703807636642
"CACAGGCTCGGGAGTA-1",5.57418914045727
"CACAGGCTCTATGTGG-1",5.2878133652108
"CACAGTAAGACGCAAC-1",1.95870423781931
"CACAGTAAGACGCACA-1",3.52262116280246
"CACAGTAAGTGGGCTA-1",3.928203126183
"CACAGTACAACTGGCC-1",6.58664664149359
"CACAGTACATCGGACC-1",5.2878133652108
"CACAGTAGTTCCATGA-1",6.4056543418187
"CACATAGAGCCCAATT-1",7.07510248693117
"CACATAGAGTGTACTC-1",5.27425730889253
"CACATAGCACTTCTGC-1",6.10538840795769
"CACATAGCAGGGTATG-1",9.09882665147123
"CACATAGTCCTTGCCA-1",0
"CACATAGTCGGCGCAT-1",3.41395851344092
"CACATTTAGCAGATCG-1",6.88602961158039
"CACATTTAGGGCACTA-1",8.24558506549659
"CACATTTCACGGCGTT-1",7.65191145657663
"CACATTTCATTACCTT-1",8.48730627014232
"CACATTTGTCGAACAG-1",0
"CACATTTGTGTTGAGG-1",5.61814274885758
"CACATTTTCCAGAGGA-1",1.77814034080982
"CACATTTTCCGCATCT-1",10.3359764443726
"CACATTTTCTACTATC-1",3.50177131541834
"CACATTTTCTGTGCAA-1",6.38792019841242
"CACCACTAGCCACGTC-1",4.64864436443002
"CACCACTAGTGGTAAT-1",7.1505200402535
"CACCACTAGTTACCCA-1",5.4931594399328
"CACCACTCAAGCCCAC-1",2.48600736536419
"CACCACTCAGTTCATG-1",7.77561792865003
"CACCACTGTTATTCTC-1",4.13479215337343
"CACCACTTCACCGGGT-1",7.08196018985779
"CACCACTTCGAATCCA-1",3.21937055104368
"CACCACTTCGACCAGC-1",0
"CACCACTTCTAACCGA-1",1.44096392305322
"CACCACTTCTTTAGTC-1",5.6918263188071
"CACCAGGCACATTAGC-1",6.4056543418187
"CACCAGGCACTGCCAG-1",5.89816811517585
"CACCAGGCATAAAGGT-1",3.02296819787208
"CACCAGGCATGAACCT-1",5.63891105330781
"CACCAGGGTGAAATCA-1",7.32448929871546
"CACCAGGGTGTTTGGT-1",9.59298163303723
"CACCAGGGTTATCACG-1",4.15867631931221
"CACCAGGTCATGTAGC-1",2.69587412754802
"CACCAGGTCTGCTTGC-1",3.58453211107078
"CACCTTGAGACTTGAA-1",6.45297025556619
"CACCTTGAGTCAATAG-1",1.65683308016806
"CACCTTGCAGGCGATA-1",10.6160405974265
"CACCTTGCATTCCTGC-1",10.2894946376713
"CACCTTGGTCATTAGC-1",6.92866967743876
"CACCTTGGTGATGTCT-1",3.8623488162987
"CACCTTGGTTATGTGC-1",1.38054700437752
"CACCTTGTCAACCATG-1",9.45276648418086
"CACCTTGTCATTATCC-1",4.3600628342493
"CACCTTGTCCAAAGTC-1",8.50162519170221
"CACCTTGTCTCACATT-1",11.5207635538761
"CACTCCAAGACAAGCC-1",7.53093400098082
"CACTCCAAGGTACTCT-1",3.42798336940827
"CACTCCACAATGGACG-1",4.23022705533103
"CACTCCAGTACATGTC-1",3.86782093899282
"CACTCCAGTTGTCGCG-1",6.00590612770826
"CACTCCATCAACACAC-1",3.50029438870154
"CACTCCATCCCAGGTG-1",2.69912134389714
"CAGAATCAGAAACCTA-1",9.5921599055613
"CAGAATCAGCCAACAG-1",7.88886517737829
"CAGAATCAGCTGGAAC-1",3.48143869353403
"CAGAATCAGGACTGGT-1",3.53829090333527
"CAGAATCAGTATCGAA-1",5.44925585857813
"CAGAATCCACAGAGGT-1",7.7061896548644
"CAGAATCCAGGGTACA-1",9.2427844033008
"CAGAATCGTAAGTGTA-1",5.2950099336312
"CAGAATCGTAATCACC-1",13.765435459661
"CAGAATCTCAGTTTGG-1",4.15224823631739
"CAGAATCTCGCAAGCC-1",5.21434661948986
"CAGAATCTCGGTCCGA-1",1.44096392305322
"CAGAATCTCTTGCAAG-1",2.00731416038944
"CAGAATCTCTTGTACT-1",4.07843332103618
"CAGAGAGAGAATTGTG-1",3.32653534053755
"CAGAGAGAGCAATATG-1",3.91023037897304
"CAGAGAGCAAGAAGAG-1",9.59298163303723
"CAGAGAGCACCAGATT-1",0
"CAGAGAGGTAATCACC-1",11.2818513447439
"CAGAGAGGTAGCTGCC-1",2.08594362943213
"CAGAGAGGTAGGACAC-1",4.99552072357776
"CAGAGAGGTATAGGGC-1",7.60159221010536
"CAGAGAGGTCCGAATT-1",1.77814034080982
"CAGAGAGGTTGAGGTG-1",1.78429860398032
"CAGAGAGTCACCCGAG-1",0
"CAGAGAGTCATAACCG-1",5.77506498610346
"CAGAGAGTCCGAACGC-1",6.00590612770826
"CAGAGAGTCTGGTATG-1",13.765435459661
"CAGATCAAGAGACGAA-1",0
"CAGATCAAGCACCGTC-1",5.97879038175326
"CAGATCAAGCTTCGCG-1",3.96111098248575
"CAGATCAAGGATTCGG-1",0
"CAGATCAAGTGTACCT-1",6.90207565291245
"CAGATCAAGTTTAGGA-1",9.65185161523759
"CAGATCACAATAACGA-1",6.67537467085436
"CAGATCACACACCGAC-1",2.12846078679514
"CAGATCACACGGTAAG-1",1.95245287211938
"CAGATCACACTCTGTC-1",5.3547628252515
"CAGATCACAGCATACT-1",7.39104465095673
"CAGATCACAGTGGGAT-1",13.9513441878421
"CAGATCAGTACCAGTT-1",3.89311809104911
"CAGATCAGTGCGGTAA-1",8.12379123248519
"CAGATCATCTGATTCT-1",8.87651802068367
"CAGCAGCAGATGCCAG-1",5.76217000067006
"CAGCAGCAGGGAACGG-1",3.95090360138264
"CAGCAGCCACCTATCC-1",4.37215009581792
"CAGCAGCCATCACAAC-1",10.1950630889164
"CAGCAGCTCAACACTG-1",9.3144694009356
"CAGCAGCTCGAACTGT-1",5.84572526276284
"CAGCAGCTCGCCGTGA-1",0
"CAGCATAAGAGACGAA-1",4.59971302868139
"CAGCATAGTCTAGGTT-1",1.47641779932178
"CAGCATAGTTTACTCT-1",5.79076334022128
"CAGCATATCACGAAGG-1",2.08594362943213
"CAGCATATCAGGCAAG-1",0
"CAGCATATCCTTAATC-1",7.34703807636642
"CAGCCGAAGCATCATC-1",7.56845332910159
"CAGCCGAAGTTTCCTT-1",9.12149816434243
"CAGCCGACACGTGAGA-1",2.69912134389714
"CAGCCGACATCAGTCA-1",5.23637936851693
"CAGCCGAGTGATGTCT-1",6.90207565291245
"CAGCCGATCACCAGGC-1",10.7517121820549
"CAGCCGATCCTCAATT-1",5.63803698246595
"CAGCGACAGAAACGCC-1",6.0845720817978
"CAGCGACAGCGTCAAG-1",3.27380487312458
"CAGCGACCAAACGTGG-1",5.14567732038316
"CAGCGACCAAAGCGGT-1",12.1702243045621
"CAGCGACCACGTCAGC-1",5.2878133652108
"CAGCGACCATGGGACA-1",5.07156539144019
"CAGCGACGTCTGATTG-1",12.6771554324641
"CAGCGACGTGGACGAT-1",9.3144694009356
"CAGCGACGTGGTTTCA-1",8.61718289949537
"CAGCGACGTTCGGCAC-1",6.5030372814038
"CAGCGACTCCGCAAGC-1",1.77814034080982
"CAGCGACTCTGGGCCA-1",5.81280549031889
"CAGCTAAAGATGTGTA-1",7.82776291229777
"CAGCTAAAGCAGACTG-1",7.18742106926047
"CAGCTAAAGCTGTTCA-1",7.80330794552582
"CAGCTAAAGGAGCGTT-1",5.42760396329173
"CAGCTAACACAGATTC-1",5.34268354817262
"CAGCTAACATCAGTAC-1",7.61602330774544
"CAGCTAAGTAATCGTC-1",5.33185251505559
"CAGCTAAGTCTCACCT-1",5.2950099336312
"CAGCTAAGTTCGTCTC-1",7.10528370869844
"CAGCTAATCCACGCAG-1",9.97349155674539
"CAGCTAATCCCTAACC-1",0
"CAGCTAATCTGGTTCC-1",0
"CAGCTAATCTTAGCCC-1",9.64976494865206
"CAGCTAATCTTCGGTC-1",12.0142796478696
"CAGCTGGAGACACTAA-1",3.59115792893429
"CAGCTGGAGATCCTGT-1",7.56973243026395
"CAGCTGGCACCAACCG-1",3.48143869353403
"CAGCTGGCAGTGGAGT-1",10.5424588721992
"CAGCTGGCATGCATGT-1",7.10528370869844
"CAGCTGGTCTACCTGC-1",10.0467294378022
"CAGGTGCAGAGACGAA-1",8.7427849281919
"CAGGTGCAGATCCTGT-1",8.6856611211518
"CAGGTGCAGGCATGTG-1",0
"CAGGTGCCAGGAACGT-1",8.24558506549659
"CAGGTGCCATAGTAAG-1",5.79076334022128
"CAGGTGCCATCGGAAG-1",5.97879038175326
"CAGGTGCTCAGTTGAC-1",7.39649162448274
"CAGGTGCTCCAAGTAC-1",0
"CAGGTGCTCTTGTATC-1",4.10787570896725
"CAGTAACAGATATGGT-1",1.95870423781931
"CAGTAACAGATGGCGT-1",7.42594950388995
"CAGTAACCAATCACAC-1",1.65683308016806
"CAGTAACCACTCGACG-1",3.02296819787208
"CAGTAACGTGATAAGT-1",1.63056832072081
"CAGTAACGTGCACCAC-1",3.83370995822109
"CAGTAACTCAGAGGTG-1",13.3756094351358
"CAGTAACTCGTACGGC-1",7.82776291229777
"CAGTAACTCGTGACAT-1",0
"CAGTAACTCTGCCAGG-1",5.70739597888341
"CAGTCCTAGAATCTCC-1",5.25659026916396
"CAGTCCTAGATCTGCT-1",8.78348967468754
"CAGTCCTCAGTATAAG-1",7.6305017681519
"CAGTCCTTCAACACGT-1",3.4418374456166
"CAGTCCTTCCATGAGT-1",3.47866908836239
"CAGTCCTTCCCGACTT-1",5.23637936851693
"CAGTCCTTCCCTTGTG-1",9.12149816434243
"CAGTCCTTCGAACGGA-1",4.34612248005566
"CAGTCCTTCGGTTCGG-1",0
"CAGTCCTTCTACTTAC-1",5.81243360672453
"CATATGGAGAGATGAG-1",1.86355644233966
"CATATGGAGGCATGGT-1",5.81280549031889
"CATATGGAGTATTGGA-1",3.31007698422292
"CATATGGCAAGCGTAG-1",10.3359764443726
"CATATGGGTCGCATAT-1",0
"CATATGGTCATTATCC-1",0
"CATATGGTCATTGCGA-1",5.72271124194982
"CATATTCCACCACCAG-1",2.12196671391844
"CATATTCGTGACTACT-1",1.52066335423564
"CATATTCGTGGTACAG-1",0
"CATATTCGTGTGACGA-1",1.8293964807525
"CATATTCTCACAGGCC-1",7.93497631166563
"CATATTCTCGCAAACT-1",0
"CATCAAGAGAACTCGG-1",0
"CATCAAGAGATGGCGT-1",0
"CATCAAGAGCCGCCTA-1",1.66547124153566
"CATCAAGCACGAAACG-1",4.47557052231017
"CATCAAGCAGCCTTTC-1",3.8209639293156
"CATCAAGCATGGAATA-1",7.20476268540476
"CATCAAGGTTACTGAC-1",8.23329671199618
"CATCAAGGTTCCATGA-1",4.99552072357776
"CATCAAGTCTAAGCCA-1",9.4106863587513
"CATCAAGTCTGACCTC-1",0
"CATCAGAAGCTAGTCT-1",11.6514362343584
"CATCAGACAAGCCATT-1",9.2427844033008
"CATCAGACAATGACCT-1",3.51880331684861
"CATCAGACACGGCCAT-1",4.06889551278487
"CATCAGACAGACAGGT-1",5.73011379968459
"CATCAGACATAACCTG-1",2.00731416038944
"CATCAGAGTAATTGGA-1",5.27958314361594
"CATCAGAGTACATGTC-1",7.35919676317445
"CATCAGAGTGTTAAGA-1",3.96111098248575
"CATCAGAGTTCAACCA-1",1.44096392305322
"CATCAGATCGTTGACA-1",3.48817020894406
"CATCCACGTAAAGTCA-1",10.6379591133616
"CATCCACGTACCGTAT-1",7.34703807636642
"CATCCACGTGCCTGTG-1",4.89492399696996
"CATCCACGTTTAAGCC-1",3.32609161527608
"CATCGAAAGAGTACAT-1",2.69296763747257
"CATCGAAAGCTGTCTA-1",1.44096392305322
"CATCGAACAAGAGGCT-1",4.64290426344978
"CATCGAACAAGCTGAG-1",1.86355644233966
"CATCGAACACATTTCT-1",5.76589846667747
"CATCGAACATAAAGGT-1",5.62277990566271
"CATCGAAGTAGTACCT-1",5.39349489647015
"CATCGAAGTCCGACGT-1",4.02049778707854
"CATCGAAGTGCACTTA-1",3.25666605988123
"CATCGAATCAAACCAC-1",7.47744190815477
"CATCGAATCCGCGGTA-1",5.90538458394784
"CATCGAATCCGTAGTA-1",4.7804167812966
"CATCGGGAGAAGCCCA-1",0
"CATCGGGAGCGAGAAA-1",12.35659338461
"CATCGGGAGGGTGTGT-1",6.14023855175285
"CATCGGGAGGTGTTAA-1",7.32448929871546
"CATCGGGAGTGACTCT-1",5.69494143393013
"CATCGGGCACTCAGGC-1",8.94655397585117
"CATCGGGCAGACGCTC-1",3.71956039495431
"CATCGGGCATCACAAC-1",6.5030372814038
"CATCGGGGTCCTCTTG-1",7.13499437620792
"CATCGGGGTGAGGGAG-1",5.21581799888008
"CATCGGGGTTCGAATC-1",3.96111098248575
"CATCGGGTCAGGATCT-1",6.96108633409199
"CATCGGGTCCACGAAT-1",0
"CATCGGGTCGATGAGG-1",8.6856611211518
"CATGACAAGACCACGA-1",1.75402832933928
"CATGACAAGCTCCTCT-1",0
"CATGACAAGTAACCCT-1",4.34612248005566
"CATGACAAGTATCTCG-1",1.60752067267123
"CATGACAGTCGTCTTC-1",3.51880331684861
"CATGACAGTGAACCTT-1",5.11425664668042
"CATGACATCAATAAGG-1",6.89082773386031
"CATGACATCTAACTGG-1",4.54420791505421
"CATGCCTAGACCTAGG-1",3.4418374456166
"CATGCCTAGAGTCTGG-1",2.38795483309312
"CATGCCTCACCACCAG-1",6.55508825956769
"CATGCCTGTCAAAGCG-1",5.3547628252515
"CATGCCTGTCGATTGT-1",5.34268354817262
"CATGCCTTCCACGACG-1",7.61602330774544
"CATGCCTTCCTCATTA-1",7.5010836747093
"CATGCCTTCGCATGAT-1",2.48600736536419
"CATGGCGAGAGCTGGT-1",5.77712596514009
"CATGGCGAGTACGACG-1",2.14493407592794
"CATGGCGTCCAAAGTC-1",10.5611452875497
"CATGGCGTCCCTTGTG-1",9.59298163303723
"CATGGCGTCGGCCGAT-1",6.2954495261643
"CATGGCGTCTCAAACG-1",5.23637936851693
"CATGGCGTCTGCCCTA-1",7.11799621285217
"CATTATCAGACCCACC-1",4.79708045288446
"CATTATCAGTCCCACG-1",4.23022705533103
"CATTATCCAAGTCTGT-1",7.13499437620792
"CATTATCCAGGGCATA-1",1.77814034080982
"CATTATCGTCAATGTC-1",10.6381874092645
"CATTATCTCACAAACC-1",7.47744190815477
"CATTATCTCAGATAAG-1",9.97349155674539
"CATTATCTCGCGTTTC-1",2.38795483309312
"CATTATCTCGTTGCCT-1",3.15015363920529
"CATTATCTCTATCCCG-1",9.59483285287296
"CATTATCTCTTAACCT-1",5.23637936851693
"CATTCGCAGGTGCTAG-1",0
"CATTCGCCAAGGGTCA-1",1.56879010773368
"CATTCGCCAGCCTATA-1",5.57418914045727
"CATTCGCCATACAGCT-1",10.9880536380649
"CATTCGCCATGGATGG-1",5.2950099336312
"CATTCGCCATGTCTCC-1",7.39104465095673
"CATTCGCCATTCACTT-1",1.44096392305322
"CATTCGCGTAGCACGA-1",9.59298163303723
"CATTCGCTCATCACCC-1",3.58071142934313
"CCAATCCAGACCACGA-1",1.97136480093404
"CCAATCCAGATATGGT-1",4.34612248005566
"CCAATCCAGTCGAGTG-1",2.08594362943213
"CCAATCCAGTCGTTTG-1",9.20986212728586
"CCAATCCAGTTTAGGA-1",0
"CCAATCCCAAGCGAGT-1",7.8652941674624
"CCAATCCTCGGACAAG-1",1.50629793178557
"CCACCTAAGGATGGTC-1",7.26063966705362
"CCACCTAAGTCGAGTG-1",5.58529322023939
"CCACCTAAGTGGGATC-1",4.15867631931221
"CCACCTAAGTGTGGCA-1",4.06889551278487
"CCACCTACAACAACCT-1",3.87995036260572
"CCACCTACAAGCCGCT-1",0
"CCACCTACAATCTACG-1",3.48647480873811
"CCACCTAGTAGTACCT-1",5.23637936851693
"CCACCTAGTCGCGTGT-1",0
"CCACCTAGTGGGTCAA-1",1.95245287211938
"CCACCTATCAGTTGAC-1",5.63803698246595
"CCACCTATCTGATACG-1",0
"CCACGGAAGGGAACGG-1",4.90246516585261
"CCACGGACATGTCGAT-1",6.65105023247416
"CCACGGAGTAAGGGCT-1",8.83620410574047
"CCACGGAGTCAGATAA-1",8.65587862883769
"CCACGGAGTCCGTGAC-1",2.69296763747257
"CCACGGAGTGTAATGA-1",6.79185573728244
"CCACGGAGTTCTGAAC-1",5.73011379968459
"CCACGGATCACATAGC-1",3.86782093899282
"CCACGGATCCACGTGG-1",5.76589846667747
"CCACGGATCTACTATC-1",7.58946055152887
"CCACGGATCTAGAGTC-1",5.2950099336312
"CCACTACAGAGTACCG-1",9.30913672410699
"CCACTACAGCTTTGGT-1",11.2818513447439
"CCACTACCAGCAGTTT-1",0
"CCACTACCAGTAGAGC-1",0
"CCACTACGTCCGAATT-1",4.37215009581792
"CCACTACGTCTCAACA-1",4.02049778707854
"CCACTACGTGACAAAT-1",4.76322529749996
"CCACTACGTGACCAAG-1",7.77561792865003
"CCACTACGTGCACGAA-1",9.89117188014561
"CCACTACTCACTCTTA-1",6.97172705577149
"CCACTACTCCGCATCT-1",10.4000056901058
"CCACTACTCGGAAATA-1",3.18761760774577
"CCACTACTCTCGTATT-1",0
"CCACTACTCTCGTTTA-1",10.0467294378022
"CCAGCGAAGCCCAACC-1",7.40358562120977
"CCAGCGACATCGGGTC-1",1.47641779932178
"CCAGCGACATGTCCTC-1",3.42798336940827
"CCAGCGAGTAGGCATG-1",2.08594362943213
"CCAGCGAGTCCGTTAA-1",6.1053884079577
"CCAGCGATCAGAAATG-1",8.44309837529573
"CCATGTCAGCGATCCC-1",12.3549548130067
"CCATGTCAGGTCGGAT-1",5.92381102735366
"CCATGTCAGGTTACCT-1",6.29416201588487
"CCATGTCCAAGCTGGA-1",4.37215009581792
"CCATGTCCACATCCGG-1",3.53829090333527
"CCATGTCGTCCAGTAT-1",7.66227402288718
"CCATGTCTCCAAGTAC-1",6.2954495261643
"CCATGTCTCTTGTATC-1",10.3359764443726
"CCATTCGCAGTACACT-1",6.4056543418187
"CCATTCGCAGTTTACG-1",0
"CCATTCGGTAATCGTC-1",9.09882665147123
"CCATTCGGTATTACCG-1",8.87651802068367
"CCCAATCAGTCACGCC-1",7.30788570177483
"CCCAATCCAGGTGGAT-1",6.67537467085436
"CCCAATCGTGAAGGCT-1",7.61602330774544
"CCCAATCGTTGGAGGT-1",8.70338779504307
"CCCAATCTCACATGCA-1",2.12196671391844
"CCCAATCTCCAGTATG-1",4.15867631931221
"CCCAATCTCGGAGCAA-1",1.77814034080982
"CCCAGTTAGAATAGGG-1",0
"CCCAGTTAGATCCCGC-1",11.8059135993419
"CCCAGTTAGCGTGAAC-1",0
"CCCAGTTAGGAATCGC-1",5.18784202315013
"CCCAGTTAGTCCGGTC-1",7.13499437620792
"CCCAGTTAGTTTGCGT-1",0
"CCCAGTTGTACATGTC-1",3.22588955392947
"CCCAGTTGTCTGCAAT-1",5.51709788003403
"CCCAGTTTCTGAAAGA-1",2.69587412754802
"CCCATACAGGGTTCCC-1",1.95245287211938
"CCCATACAGTGTTTGC-1",5.33185251505559
"CCCATACCAAAGGTGC-1",0
"CCCATACCAACACCCG-1",5.57418914045727
"CCCATACCAGCAGTTT-1",5.57418914045727
"CCCATACGTATTACCG-1",7.9834476819303
"CCCATACGTCAATACC-1",9.48133489069748
"CCCATACGTCTAGTCA-1",10.0467294378022
"CCCATACGTTGAGTTC-1",11.9469361878144
"CCCATACTCAATAAGG-1",5.62990732215751
"CCCATACTCAGCGACC-1",3.34439649238596
"CCCATACTCATCACCC-1",5.76217000067006
"CCCATACTCCGTAGGC-1",7.9834476819303
"CCCTCCTAGGAATCGC-1",4.89492399696996
"CCCTCCTCAGCTTAAC-1",7.0617427290684
"CCCTCCTCATATGAGA-1",0
"CCCTCCTCATCACGTA-1",9.64976494865206
"CCCTCCTGTATGGTTC-1",6.98933556947808
"CCCTCCTGTTAGATGA-1",8.7427849281919
"CCCTCCTTCAATCACG-1",5.27425730889253
"CCCTCCTTCCGCAGTG-1",10.4000056901058
"CCGGGATAGCTTCGCG-1",4.11218343896977
"CCGGGATAGGCGACAT-1",5.75621450378788
"CCGGGATAGGCTAGGT-1",6.70841368439423
"CCGGGATCACAGTCGC-1",1.53592988927468
"CCGGGATGTATAGGTA-1",10.8230914790654
"CCGGGATTCAGAGCTT-1",8.50162519170221
"CCGGGATTCGCTAGCG-1",1.78429860398032
"CCGGGATTCGCTTGTC-1",3.17420761267501
"CCGGTAGAGCGTCTAT-1",6.97172705577149
"CCGGTAGAGTACGCCC-1",5.24386012929882
"CCGGTAGCACATAACC-1",4.3600628342493
"CCGGTAGCACGCATCG-1",7.0914788674984
"CCGGTAGGTACTTCTT-1",8.52246166279924
"CCGGTAGGTCAAACTC-1",5.44800361019559
"CCGGTAGTCGTCCGTT-1",5.04917294947631
"CCGTACTAGAGAACAG-1",3.36316707945828
"CCGTACTAGTCCGTAT-1",5.76217000067006
"CCGTACTCAAGCCCAC-1",5.13098285417694
"CCGTACTCAAGCGAGT-1",0
"CCGTACTCATCCCACT-1",1.95245287211938
"CCGTACTGTACAGCAG-1",0
"CCGTACTGTGCGGTAA-1",3.96114509230149
"CCGTACTTCGTTACAG-1",5.76217000067006
"CCGTGGAAGACGCACA-1",4.64864436443002
"CCGTGGAAGAGTTGGC-1",9.96706074411712
"CCGTGGAAGGTGATAT-1",4.68690712077616
"CCGTGGAAGGTTCCTA-1",9.3144694009356
"CCGTGGACAGCCTTGG-1",7.6305017681519
"CCGTGGAGTTCCATGA-1",8.66286938793652
"CCGTGGATCTAACTTC-1",7.60159221010536
"CCGTTCAAGCGTAATA-1",8.43710297276653
"CCGTTCAAGTACGATA-1",0
"CCGTTCAAGTAGATGT-1",3.75356380978385
"CCGTTCACAGGATCGA-1",3.40774553357898
"CCGTTCAGTATAGGGC-1",5.96430586566074
"CCGTTCAGTCGCGAAA-1",2.08594362943213
"CCGTTCATCGTACCGG-1",5.41320224655064
"CCTAAAGAGAGTTGGC-1",4.90246516585261
"CCTAAAGCAAACCTAC-1",3.69985387720874
"CCTAAAGCATGTCTCC-1",0
"CCTAAAGGTACTCAAC-1",6.98933556947808
"CCTAAAGGTCGGCACT-1",12.3182117249763
"CCTAAAGGTGTAATGA-1",1.47641779932178
"CCTAAAGTCACCGTAA-1",5.81280549031889
"CCTAAAGTCAGCGATT-1",4.97232870457883
"CCTAAAGTCGGCGCTA-1",9.14139809149784
"CCTAAAGTCGGTCCGA-1",7.35919676317445
"CCTACACAGGACCACA-1",6.67537467085436
"CCTACACAGGGTGTTG-1",10.7483195163415
"CCTACACCAGTAAGAT-1",0
"CCTACACGTATAGTAG-1",3.36316707945828
"CCTACACGTCCGAACC-1",2.67609516007899
"CCTACACGTGGGTCAA-1",9.23706146853446
"CCTACACGTTTGACTG-1",6.90207565291245
"CCTACACTCGGCGCTA-1",9.51827656187159
"CCTACACTCGTGACAT-1",9.60801023467292
"CCTACCAAGATAGGAG-1",8.44309837529573
"CCTACCAAGCAAATCA-1",3.83121664709107
"CCTACCAAGCGTAGTG-1",5.58161494483355
"CCTACCAAGTGCGATG-1",10.5940429921368
"CCTACCAGTATCAGTC-1",3.71956039495431
"CCTACCAGTCTCTCTG-1",5.67162197269374
"CCTACCAGTCTTTCAT-1",6.67537467085436
"CCTACCATCAGCACAT-1",7.83501054669812
"CCTACCATCGCCAGCA-1",4.79708045288446
"CCTAGCTAGCAAATCA-1",0
"CCTAGCTAGCTCCTCT-1",4.37215009581792
"CCTAGCTAGGTTACCT-1",4.15224823631739
"CCTAGCTAGTACGCGA-1",3.87995036260572
"CCTAGCTCAATGAATG-1",9.24360573753536
"CCTAGCTCAATGGTCT-1",3.27380487312458
"CCTAGCTCACATCCAA-1",3.87995036260572
"CCTAGCTCAGCCAGAA-1",0
"CCTAGCTGTAGAAAGG-1",1.56369446183241
"CCTAGCTGTCACCCAG-1",3.86782093899282
"CCTAGCTGTCTGATTG-1",6.32309269663373
"CCTAGCTTCACGATGT-1",14.1608458399715
"CCTAGCTTCGTAGGAG-1",9.64976494865206
"CCTATTAAGAATTCCC-1",2.67609516007899
"CCTATTAAGCAGGCTA-1",12.3503404070456
"CCTATTAAGCAGGTCA-1",4.37215009581792
"CCTATTAAGGGAGTAA-1",6.00590612770826
"CCTATTAAGGTAGCCA-1",9.14139809149784
"CCTATTACACAACTGT-1",8.43710297276653
"CCTATTACACATCCGG-1",0
"CCTATTAGTCAATACC-1",0
"CCTATTATCATCACCC-1",3.06023494760362
"CCTATTATCTGCGACG-1",7.13499437620792
"CCTCAGTAGCTAACTC-1",12.2947094338605
"CCTCAGTCAGGTGGAT-1",5.81280549031889
"CCTCAGTGTCCATCCT-1",6.39775041964601
"CCTCAGTGTCCGACGT-1",0
"CCTCAGTGTCTTGTCC-1",6.34837500561548
"CCTCAGTGTGGGTATG-1",5.76217000067006
"CCTCTGAAGTATCGAA-1",5.78698618254034
"CCTCTGAAGTGGGTTG-1",2.00731416038944
"CCTCTGACAAGCTGTT-1",11.4887645051913
"CCTCTGACACCGATAT-1",12.3503404070456
"CCTCTGACAGATGAGC-1",9.8338008839351
"CCTCTGAGTCAATACC-1",4.68690712077616
"CCTCTGAGTCCGAACC-1",1.65683308016806
"CCTCTGAGTCGTGGCT-1",1.60752067267123
"CCTCTGAGTCTGATTG-1",2.08594362943213
"CCTTACGCAAGCGTAG-1",1.56879010773368
"CCTTACGCACCAACCG-1",0
"CCTTACGGTCATCCCT-1",1.95245287211938
"CCTTACGGTCCTCTTG-1",3.51880331684861
"CCTTACGTCACAACGT-1",6.55380702503408
"CCTTACGTCATCTGCC-1",1.40140761631585
"CCTTACGTCGGAGGTA-1",10.1950630889164
"CCTTCCCAGAGACTAT-1",12.7130073277035
"CCTTCCCAGCTAGGCA-1",2.38795483309312
"CCTTCCCAGGACGAAA-1",3.83121664709107
"CCTTCCCAGGGCATGT-1",1.98749471708216
"CCTTCCCAGGTACTCT-1",1.86355644233966
"CCTTCCCCATGATCCA-1",3.51880331684861
"CCTTCCCTCAAGGCTT-1",2.53703559597309
"CCTTCCCTCTATCCTA-1",8.44521007740639
"CCTTCCCTCTATCGCC-1",4.99552072357776
"CCTTCGAAGGCGCTCT-1",7.20416010924018
"CCTTCGACAACACCCG-1",6.79185573728244
"CCTTCGACAGCGATCC-1",6.30159970563
"CCTTCGAGTAAGCACG-1",0
"CCTTCGAGTCCATGAT-1",8.43710297276653
"CCTTCGAGTGTGACCC-1",5.73011379968459
"CCTTCGAGTTGGTGGA-1",8.50162519170221
"CCTTCGATCACAGTAC-1",5.11425664668042
"CCTTCGATCCTATGTT-1",1.47641779932178
"CCTTCGATCGCACTCT-1",10.5611452875497
"CCTTTCTAGACGCTTT-1",1.52066335423564
"CCTTTCTAGGGCACTA-1",10.7988861203003
"CCTTTCTAGTGGAGTC-1",8.94981912800743
"CCTTTCTCAGACAAGC-1",6.24333119102043
"CCTTTCTCATCACGAT-1",9.24360573753536
"CCTTTCTCATGCCCGA-1",4.64864436443002
"CCTTTCTTCCCACTTG-1",13.2969608698298
"CCTTTCTTCTTTACGT-1",11.5207635538761
"CGAACATCACATGACT-1",6.23532092144995
"CGAACATCACTTGGAT-1",10.5940429921368
"CGAACATCAGTCCTTC-1",1.77814034080982
"CGAACATGTCTGATTG-1",1.99240137735663
"CGAACATGTGCTGTAT-1",5.69494143393013
"CGAACATTCTCAAACG-1",7.08196018985779
"CGAATGTAGAGGTTAT-1",6.2954495261643
"CGAATGTAGCGATAGC-1",3.96114509230149
"CGAATGTAGTTCGCAT-1",3.38755574026458
"CGAATGTCAATGCCAT-1",4.23022705533103
"CGAATGTGTCTAGTCA-1",5.69494143393013
"CGAATGTGTCTCACCT-1",7.13708088733109
"CGAATGTTCAACACAC-1",1.8293964807525
"CGAATGTTCATCACCC-1",6.14023855175285
"CGAATGTTCTGTACGA-1",4.79708045288446
"CGACCTTAGCTACCGC-1",6.90207565291245
"CGACCTTAGCTAGTCT-1",12.8767760667964
"CGACCTTCAAAGTGCG-1",7.88886517737829
"CGACCTTCACGAAATA-1",2.08594362943213
"CGACCTTGTAAGTGTA-1",3.38755574026458
"CGACCTTGTCAGAATA-1",3.36316707945828
"CGACCTTGTCTCCCTA-1",0
"CGACCTTGTCTCTTAT-1",5.57418914045727
"CGACCTTTCCGCGTTT-1",8.84430615061611
"CGACCTTTCGTTTATC-1",1.75402832933928
"CGACCTTTCTCCAGGG-1",0
"CGACTTCAGACACGAC-1",6.23532092144995
"CGACTTCAGGTAGCCA-1",7.60159221010536
"CGACTTCAGTCTTGCA-1",9.19958561919137
"CGACTTCCAATGGACG-1",4.37215009581792
"CGACTTCGTGGTGTAG-1",2.67609516007899
"CGACTTCGTTGAGTTC-1",1.38054700437752
"CGACTTCTCACTTACT-1",11.5608349443747
"CGACTTCTCTCGCTTG-1",2.69587412754802
"CGAGAAGAGAAACGCC-1",6.8629059795676
"CGAGAAGAGCCAACAG-1",5.06044931827788
"CGAGAAGAGCGTGTCC-1",6.11935652910817
"CGAGAAGCAAGTTCTG-1",7.61602330774544
"CGAGAAGCACATCCGG-1",8.50162519170221
"CGAGAAGCAGGCTGAA-1",4.02049778707854
"CGAGAAGTCGGATGGA-1",9.40452754094878
"CGAGCACAGCCAGAAC-1",3.58071142934313
"CGAGCACCACATGTGT-1",0
"CGAGCACGTAGCGTCC-1",8.65587862883769
"CGAGCACGTAGCGTGA-1",7.9834476819303
"CGAGCACGTCAGATAA-1",12.0781772836021
"CGAGCACGTGCCTTGG-1",4.76322529749996
"CGAGCACTCCCGGATG-1",7.47744190815477
"CGAGCACTCCGCTGTT-1",1.99240137735663
"CGAGCACTCGTGACAT-1",3.87995036260572
"CGAGCCAAGCTAGCCC-1",6.2954495261643
"CGAGCCAGTATATCCG-1",8.50162519170221
"CGAGCCAGTCAAGCGA-1",8.65587862883769
"CGATCGGAGAGCCTAG-1",2.69296763747257
"CGATCGGAGTACGATA-1",5.58529322023939
"CGATCGGCAAACGCGA-1",10.3495123583712
"CGATCGGCAAGCGATG-1",1.65683308016806
"CGATCGGCAATACGCT-1",5.6918263188071
"CGATCGGCAGTTAACC-1",6.98933556947808
"CGATCGGCATACTCTT-1",3.83121664709107
"CGATCGGGTCGACTGC-1",9.70840831018636
"CGATCGGTCAACGGGA-1",11.2818513447439
"CGATCGGTCTAGCACA-1",10.6381874092645
"CGATGGCAGCCGTCGT-1",7.82776291229777
"CGATGGCAGTCCAGGA-1",3.83370995822109
"CGATGGCCACTTAACG-1",4.96674994953599
"CGATGGCCAGCGTAAG-1",11.2391898278254
"CGATGGCCATCATCCC-1",3.27380487312458
"CGATGGCTCCTAGAAC-1",7.60159221010536
"CGATGGCTCGCTAGCG-1",8.16172723645592
"CGATGGCTCTGACCTC-1",1.7360849798154
"CGATGTAAGGCAATTA-1",4.46011725841072
"CGATGTAAGTTTGCGT-1",0
"CGATGTACACAGGCCT-1",0
"CGATGTACAGGTCTCG-1",3.58870521580858
"CGATGTAGTCCAGTGC-1",4.58456069389216
"CGATGTAGTCTAGGTT-1",5.39538629360668
"CGATGTAGTGTGCCTG-1",5.50173159100027
"CGATGTAGTTTGCATG-1",3.52262116280246
"CGATTGAAGATGTGGC-1",5.76589846667747
"CGATTGACAGACGCAA-1",7.18742106926047
"CGATTGAGTATGGTTC-1",6.39775041964601
"CGATTGAGTTCAGACT-1",7.77561792865003
"CGATTGATCATGGTCA-1",2.23062151051123
"CGATTGATCTGCGGCA-1",2.08594362943213
"CGCCAAGAGAATGTTG-1",9.12149816434243
"CGCCAAGAGACCTTTG-1",11.5207635538761
"CGCCAAGAGATCGGGT-1",8.87651802068367
"CGCCAAGAGATCTGAA-1",10.6381874092645
"CGCCAAGAGCGTGTCC-1",4.92343417465678
"CGCCAAGGTCTAGGTT-1",8.84430615061611
"CGCCAAGTCAGGATCT-1",6.39775041964601
"CGCCAAGTCCACTCCA-1",12.0142796478696
"CGCCAAGTCTTGTTTG-1",1.95245287211938
"CGCGGTAAGCTAGCCC-1",7.62713091819931
"CGCGGTAAGGGTTCCC-1",6.89082773386031
"CGCGGTACAAACTGCT-1",5.58529322023939
"CGCGGTACAATGGAAT-1",7.0617427290684
"CGCGGTACAGCTGTTA-1",1.50629793178557
"CGCGGTAGTCAAGCGA-1",3.96111098248575
"CGCGGTAGTGAGGCTA-1",5.53641143315015
"CGCGGTAGTTTGCATG-1",9.20986212728586
"CGCGTTTAGTTATCGC-1",1.75402832933928
"CGCGTTTCAACAACCT-1",4.90246516585261
"CGCGTTTCAAGCGAGT-1",5.63085168453051
"CGCGTTTCAATGGACG-1",3.4418374456166
"CGCGTTTCACGGTGTC-1",3.58870521580858
"CGCGTTTGTGCTGTAT-1",8.35104746538383
"CGCGTTTGTGGACGAT-1",6.44465360599884
"CGCGTTTTCAAACCGT-1",8.84430615061611
"CGCGTTTTCAGCCTAA-1",12.2907499375365
"CGCGTTTTCCTATGTT-1",2.48600736536419
"CGCGTTTTCGTGGTCG-1",3.928203126183
"CGCTATCAGAAACCGC-1",2.04387007589497
"CGCTATCAGTCATCCA-1",0
"CGCTATCCAAGCGAGT-1",12.3182117249763
"CGCTATCCAGTCGATT-1",5.37606706128555
"CGCTATCCATCGACGC-1",5.2878133652108
"CGCTATCCATTTCAGG-1",9.97349155674539
"CGCTATCGTACCGAGA-1",10.2894946376713
"CGCTATCGTTCGAATC-1",3.77875431202463
"CGCTATCGTTTCGCTC-1",4.34612248005566
"CGCTATCTCGTTACAG-1",3.75468292557971
"CGCTGGAAGGACATTA-1",10.7517121820549
"CGCTGGAAGGGCACTA-1",3.91023037897304
"CGCTGGAAGGTGATAT-1",4.95114738976834
"CGCTGGACAGACTCGC-1",5.77506498610346
"CGCTGGAGTGTAATGA-1",9.07582641321322
"CGCTGGAGTTCTGGTA-1",3.32653534053755
"CGCTGGATCCGAAGAG-1",10.0823942690995
"CGCTGGATCCGTTGCT-1",9.07582641321322
"CGCTGGATCGTAGGAG-1",2.69587412754802
"CGCTGGATCGTTACAG-1",1.99240137735663
"CGCTTCAAGAAGGGTA-1",4.61854211054616
"CGCTTCAAGGTCGGAT-1",6.55076105656801
"CGCTTCACACGGTGTC-1",11.6871898535537
"CGCTTCACAGACAAGC-1",9.97349155674539
"CGCTTCACATCACCCT-1",11.5608349443747
"CGCTTCAGTCGCGGTT-1",9.3144694009356
"CGCTTCATCTTAGAGC-1",8.83191946384062
"CGGACACAGCGATATA-1",7.14191830807971
"CGGACACAGCGATGAC-1",2.69912134389714
"CGGACACAGCTTCGCG-1",8.84430615061611
"CGGACACAGGTAAACT-1",2.04387007589497
"CGGACACAGTAGCCGA-1",2.04387007589497
"CGGACACCACAGGAGT-1",5.90538458394784
"CGGACACCATTCACTT-1",6.88602961158039
"CGGACACGTGAGCGAT-1",8.23329671199618
"CGGACACGTGCTCTTC-1",0
"CGGACACGTGTGACCC-1",5.58161494483355
"CGGACGTAGGTTACCT-1",3.06023494760362
"CGGACGTCATGGGACA-1",7.88886517737829
"CGGACGTGTGAAAGAG-1",5.53651182660516
"CGGACGTGTTGGTAAA-1",12.5406705678112
"CGGACGTTCATGTGGT-1",7.77561792865003
"CGGACGTTCTGTCCGT-1",5.46801115423168
"CGGACTGAGGAGCGAG-1",6.39775041964601
"CGGACTGAGGAGTCTG-1",1.77814034080982
"CGGACTGAGTGGTAGC-1",6.5030372814038
"CGGACTGCAACTTGAC-1",5.21148509479549
"CGGACTGCAATGACCT-1",3.87995036260572
"CGGACTGCACAACGTT-1",4.3600628342493
"CGGACTGCACGCCAGT-1",5.75523534194411
"CGGACTGCAGTATGCT-1",2.12846078679514
"CGGACTGGTAAAGGAG-1",3.4418374456166
"CGGACTGGTATAAACG-1",1.77325184657207
"CGGACTGGTGTAAGTA-1",4.47517817189854
"CGGACTGGTGTGGTTT-1",13.3756094351358
"CGGACTGGTTGACGTT-1",3.91023037897304
"CGGACTGTCCATGCTC-1",7.93497631166563
"CGGACTGTCCGTCAAA-1",3.54333051875056
"CGGACTGTCGTTTGCC-1",3.34439649238596
"CGGAGCTAGTTTAGGA-1",5.81280549031889
"CGGAGCTGTAGAAAGG-1",5.63085168453051
"CGGAGCTTCACTTATC-1",8.77325132966973
"CGGAGCTTCATGTAGC-1",3.94955202676378
"CGGAGCTTCCACGAAT-1",7.27870035977826
"CGGAGTCAGTGCGATG-1",6.44465360599884
"CGGAGTCAGTGTGAAT-1",1.86355644233966
"CGGAGTCCAGTGGGAT-1",7.82776291229777
"CGGAGTCCATTATCTC-1",6.45297025556619
"CGGAGTCGTAGCTGCC-1",2.04387007589497
"CGGAGTCGTGTTCGAT-1",3.75356380978385
"CGGAGTCTCCCAGGTG-1",6.67537467085436
"CGGAGTCTCCGTAGTA-1",4.15867631931221
"CGGCTAGAGAAACGCC-1",5.55535445929701
"CGGCTAGAGCACCGTC-1",5.75523534194411
"CGGCTAGAGCTAAACA-1",4.07291780179468
"CGGCTAGCAGACAAAT-1",9.59483285287296
"CGGCTAGGTAACGCGA-1",1.95870423781931
"CGGCTAGGTTCATGGT-1",5.81280549031889
"CGGCTAGTCAAAGACA-1",12.8767760667964
"CGGCTAGTCGTGGGAA-1",3.48143869353403
"CGGCTAGTCTTGTTTG-1",6.67537467085436
"CGGGTCAAGAGTCGGT-1",11.5608349443747
"CGGGTCAAGCACACAG-1",1.63056832072081
"CGGGTCAAGCTAACTC-1",0
"CGGGTCAAGGACACCA-1",10.5940429921368
"CGGGTCAAGTATGACA-1",5.0025153832477
"CGGGTCACAATGACCT-1",6.29416201588487
"CGGGTCACACCGAAAG-1",10.4000056901058
"CGGGTCACAGCCACCA-1",0
"CGGGTCACATACAGCT-1",9.12149816434243
"CGGGTCACATCCTTGC-1",5.55535445929701
"CGGGTCAGTAGCGCTC-1",8.36749387831014
"CGGGTCAGTCGATTGT-1",7.35919676317445
"CGGGTCAGTGCAACTT-1",7.07510248693117
"CGGGTCAGTTGTTTGG-1",2.69912134389714
"CGGGTCATCAACACCA-1",3.21937055104368
"CGGGTCATCACCTTAT-1",2.72994818741849
"CGGGTCATCCACGACG-1",7.57119825797385
"CGGTTAACAGGACCCT-1",10.669574892739
"CGGTTAACATGTCCTC-1",1.99021672505133
"CGGTTAACATTCCTGC-1",8.66286938793652
"CGGTTAAGTCGACTGC-1",8.76989359532973
"CGGTTAATCCGGCACA-1",1.77814034080982
"CGGTTAATCCTTTCGG-1",5.33185251505559
"CGGTTAATCTTATCTG-1",1.56879010773368
"CGTAGCGAGATGTAAC-1",4.76322529749996
"CGTAGCGAGGCAATTA-1",5.39349489647015
"CGTAGCGCAAGCGCTC-1",2.48600736536419
"CGTAGCGTCCAACCAA-1",11.8858437380315
"CGTAGCGTCGGCGGTT-1",4.99552072357776
"CGTAGGCAGGGCTCTC-1",7.21573746631238
"CGTAGGCCAAGCGATG-1",8.36749387831014
"CGTAGGCCACTAAGTC-1",3.56707024660423
"CGTAGGCCAGAGTGTG-1",10.9356861936121
"CGTAGGCCATCCCATC-1",3.21937055104368
"CGTAGGCGTATTAGCC-1",5.54755656106075
"CGTAGGCGTCAATACC-1",0
"CGTAGGCGTGGCGAAT-1",5.07156539144019
"CGTAGGCTCCAGAAGG-1",0
"CGTCACTAGTCATGCT-1",6.91702454496148
"CGTCACTCAAAGCGGT-1",6.71607094243714
"CGTCACTCAGGTCCAC-1",5.81280549031889
"CGTCACTCAGTCACTA-1",5.73011379968459
"CGTCACTTCCTTGACC-1",3.69985387720874
"CGTCACTTCGGTGTTA-1",1.95245287211938
"CGTCACTTCTGTGCAA-1",4.76322529749996
"CGTCACTTCTTGAGAC-1",4.77656883668026
"CGTCAGGAGCTGTTCA-1",5.73011379968459
"CGTCAGGCAAAGCAAT-1",5.35195379403062
"CGTCAGGCAAAGCGGT-1",2.69587412754802
"CGTCAGGCAACACGCC-1",7.6759900490642
"CGTCAGGCATCCGCGA-1",4.97232870457883
"CGTCAGGGTCAGCTAT-1",5.08135319827745
"CGTCAGGGTCGTTGTA-1",7.56621495499304
"CGTCAGGGTGTAAGTA-1",4.15867631931221
"CGTCAGGTCCACTGGG-1",3.22588955392947
"CGTCAGGTCGACAGCC-1",5.62990732215751
"CGTCAGGTCGGGAGTA-1",8.36749387831014
"CGTCCATAGACCACGA-1",4.54420791505421
"CGTCCATAGCGATTCT-1",3.22588955392947
"CGTCCATAGGCTATCT-1",4.68738656817352
"CGTCCATAGTCTCAAC-1",9.40452754094878
"CGTCCATCACGACTCG-1",6.2954495261643
"CGTCCATCATTCACTT-1",6.67537467085436
"CGTCCATGTCTAGCGC-1",0
"CGTCCATGTGATAAAC-1",6.87737172163263
"CGTCCATGTTTGGGCC-1",3.48647480873811
"CGTCCATGTTTGTGTG-1",3.91023037897304
"CGTCCATTCAACACCA-1",5.76217000067006
"CGTCCATTCATTCACT-1",1.77814034080982
"CGTCTACAGTGCGTGA-1",6.14023855175285
"CGTCTACGTAGTAGTA-1",2.12196671391844
"CGTCTACTCGAGCCCA-1",7.35919676317445
"CGTCTACTCGCCATAA-1",3.50029438870154
"CGTCTACTCGGCCGAT-1",5.51709788003403
"CGTCTACTCGTCCAGG-1",7.82776291229777
"CGTGAGCAGATCTGAA-1",4.47557052231017
"CGTGAGCAGCAATCTC-1",9.45276648418086
"CGTGAGCAGCGGATCA-1",8.68346751548905
"CGTGAGCAGCTAGTGG-1",9.3144694009356
"CGTGAGCAGCTTCGCG-1",5.03627065278419
"CGTGAGCAGGGCACTA-1",5.89816811517585
"CGTGAGCAGGGTGTGT-1",3.96114509230149
"CGTGAGCAGTGGAGAA-1",0
"CGTGAGCCAAGCCGCT-1",7.93497631166563
"CGTGAGCCACGTAAGG-1",3.54333051875056
"CGTGAGCCATACGCCG-1",3.48143869353403
"CGTGAGCGTAGATTAG-1",0
"CGTGAGCGTCTCTTAT-1",9.73988840923997
"CGTGAGCTCACAAACC-1",3.71080825598379
"CGTGAGCTCCAAATGC-1",4.15867631931221
"CGTGAGCTCCGAGCCA-1",8.6856611211518
"CGTGAGCTCGTTGCCT-1",3.27380487312458
"CGTGAGCTCTGGGCCA-1",5.46801115423168
"CGTGTAAAGATAGTCA-1",11.2818513447439
"CGTGTAAAGGTGTTAA-1",7.14191830807971
"CGTGTAAAGTACATGA-1",4.79708045288446
"CGTGTAACATGGGACA-1",5.46801115423168
"CGTGTAAGTGTCTGAT-1",3.00587257099838
"CGTGTAATCTACTATC-1",0
"CGTGTAATCTCGATGA-1",12.8065143630705
"CGTGTAATCTTTAGTC-1",5.72271124194982
"CGTGTCTAGGCGCTCT-1",0
"CGTGTCTAGGGATGGG-1",3.40238299957009
"CGTGTCTCAGACAAAT-1",12.4963591845996
"CGTGTCTCAGACACTT-1",13.2744816400406
"CGTGTCTGTAAGAGGA-1",10.8221047318995
"CGTGTCTGTATATGAG-1",8.50162519170221
"CGTGTCTGTCAAAGCG-1",10.2935923830667
"CGTGTCTGTTCCGTCT-1",4.06889551278487
"CGTGTCTTCAATCACG-1",3.59115792893429
"CGTGTCTTCAGAGGTG-1",7.23441267023562
"CGTGTCTTCATAGCAC-1",4.34796557134329
"CGTGTCTTCCGAACGC-1",2.08594362943213
"CGTGTCTTCGGCATCG-1",0
"CGTGTCTTCGTGGACC-1",3.83370995822109
"CGTGTCTTCTACTTAC-1",9.45276648418086
"CGTGTCTTCTGAGTGT-1",4.34612248005566
"CGTTAGAAGATCTGAA-1",2.00731416038944
"CGTTAGAAGGCCCTTG-1",10.0467294378022
"CGTTAGACACGAAAGC-1",3.36316707945828
"CGTTAGACAGCTTCGG-1",8.65587862883769
"CGTTAGAGTTTAAGCC-1",3.38755574026458
"CGTTAGATCACTTATC-1",0
"CGTTAGATCAGCCTAA-1",7.15780168250013
"CGTTCTGAGAAGGGTA-1",5.4931594399328
"CGTTCTGAGTGAACAT-1",3.75356380978385
"CGTTCTGCAGCTCGCA-1",8.94655397585117
"CGTTCTGCATTGGCGC-1",6.8267632930628
"CGTTCTGGTGAGGGTT-1",1.47641779932178
"CGTTCTGTCTGATTCT-1",5.76217000067006
"CGTTGGGAGCTAGTTC-1",6.39775041964601
"CGTTGGGAGGATGCGT-1",2.38795483309312
"CGTTGGGCACATTAGC-1",1.95245287211938
"CGTTGGGCAGACAGGT-1",6.5030372814038
"CGTTGGGGTTCCCGAG-1",8.52246166279924
"CGTTGGGTCATGCTCC-1",7.96419563438976
"CGTTGGGTCCATGAAC-1",5.63085168453051
"CGTTGGGTCTACCAGA-1",7.93497631166563
"CTAACTTAGTCCTCCT-1",5.93528302899271
"CTAACTTCAATAGCAA-1",1.77325184657207
"CTAACTTCAATCGGTT-1",0
"CTAACTTGTGAGGCTA-1",0
"CTAACTTTCGTACGGC-1",12.5655907028832
"CTAACTTTCTGGCGTG-1",5.76217000067006
"CTAAGACAGGGAAACA-1",9.62474774373189
"CTAAGACAGTACATGA-1",10.4879666116215
"CTAAGACAGTTCGCGC-1",0
"CTAAGACCAAGTAATG-1",4.79708045288446
"CTAAGACCAGTAAGAT-1",5.99356949134001
"CTAAGACCATGCAATC-1",0
"CTAAGACGTAAGGATT-1",4.40887294910614
"CTAAGACGTATCAGTC-1",10.7988861203003
"CTAAGACGTCACCTAA-1",13.9340938232395
"CTAAGACTCGTTGCCT-1",9.3144694009356
"CTAAGACTCTTACCGC-1",5.81243360672453
"CTAAGACTCTTGAGGT-1",3.48143869353403
"CTAATGGAGCAATCTC-1",0
"CTAATGGAGCGCTCCA-1",9.8338008839351
"CTAATGGAGCTCCCAG-1",8.87651802068367
"CTAATGGAGCTGAAAT-1",4.02049778707854
"CTAATGGAGTTAGGTA-1",11.0508835911989
"CTAATGGCATGGAATA-1",2.69587412754802
"CTAATGGGTACCGCTG-1",8.43710297276653
"CTAATGGGTCTAGCGC-1",13.2969608698298
"CTAATGGGTGAGGGAG-1",2.08594362943213
"CTAATGGGTTGGTGGA-1",4.23022705533103
"CTAATGGTCATGCTCC-1",5.18626860878931
"CTAATGGTCCACTGGG-1",5.81280549031889
"CTAATGGTCCGTTGCT-1",12.3549548130067
"CTAATGGTCCTAGAAC-1",7.20476268540476
"CTACACCAGTGCGATG-1",8.65141407912715
"CTACACCCACGGACAA-1",9.45203800134494
"CTACACCGTAATAGCA-1",0
"CTACACCGTCTGATTG-1",3.58453211107078
"CTACACCGTTCGTCTC-1",1.47641779932178
"CTACACCTCAGAAATG-1",5.67162197269374
"CTACACCTCGGCTTGG-1",9.76300460233066
"CTACACCTCGGTCCGA-1",0
"CTACACCTCTCGCATC-1",6.11935652910817
"CTACACCTCTCTGCTG-1",11.5608349443747
"CTACATTAGATCACGG-1",6.01254049968685
"CTACATTCACTCGACG-1",1.95870423781931
"CTACATTCATTTCACT-1",11.5608349443747
"CTACATTGTGATGATA-1",6.2954495261643
"CTACATTGTTCGAATC-1",6.2954495261643
"CTACATTTCAACGCTA-1",4.93506337564625
"CTACATTTCGCCATAA-1",9.45203800134494
"CTACATTTCTAGCACA-1",13.9513441878421
"CTACCCACACAGAGGT-1",1.86355644233966
"CTACCCACACGACGAA-1",6.67537467085436
"CTACCCACATGGTTGT-1",4.22730477913861
"CTACCCAGTATCTGCA-1",10.6381874092645
"CTACCCAGTATGAATG-1",5.13123536354202
"CTACCCAGTCAGAAGC-1",8.84430615061611
"CTACCCAGTGTGACCC-1",4.87356041638433
"CTACCCAGTTATGTGC-1",4.31814842562449
"CTACCCATCTACGAGT-1",6.92975468482662
"CTACGTCAGGTGCAAC-1",4.37215009581792
"CTACGTCAGTGCGATG-1",5.96430586566074
"CTACGTCAGTTGTCGT-1",9.06656767723543
"CTACGTCCATATACCG-1",7.15780168250013
"CTACGTCGTATATGGA-1",6.39611878308457
"CTACGTCGTGTGGTTT-1",2.08594362943213
"CTACGTCTCAAAGTAG-1",1.78429860398032
"CTACGTCTCACGACTA-1",2.67609516007899
"CTACGTCTCACGGTTA-1",8.7427849281919
"CTACGTCTCCTAGAAC-1",3.36316707945828
"CTAGAGTAGCTGTCTA-1",4.76322529749996
"CTAGAGTAGGATCGCA-1",3.31961205457678
"CTAGAGTAGTCCATAC-1",3.44896728450656
"CTAGAGTCACATTAGC-1",9.53496555251874
"CTAGAGTCAGTATGCT-1",7.88886517737829
"CTAGAGTCATACTCTT-1",4.76322529749996
"CTAGAGTCATGTAAGA-1",3.95090360138264
"CTAGAGTGTGACCAAG-1",4.99552072357776
"CTAGAGTTCAACACCA-1",3.21113131930547
"CTAGAGTTCCGTCAAA-1",8.87651802068367
"CTAGAGTTCCTAAGTG-1",7.0617427290684
"CTAGAGTTCGCCAGCA-1",12.4963591845996
"CTAGAGTTCGCTTAGA-1",4.76322529749996
"CTAGAGTTCGTGACAT-1",10.3359764443726
"CTAGAGTTCTGATTCT-1",10.8651681923108
"CTAGCCTCACCAGATT-1",9.16095628051909
"CTAGCCTGTATATCCG-1",5.96430586566074
"CTAGCCTGTGATGCCC-1",7.83501054669812
"CTAGCCTTCGGGAGTA-1",4.46011725841072
"CTAGTGAAGCTGGAAC-1",5.79076334022128
"CTAGTGAAGTGTACCT-1",3.46576412200636
"CTAGTGACAAGTCTAC-1",3.75356380978385
"CTAGTGACAGGATCGA-1",9.3144694009356
"CTAGTGAGTTATGCGT-1",6.71607094243714
"CTAGTGATCAGTTGAC-1",4.90246516585261
"CTAGTGATCCAGTAGT-1",3.27380487312458
"CTCACACAGCTAAGAT-1",12.5386238304145
"CTCACACAGCTGCCCA-1",5.81280549031889
"CTCACACAGGATGCGT-1",3.78906321479878
"CTCACACCACGTAAGG-1",5.89816811517585
"CTCACACCACTGTTAG-1",5.07156539144019
"CTCACACCATATACGC-1",0
"CTCACACGTGCTGTAT-1",1.66547124153566
"CTCACACGTTCCATGA-1",12.4247608601561
"CTCACACGTTTGGGCC-1",11.9469361878144
"CTCACACTCACCGGGT-1",3.95090360138264
"CTCACACTCATCGGAT-1",3.91488187810591
"CTCACACTCCGCGCAA-1",5.29317665320255
"CTCACACTCTAACCGA-1",5.72271124194982
"CTCAGAAAGAGCTGCA-1",3.36316707945828
"CTCAGAAAGGAGTAGA-1",6.29416201588487
"CTCAGAACAACGCACC-1",7.32448929871546
"CTCAGAACAAGCGATG-1",2.08594362943213
"CTCAGAACAGGGCATA-1",8.83620410574047
"CTCAGAAGTGACGGTA-1",7.89064035504066
"CTCAGAATCTTAACCT-1",5.22588234458609
"CTCATTAAGAACTGTA-1",3.56707024660423
"CTCATTACATGGTCAT-1",5.46801115423168
"CTCATTAGTGTAACGG-1",7.18742106926047
"CTCATTAGTTTACTCT-1",7.20476268540476
"CTCCTAGCAAGTACCT-1",0
"CTCCTAGCAATTCCTT-1",5.44800361019559
"CTCCTAGCACTGTCGG-1",3.75356380978385
"CTCCTAGCAGTCCTTC-1",9.53496555251874
"CTCCTAGCATAACCTG-1",5.57418914045727
"CTCCTAGCATGCGCAC-1",4.34796557134329
"CTCCTAGGTAGAAAGG-1",0
"CTCCTAGGTCCGAGTC-1",8.50586324810337
"CTCCTAGGTCTAGCCG-1",10.4000056901058
"CTCCTAGGTGTTTGTG-1",8.76989359532973
"CTCCTAGGTTCGTGAT-1",2.48600736536419
"CTCCTAGGTTGTTTGG-1",3.40774553357898
"CTCCTAGTCACTTACT-1",5.97879038175326
"CTCCTAGTCTCATTCA-1",9.24360573753536
"CTCGAAAAGCCCAACC-1",5.18626860878931
"CTCGAAAAGCTATGCT-1",5.44800361019559
"CTCGAAAAGGCCCTTG-1",6.98933556947808
"CTCGAAAAGGGCTTCC-1",5.07156539144019
"CTCGAAACAAGCCGTC-1",6.01254049968685
"CTCGAAACACATTAGC-1",12.5332019892454
"CTCGAAACACCGAAAG-1",11.8059135993419
"CTCGAAACACGGCTAC-1",2.69587412754802
"CTCGAAACAGTAAGAT-1",3.83121664709107
"CTCGAGGAGCCATCGC-1",5.4931594399328
"CTCGAGGAGGGCTTCC-1",6.0845720817978
"CTCGAGGCAGATAATG-1",5.44925585857813
"CTCGAGGGTATTCTCT-1",7.13499437620792
"CTCGAGGGTGCCTGGT-1",3.87995036260572
"CTCGGAGAGTCCCACG-1",7.1505200402535
"CTCGGAGCACTTCTGC-1",11.9469361878144
"CTCGGAGCAGCTGCAC-1",5.62990732215751
"CTCGGAGCAGGATCGA-1",2.19014490174816
"CTCGGAGGTAGCCTAT-1",5.23637936851693
"CTCGGAGGTCATGCCG-1",1.50629793178557
"CTCGGAGTCAAACGGG-1",1.99021672505133
"CTCGGAGTCACATACG-1",5.79076334022128
"CTCGGAGTCAGCTTAG-1",5.23637936851693
"CTCGGGAAGACCTAGG-1",11.5608349443747
"CTCGGGACACAGCCCA-1",6.92866967743876
"CTCGGGACATAAAGGT-1",7.77561792865003
"CTCGGGACATCCCACT-1",12.0142796478696
"CTCGGGACATGTCGAT-1",4.50160499584247
"CTCGGGAGTCGCGTGT-1",1.40140761631585
"CTCGGGAGTGACTACT-1",6.00590612770826
"CTCGGGAGTTACGACT-1",12.2907499375365
"CTCGGGATCCGTACAA-1",7.84311475839772
"CTCGGGATCCTTGACC-1",8.44521007740639
"CTCGGGATCTTGTTTG-1",3.60821205483605
"CTCGTACAGCGATAGC-1",4.33507897783971
"CTCGTACCAGCGTAAG-1",1.78429860398032
"CTCGTACCATAGTAAG-1",6.38792019841242
"CTCGTACGTAGAGTGC-1",4.85168506254562
"CTCGTACGTATCACCA-1",13.765435459661
"CTCGTACGTGCAGTAG-1",4.23022705533103
"CTCGTACTCAAAGTAG-1",3.36316707945828
"CTCGTACTCAATCTCT-1",3.02296819787208
"CTCGTACTCGTTGCCT-1",3.78906321479878
"CTCGTACTCTGGTTCC-1",9.12149816434243
"CTCGTCAAGATGCCTT-1",9.70840831018636
"CTCGTCAAGTGGAGTC-1",3.21937055104368
"CTCGTCAAGTTTGCGT-1",8.63794980721178
"CTCGTCACAACGATCT-1",6.88602961158039
"CTCGTCACACATCCGG-1",10.9356861936121
"CTCGTCACAGTCGTGC-1",7.78534121808684
"CTCGTCAGTCTCATCC-1",4.34796557134329
"CTCGTCAGTCTCCATC-1",0
"CTCGTCAGTGAGCGAT-1",0
"CTCGTCAGTTGACGTT-1",5.35195379403062
"CTCGTCAGTTGGGACA-1",5.4931594399328
"CTCGTCATCACTTATC-1",0
"CTCGTCATCGACCAGC-1",5.62277990566271
"CTCGTCATCTGCTGTC-1",4.54420791505421
"CTCTAATCACCAGGTC-1",2.95369354940709
"CTCTAATCACGGTGTC-1",3.87995036260572
"CTCTAATCAGGAATCG-1",5.58529322023939
"CTCTAATGTCCAAGTT-1",3.75468292557971
"CTCTACGAGCTAAACA-1",6.39775041964601
"CTCTACGAGCTAGTGG-1",14.7896210841302
"CTCTACGAGTACGCCC-1",3.27380487312458
"CTCTACGAGTAGGCCA-1",12.4225131626941
"CTCTACGCAATAACGA-1",2.19014490174816
"CTCTACGCAGACGCTC-1",5.73011379968459
"CTCTACGCATGACATC-1",5.6918263188071
"CTCTACGTCATGTCTT-1",3.87995036260572
"CTCTACGTCCCTAATT-1",4.55966684731662
"CTCTACGTCGGCATCG-1",9.53496555251874
"CTCTACGTCGGTCTAA-1",4.59971302868139
"CTCTGGTAGCGTTCCG-1",5.62990732215751
"CTCTGGTAGGCATGGT-1",0
"CTCTGGTAGTGCCAGA-1",0
"CTCTGGTCACAAGCCC-1",5.11425664668042
"CTCTGGTCAGCCTTTC-1",6.34837500561548
"CTCTGGTTCATCTGTT-1",0
"CTCTGGTTCTTGTACT-1",5.69494143393013
"CTGAAACAGATCCCGC-1",3.32653534053755
"CTGAAACAGGTGCTAG-1",3.96114509230149
"CTGAAACAGTCCGTAT-1",2.04387007589497
"CTGAAACAGTGTCTCA-1",5.50173159100027
"CTGAAACGTCATCGGC-1",11.1604604510372
"CTGAAACGTTAAAGAC-1",7.34703807636642
"CTGAAACTCATACGGT-1",13.2374280719781
"CTGAAGTAGTGCGTGA-1",7.22891817129913
"CTGAAGTCAGCTGTAT-1",5.44925585857814
"CTGAAGTGTTAAAGTG-1",5.89816811517585
"CTGAAGTTCAAGCCTA-1",1.56879010773368
"CTGAAGTTCGGATGTT-1",6.63244774502703
"CTGATAGAGGGAGTAA-1",0
"CTGATAGAGTGCAAGC-1",2.53703559597309
"CTGATAGCAGCCTTTC-1",6.67537467085436
"CTGATAGCATCCCATC-1",10.5940429921368
"CTGATAGCATCTCCCA-1",5.69293678178835
"CTGATAGGTCAAAGCG-1",4.02049778707854
"CTGATAGGTCGCTTTC-1",5.07156539144019
"CTGATAGGTTACGACT-1",5.81280549031889
"CTGATAGTCGCGATCG-1",3.89311809104911
"CTGATCCAGGCATTGG-1",5.79076334022128
"CTGATCCAGGTGACCA-1",3.89311809104911
"CTGATCCCACAGAGGT-1",5.11425664668042
"CTGATCCCAGGCTGAA-1",8.61718289949537
"CTGATCCGTGCCTGGT-1",12.9853951819988
"CTGATCCGTTATCCGA-1",6.55380702503408
"CTGATCCGTTGTGGCC-1",0
"CTGCCTAAGGGTCTCC-1",3.51880331684861
"CTGCCTAAGGTGATAT-1",10.3359764443726
"CTGCCTAAGTACGCGA-1",9.2427844033008
"CTGCCTAAGTGCGTGA-1",10.8651681923108
"CTGCCTACATCCCACT-1",12.3182117249763
"CTGCCTATCAATAAGG-1",4.02049778707854
"CTGCGGAAGAAGGACA-1",9.9734915567454
"CTGCGGAAGAGCTGGT-1",8.7427849281919
"CTGCGGAAGATGAGAG-1",12.1702243045621
"CTGCGGACAGGTCGTC-1",3.83370995822109
"CTGCGGACATGTCTCC-1",3.89311809104911
"CTGCGGAGTCACTTCC-1",11.0508835911989
"CTGCGGAGTCGTGGCT-1",11.2750656775857
"CTGCGGAGTTCTGTTT-1",6.7887554431353
"CTGCGGAGTTGGACCC-1",3.21113131930547
"CTGCGGATCGCCTGTT-1",1.65683308016806
"CTGCGGATCTTACCGC-1",0
"CTGCTGTAGGGTGTTG-1",3.26647770696345
"CTGCTGTAGTACCGGA-1",6.66337483232988
"CTGCTGTAGTGGAGAA-1",5.18280232315389
"CTGCTGTCACATCTTT-1",0
"CTGCTGTGTTAAAGAC-1",13.9513441878421
"CTGCTGTTCTCCAACC-1",5.3547628252515
"CTGCTGTTCTTACCGC-1",3.37820629262812
"CTGGTCTAGCGTTGCC-1",5.44800361019559
"CTGGTCTAGGACAGCT-1",7.15780168250013
"CTGGTCTAGGGCTTGA-1",12.3182117249763
"CTGGTCTAGTCGAGTG-1",7.84311475839772
"CTGGTCTCAAAGGAAG-1",12.8767760667964
"CTGGTCTCACCAGTTA-1",6.10538840795769
"CTGGTCTGTACCTACA-1",2.69912134389714
"CTGGTCTGTACGCTGC-1",8.6856611211518
"CTGGTCTGTCCGCTGA-1",5.39538629360668
"CTGGTCTGTCCGTTAA-1",5.55535445929701
"CTGGTCTGTTCATGGT-1",13.9340938232395
"CTGGTCTGTTCGTGAT-1",3.4932549740492
"CTGGTCTTCAACGGGA-1",1.60752067267123
"CTGGTCTTCACTTACT-1",6.39663133862317
"CTGGTCTTCTTACCTA-1",4.34796557134329
"CTGTGCTGTATATCCG-1",5.46801115423168
"CTGTGCTGTCATCCCT-1",5.69494143393013
"CTGTGCTGTCCCTACT-1",1.75402832933928
"CTGTGCTGTCGGCACT-1",8.44309837529573
"CTGTGCTTCCATTCTA-1",6.89082773386031
"CTGTTTAAGAAACCGC-1",5.24386012929882
"CTGTTTAAGATCGATA-1",3.96114509230149
"CTGTTTAAGGAGTTGC-1",9.58122934650852
"CTGTTTAGTCAAAGCG-1",4.34796557134329
"CTGTTTATCAGCCTAA-1",0
"CTGTTTATCATTTGGG-1",4.13479215337343
"CTGTTTATCTCCAGGG-1",3.02296819787208
"CTGTTTATCTCTTGAT-1",7.93497631166563
"CTGTTTATCTTCTGGC-1",4.83996818232015
"CTTAACTAGCCAGTAG-1",6.29416201588487
"CTTAACTAGGCTCTTA-1",5.81280549031889
"CTTAACTAGGTGCACA-1",4.83996818232015
"CTTAACTAGTCTCGGC-1",5.46801115423168
"CTTACCGAGCGCTTAT-1",5.21148509479549
"CTTACCGAGGCTACGA-1",0
"CTTACCGCAGATCTGT-1",0
"CTTACCGCAGTCAGAG-1",12.3182117249763
"CTTACCGGTCCTGCTT-1",10.4000056901058
"CTTACCGGTCGCCATG-1",4.99552072357776
"CTTACCGGTCTACCTC-1",7.9834476819303
"CTTACCGTCGGACAAG-1",4.15533805683384
"CTTAGGAAGCCCAACC-1",1.85078388857223
"CTTAGGACACGACGAA-1",6.55076105656801
"CTTAGGAGTTATGTGC-1",0
"CTTAGGATCCCATTTA-1",10.5046951775935
"CTTAGGATCTTTACAC-1",5.18784202315013
"CTTCTCTAGAACTCGG-1",0
"CTTCTCTAGAGTGAGA-1",9.62474774373189
"CTTCTCTAGCAGGCTA-1",7.32448929871546
"CTTCTCTAGTTAACGA-1",4.50160499584247
"CTTCTCTCAAAGGTGC-1",10.2894946376713
"CTTCTCTGTAACGACG-1",6.39611878308457
"CTTCTCTGTGCATCTA-1",9.45203800134494
"CTTCTCTTCGAGCCCA-1",3.51880331684861
"CTTGGCTAGCGATATA-1",9.89117188014561
"CTTGGCTAGTACGTTC-1",4.37215009581792
"CTTGGCTCATTACCTT-1",2.69587412754802
"CTTGGCTGTCTCCATC-1",6.53083966302458
"CTTGGCTTCCCTAATT-1",3.18761760774577
"CTTGGCTTCGCGTAGC-1",9.07582641321322
"CTTGGCTTCTCGTTTA-1",8.6856611211518
"CTTTGCGAGCAAATCA-1",5.35195379403062
"CTTTGCGAGCGTTCCG-1",7.60867544857039
"CTTTGCGAGTATCTCG-1",7.82776291229777
"CTTTGCGCAATTCCTT-1",3.77875431202463
"CTTTGCGCACTTAAGC-1",7.15780168250013
"CTTTGCGCAGACGCAA-1",2.12196671391844
"CTTTGCGGTAGAGGAA-1",13.9340938232395
"CTTTGCGTCCAGGGCT-1",10.4000056901058
"GAAACTCAGAGACGAA-1",11.5207635538761
"GAAACTCAGAGGTTAT-1",6.1053884079577
"GAAACTCAGCAGCCTC-1",3.36316707945828
"GAAACTCAGCCCAGCT-1",10.8651681923108
"GAAACTCAGCTAAACA-1",10.3588613336551
"GAAACTCAGTGCTGCC-1",5.73011379968459
"GAAACTCCAAGCCCAC-1",1.78429860398032
"GAAACTCCACATGACT-1",5.6918263188071
"GAAACTCCAGACACTT-1",0
"GAAACTCCATGGATGG-1",3.4418374456166
"GAAACTCGTACTCGCG-1",2.08594362943213
"GAAACTCGTAGCGATG-1",6.0845720817978
"GAAACTCGTGTGAAAT-1",4.15867631931221
"GAAACTCGTTTGTGTG-1",6.00844952196645
"GAAATGAAGCCAGTTT-1",7.1505200402535
"GAAATGAAGCTAGTCT-1",3.06023494760362
"GAAATGAAGTACGTAA-1",11.8858437380315
"GAAATGATCATGCTCC-1",3.58870521580858
"GAAATGATCCTCGCAT-1",11.1604604510372
"GAACATCAGATGGCGT-1",8.94981912800743
"GAACATCCAACAACCT-1",10.0467294378022
"GAACATCCACATCTTT-1",3.39340243965478
"GAACATCCACCTATCC-1",3.83121664709107
"GAACATCCACGGACAA-1",5.72271124194982
"GAACATCCATGCTAGT-1",1.99240137735663
"GAACATCGTACGACCC-1",9.12149816434243
"GAACATCGTGGACGAT-1",10.3495123583712
"GAACATCGTTCCCGAG-1",3.45463236292547
"GAACATCTCCAAGTAC-1",7.77561792865003
"GAACATCTCGATCCCT-1",6.58664664149359
"GAACATCTCTCCAACC-1",8.77325132966973
"GAACCTAAGAACTGTA-1",6.92866967743876
"GAACCTAAGAGCAATT-1",1.40766922070462
"GAACCTAAGCCAGTAG-1",3.56197745541291
"GAACCTACAAGGACAC-1",2.48600736536419
"GAACCTACAGACACTT-1",5.81280549031889
"GAACCTAGTACCAGTT-1",5.39349489647015
"GAACCTAGTGTCAATC-1",4.64864436443002
"GAACCTATCACGATGT-1",8.5111814444927
"GAACGGAAGACGCAAC-1",5.0025153832477
"GAACGGAAGTAATCCC-1",8.44521007740639
"GAACGGAAGTCAATAG-1",1.95870423781931
"GAACGGAAGTGGACGT-1",1.95870423781931
"GAACGGACACAGCGTC-1",5.18626860878931
"GAACGGACACCTCGTT-1",5.38434526096369
"GAACGGACACTTAACG-1",6.2954495261643
"GAACGGAGTAGCGTAG-1",6.58664664149359
"GAACGGAGTCAGAGGT-1",3.75356380978385
"GAACGGAGTGGCGAAT-1",6.39663133862317
"GAACGGATCACTCCTG-1",6.68791488287143
"GAACGGATCCACGAAT-1",5.26097038656455
"GAACGGATCGTAGGAG-1",10.5046951775935
"GAACGGATCTGTCAAG-1",0
"GAAGCAGAGACTAAGT-1",3.51880331684861
"GAAGCAGAGAGACGAA-1",6.29416201588487
"GAAGCAGAGCCACGCT-1",11.5608349443747
"GAAGCAGAGTTCGCGC-1",8.36749387831014
"GAAGCAGCAATCCGAT-1",5.44800361019559
"GAAGCAGCAGATCTGT-1",1.65683308016806
"GAAGCAGCAGATGAGC-1",11.8858437380315
"GAAGCAGCATGAACCT-1",2.67609516007899
"GAAGCAGCATGGAATA-1",3.96111098248575
"GAAGCAGGTAACGCGA-1",3.71080825598379
"GAAGCAGGTCATACTG-1",9.8338008839351
"GAAGCAGTCCTAGTGA-1",2.69587412754802
"GAAGCAGTCTTATCTG-1",5.77712596514009
"GAATAAGCAAGGTGTG-1",4.46011725841072
"GAATAAGCAGACAAGC-1",5.03627065278419
"GAATAAGCATGCAACT-1",10.6381874092645
"GAATAAGGTCCGTTAA-1",11.1604604510372
"GAATAAGGTGAGTGAC-1",4.50160499584247
"GAATAAGGTTCCCTTG-1",7.60159221010536
"GAATAAGTCGTTTAGG-1",5.58161494483355
"GAATGAAAGAGTCTGG-1",12.7130073277035
"GAATGAAAGCTTATCG-1",0
"GAATGAAAGGCATGTG-1",5.76374579248327
"GAATGAACAAACGCGA-1",3.83121664709107
"GAATGAACAGTGAGTG-1",0
"GAATGAACATCATCCC-1",5.93291227424429
"GAATGAAGTCAACATC-1",5.44800361019559
"GAATGAAGTCTCACCT-1",7.93497631166563
"GAATGAAGTGGCAAAC-1",1.65683308016806
"GAATGAAGTTGCGTTA-1",0
"GAATGAATCAGTTAGC-1",5.27425730889253
"GAATGAATCCTGCCAT-1",6.11935652910817
"GACACGCAGACGCACA-1",3.38755574026458
"GACACGCAGAGTAATC-1",4.07843332103618
"GACACGCAGCCAACAG-1",7.40358562120977
"GACACGCAGGAGTTTA-1",6.00590612770826
"GACACGCAGGGCATGT-1",5.90538458394784
"GACACGCAGGTGCACA-1",7.18742106926047
"GACACGCAGTCCAGGA-1",12.3420241056224
"GACACGCAGTGGGATC-1",12.3182117249763
"GACACGCAGTGGGTTG-1",5.27425730889253
"GACACGCCAAGCGTAG-1",6.11935652910817
"GACACGCCAAGGACAC-1",0
"GACACGCCAGACGCTC-1",4.34796557134329
"GACACGCCATCCTTGC-1",8.6856611211518
"GACACGCGTTCACGGC-1",3.54333051875056
"GACACGCTCATGTAGC-1",9.97349155674539
"GACAGAGAGTACGATA-1",7.93497631166563
"GACAGAGCAACGATCT-1",2.71403263384377
"GACAGAGCAAGTCTAC-1",0
"GACAGAGCAGCTCCGA-1",7.15780168250013
"GACAGAGCAGCTGGCT-1",5.62990732215751
"GACAGAGTCAAACAAG-1",10.2894946376713
"GACAGAGTCAGAGACG-1",7.40358562120977
"GACAGAGTCCTTCAAT-1",6.39775041964601
"GACAGAGTCCTTGCCA-1",8.62513535999956
"GACAGAGTCTTCATGT-1",10.3359764443726
"GACCAATAGAAGGGTA-1",3.27380487312458
"GACCAATAGCTACCGC-1",9.45276648418086
"GACCAATAGCTACCTA-1",3.9511508880764
"GACCAATCAGGTGCCT-1",13.9513441878421
"GACCAATCATGCGCAC-1",10.7483195163415
"GACCAATGTACAGTTC-1",10.0467294378022
"GACCAATGTCGCTTCT-1",7.40358562120977
"GACCAATTCCGATATG-1",5.21215614403103
"GACCAATTCGAATGGG-1",3.89311809104911
"GACCAATTCGTCACGG-1",5.69494143393013
"GACCTGGCATCACAAC-1",3.36316707945828
"GACCTGGCATGTCTCC-1",9.76045307956345
"GACCTGGCATTGGCGC-1",7.13499437620792
"GACCTGGGTAAAGGAG-1",3.36316707945828
"GACCTGGGTCCAGTTA-1",10.6379591133616
"GACCTGGGTGCAGTAG-1",4.50160499584247
"GACCTGGTCATAGCAC-1",7.9834476819303
"GACCTGGTCCTTGCCA-1",5.44925585857813
"GACCTGGTCGCATGAT-1",11.5207635538761
"GACCTGGTCGTCACGG-1",7.96419563438976
"GACGCGTAGTGGTAAT-1",1.40766922070462
"GACGCGTAGTTGTAGA-1",10.0378194866409
"GACGCGTGTAAAGGAG-1",4.30922416365967
"GACGCGTGTGTGAAAT-1",4.3600628342493
"GACGCGTGTTAAGACA-1",3.21113131930547
"GACGCGTTCAAACCGT-1",9.45203800134494
"GACGCGTTCCAAATGC-1",10.9880536380649
"GACGCGTTCCGCGGTA-1",1.75402832933928
"GACGCGTTCCTACAGA-1",1.65683308016806
"GACGCGTTCTCCGGTT-1",0
"GACGGCTAGAAGATTC-1",5.57418914045727
"GACGGCTAGAGCTGGT-1",9.07582641321322
"GACGGCTCAAGGTTTC-1",10.6381874092645
"GACGGCTCACCGCTAG-1",3.87995036260572
"GACGGCTCATGAACCT-1",4.93506337564625
"GACGGCTCATGCAACT-1",4.46011725841072
"GACGGCTGTGTGTGCC-1",6.38792019841242
"GACGGCTGTTATGTGC-1",5.2950099336312
"GACGGCTGTTTGGCGC-1",1.60752067267123
"GACGGCTTCTATCGCC-1",6.7887554431353
"GACGTGCAGGCAAAGA-1",0
"GACGTGCAGGGTGTGT-1",9.53496555251874
"GACGTGCAGGTGTTAA-1",7.61602330774544
"GACGTGCCAGGTCGTC-1",7.77561792865003
"GACGTGCGTAACGTTC-1",3.71956039495431
"GACGTGCTCACCTCGT-1",2.23062151051123
"GACGTTAAGCTACCGC-1",6.45297025556619
"GACGTTAAGGCAAAGA-1",10.5611452875497
"GACGTTAAGTCAAGCG-1",4.54420791505421
"GACGTTACAAGCCATT-1",0
"GACGTTACAAGGTTTC-1",6.01254049968685
"GACGTTACAGACACTT-1",7.83501054669812
"GACGTTAGTATCTGCA-1",0
"GACGTTAGTTTGACAC-1",8.83620410574047
"GACGTTAGTTTGACTG-1",8.36749387831014
"GACGTTATCACAGGCC-1",5.06322254868971
"GACGTTATCATTGCGA-1",8.63794980721178
"GACGTTATCCCGGATG-1",1.75402832933928
"GACGTTATCCGAAGAG-1",5.72271124194982
"GACGTTATCGCGTTTC-1",13.765435459661
"GACGTTATCTGTCCGT-1",3.48511360190157
"GACTAACAGACAGAGA-1",10.5611452875497
"GACTAACAGTGGAGAA-1",5.14567732038316
"GACTAACCAAATCCGT-1",5.53641143315015
"GACTAACGTCTAGTCA-1",3.59115792893429
"GACTAACGTGCAACTT-1",0
"GACTAACGTTCAGACT-1",6.10776767520641
"GACTAACTCCTTTCTC-1",7.1505200402535
"GACTAACTCTTGCCGT-1",4.50160499584247
"GACTAACTCTTTACAC-1",4.46011725841072
"GACTACAAGATATGGT-1",3.89311809104911
"GACTACACAAATCCGT-1",3.36115625737162
"GACTACAGTGCTGTAT-1",2.53703559597309
"GACTACATCAGCCTAA-1",1.78429860398032
"GACTACATCAGGTAAA-1",7.85954696208338
"GACTACATCTGCAGTA-1",10.3359764443726
"GACTGCGAGCGTAGTG-1",10.4965773776573
"GACTGCGAGTTGTAGA-1",8.61718289949537
"GACTGCGCACTTAACG-1",3.18761760774577
"GACTGCGCATGTTCCC-1",6.5030372814038
"GACTGCGGTACGCACC-1",7.96419563438976
"GACTGCGGTTCTCATT-1",12.3549548130067
"GACTGCGTCAACACAC-1",4.34612248005566
"GACTGCGTCACGACTA-1",6.89082773386031
"GACTGCGTCGCCCTTA-1",9.19958561919137
"GACTGCGTCTCAAACG-1",5.86216299135607
"GAGCAGAGTAGGGTAC-1",1.98749471708216
"GAGCAGAGTCAGATAA-1",7.20476268540476
"GAGCAGAGTCATATGC-1",1.78429860398032
"GAGCAGAGTGAGCGAT-1",3.89311809104911
"GAGCAGAGTGTAACGG-1",1.75481895374561
"GAGCAGAGTGTGACCC-1",10.2926346470413
"GAGCAGAGTTCGGGCT-1",8.91693165695638
"GAGCAGAGTTTAAGCC-1",0
"GAGCAGAGTTTGCATG-1",7.2897654766738
"GAGGTGAAGCAACGGT-1",9.30913672410699
"GAGGTGAAGGCTCTTA-1",0
"GAGGTGAAGTGGTAGC-1",5.2878133652108
"GAGGTGAAGTTGTAGA-1",1.75402832933928
"GAGGTGACACTGTCGG-1",3.54333051875056
"GAGGTGACATCCTTGC-1",7.77561792865003
"GAGGTGACATGCATGT-1",11.237263538361
"GAGGTGAGTACCTACA-1",6.89082773386031
"GAGGTGAGTCATTAGC-1",3.51880331684861
"GAGGTGAGTTCCTCCA-1",1.44096392305322
"GAGGTGATCATCGCTC-1",4.10787570896725
"GAGGTGATCTAGAGTC-1",1.95870423781931
"GAGGTGATCTCTAGGA-1",8.7427849281919
"GAGGTGATCTGCTGTC-1",0
"GAGGTGATCTGGGCCA-1",3.47866908836239
"GAGTCCGAGGACAGAA-1",6.44465360599884
"GAGTCCGAGGCATGTG-1",7.47744190815477
"GAGTCCGAGGCGTACA-1",7.21712646029761
"GAGTCCGCAAACCCAT-1",6.31409565899557
"GAGTCCGGTCAAGCGA-1",7.35919676317445
"GAGTCCGGTGACCAAG-1",11.2818513447439
"GAGTCCGGTGACTCAT-1",3.42798336940827
"GAGTCCGGTGTGACCC-1",5.39538629360668
"GAGTCCGGTTCGGGCT-1",10.6381874092645
"GAGTCCGGTTTGCATG-1",5.23637936851693
"GAGTCCGTCGGCGCAT-1",8.36749387831014
"GAGTCCGTCTGATTCT-1",4.15533805683384
"GATCAGTAGATGTCGG-1",1.77814034080982
"GATCAGTAGTGGTAGC-1",0
"GATCAGTGTATATGAG-1",8.6856611211518
"GATCAGTGTCTGCGGT-1",9.45203800134494
"GATCAGTGTTATGCGT-1",4.02049778707854
"GATCAGTGTTGTACAC-1",8.6856611211518
"GATCGATAGAATGTTG-1",13.765435459661
"GATCGATAGAGCTGCA-1",10.0329079336587
"GATCGATAGCATGGCA-1",3.75356380978385
"GATCGATCAAGCGAGT-1",7.60159221010536
"GATCGATCAAGCGTAG-1",1.75244973605793
"GATCGATGTCAACATC-1",4.54420791505421
"GATCGATGTTGCCTCT-1",5.98646613110377
"GATCGATTCCGCATCT-1",8.77325132966973
"GATCGCGAGATAGTCA-1",1.29947695644132
"GATCGCGAGCCTTGAT-1",6.67537467085436
"GATCGCGAGGAGCGTT-1",6.98933556947808
"GATCGCGCAGGTCGTC-1",2.69912134389714
"GATCGCGGTACAGCAG-1",6.29416201588487
"GATCGCGGTGAGTATA-1",7.47744190815477
"GATCGCGGTTGTCGCG-1",5.57418914045727
"GATCGCGTCACTCCTG-1",5.62277990566271
"GATCGTAAGACATAAC-1",5.09175139218236
"GATCGTAAGCTCAACT-1",3.91023037897304
"GATCGTACATAACCTG-1",1.82589247559751
"GATCGTAGTGGCTCCA-1",5.72271124194982
"GATCGTATCATATCGG-1",1.85078388857223
"GATCGTATCATGTCCC-1",5.24386012929882
"GATCGTATCTTACCGC-1",8.78348967468754
"GATCTAGAGCGTCTAT-1",3.95090360138264
"GATCTAGAGTGGAGAA-1",16.9825884144078
"GATCTAGCAACACCTA-1",3.56197745541291
"GATCTAGCAAGGGTCA-1",9.3144694009356
"GATCTAGGTCTAAAGA-1",1.65683308016806
"GATCTAGGTCTCACCT-1",5.57418914045727
"GATCTAGGTCTCTTTA-1",6.13934375650454
"GATCTAGTCACATAGC-1",1.60752067267123
"GATCTAGTCTAAGCCA-1",1.77814034080982
"GATGAAAAGAGTAATC-1",3.95090360138264
"GATGAAAAGCTCCCAG-1",0
"GATGAAACACGGTAGA-1",7.61602330774544
"GATGAAACAGCTGTAT-1",5.38434526096369
"GATGAAAGTGGGTATG-1",6.13899898825888
"GATGAAATCACCCTCA-1",3.37820629262812
"GATGAAATCACTCCTG-1",3.69246248639899
"GATGAAATCAGCAACT-1",7.60159221010536
"GATGAAATCGAGAGCA-1",3.44896728450656
"GATGAGGAGATCCCGC-1",8.50162519170221
"GATGAGGAGTTCGATC-1",2.19014490174816
"GATGAGGCACCAGTTA-1",4.92343417465678
"GATGAGGGTATCACCA-1",4.15533805683384
"GATGAGGGTATTCGTG-1",9.79510503499052
"GATGAGGGTCGCGTGT-1",2.69912134389714
"GATGAGGGTGATGATA-1",1.65683308016806
"GATGAGGTCACAGGCC-1",3.02296819787208
"GATGAGGTCACATAGC-1",0
"GATGAGGTCCCTTGTG-1",10.1380604948842
"GATGAGGTCTGCTGTC-1",6.89082773386031
"GATGCTAAGACTAAGT-1",7.15780168250013
"GATGCTAAGGATGCGT-1",7.60159221010536
"GATGCTAAGGCTCTTA-1",10.0823942690995
"GATGCTAAGGGAACGG-1",10.5940429921368
"GATGCTAAGTATCTCG-1",8.7427849281919
"GATGCTAAGTCTCGGC-1",5.73809023965826
"GATGCTACATGTTGAC-1",2.23062151051123
"GATGCTACATTGCGGC-1",11.9241078519851
"GATGCTAGTCTCCATC-1",4.15533805683384
"GATGCTAGTGGAAAGA-1",2.08594362943213
"GATGCTAGTTAGGGTG-1",4.23022705533103
"GATGCTATCCTGTACC-1",8.87651802068367
"GATGCTATCGGCGCTA-1",5.21581799888008
"GATTCAGAGAAACCTA-1",3.06023494760362
"GATTCAGAGAGTGACC-1",6.30373817693387
"GATTCAGAGATTACCC-1",3.00587257099838
"GATTCAGAGGGTCGAT-1",5.81280549031889
"GATTCAGAGGTCGGAT-1",6.10975640853189
"GATTCAGAGTCAATAG-1",5.23637936851693
"GATTCAGCAAGTTGTC-1",5.09175139218236
"GATTCAGCAATTCCTT-1",9.3144694009356
"GATTCAGCAGGGTACA-1",4.63228446905637
"GATTCAGCATCGACGC-1",5.2950099336312
"GATTCAGCATTATCTC-1",10.6379591133616
"GATTCAGGTAAATACG-1",0
"GATTCAGTCAACTCTT-1",5.73011379968459
"GCAAACTAGATGTTAG-1",0
"GCAAACTAGTCATGCT-1",9.16095628051909
"GCAAACTAGTCTCAAC-1",4.73520532652693
"GCAAACTCACAGGTTT-1",0
"GCAAACTGTCAGATAA-1",6.58664664149359
"GCAAACTGTCTCCATC-1",5.89816811517585
"GCAAACTTCGTGGTCG-1",4.46011725841072
"GCAATCAAGGGATCTG-1",13.3404889881407
"GCAATCAAGTATCTCG-1",6.66238097352518
"GCAATCAAGTGGGTTG-1",5.73011379968459
"GCAATCACAGCTTAAC-1",0
"GCAATCACATGTCGAT-1",5.54755656106075
"GCAATCACATTCCTCG-1",12.1702243045621
"GCAATCAGTAGGAGTC-1",5.46801115423168
"GCAATCAGTATAATGG-1",5.73011379968459
"GCAATCAGTTCTCATT-1",7.14164702493183
"GCAATCAGTTCTGGTA-1",5.61814274885758
"GCACATAAGAGCTATA-1",5.44925585857814
"GCACATAAGATGTTAG-1",9.12149816434243
"GCACATAAGCCTTGAT-1",8.23329671199618
"GCACATAAGGAGTACC-1",7.88869298857737
"GCACATAAGTGAAGTT-1",4.58456069389216
"GCACATACACCACGTG-1",10.1950630889164
"GCACATACAGCTGTAT-1",1.95245287211938
"GCACATACAGGAACGT-1",3.58870521580858
"GCACATAGTCATCGGC-1",6.00590612770826
"GCACATAGTCCGAATT-1",8.76989359532973
"GCACATAGTCTCTTTA-1",6.38792019841242
"GCACATAGTGCGCTTG-1",11.4646890034799
"GCACATATCACCTCGT-1",4.13479215337343
"GCACATATCTGGTTCC-1",3.96111098248575
"GCACTCTCAAGACACG-1",5.76217000067006
"GCACTCTCAATCACAC-1",3.21937055104368
"GCACTCTCATTTCAGG-1",12.2907499375365
"GCACTCTGTAAACCTC-1",6.58664664149359
"GCACTCTGTACCAGTT-1",6.92866967743876
"GCACTCTGTAGAAAGG-1",1.82589247559751
"GCACTCTGTCGAACAG-1",2.14493407592794
"GCACTCTGTCTAGGTT-1",9.3144694009356
"GCACTCTTCAACTCTT-1",3.37820629262812
"GCACTCTTCCCTAATT-1",4.76322529749996
"GCACTCTTCTGCCCTA-1",10.0823942690995
"GCAGCCAAGCTGATAA-1",3.06023494760362
"GCAGCCACATGAGCGA-1",1.99021672505133
"GCAGCCAGTAATCGTC-1",9.5504581006062
"GCAGCCAGTGTCGCTG-1",7.88886517737829
"GCAGCCATCAGTTGAC-1",6.58664664149359
"GCAGCCATCCCAACGG-1",5.23637936851693
"GCAGCCATCCGTACAA-1",0
"GCAGTTAAGTCCATAC-1",8.43710297276653
"GCAGTTAAGTCCGTAT-1",5.2950099336312
"GCAGTTAAGTTAACGA-1",6.4056543418187
"GCAGTTAGTGGACGAT-1",5.47130995715584
"GCAGTTAGTTATTCTC-1",3.42798336940827
"GCAGTTATCGCGATCG-1",8.46478931072371
"GCATACAAGATCTGCT-1",5.62990732215751
"GCATACAAGCAACGGT-1",8.43710297276653
"GCATACACAACGCACC-1",5.83615565963363
"GCATACACAAGGACTG-1",0
"GCATACACAAGTCTGT-1",0
"GCATACACAGTCAGCC-1",8.87651802068367
"GCATACACATCCTAGA-1",5.21581799888008
"GCATACACATCGGAAG-1",4.58456069389216
"GCATACAGTCCGAACC-1",3.79275317279781
"GCATACAGTTCTGGTA-1",5.42428992558854
"GCATACATCCACGACG-1",3.75356380978385
"GCATGATAGAATGTTG-1",8.36749387831014
"GCATGATAGAGTAATC-1",11.8059135993419
"GCATGATAGCTGATAA-1",1.82589247559751
"GCATGATAGGACCACA-1",8.87651802068367
"GCATGATAGGCTAGCA-1",6.70841368439423
"GCATGATAGTCAAGCG-1",5.58529322023939
"GCATGATAGTGGAGAA-1",3.21937055104368
"GCATGATCACACCGAC-1",3.89311809104911
"GCATGATCACATTTCT-1",5.24386012929882
"GCATGATGTCCCTACT-1",12.8767760667964
"GCATGATGTTGCGCAC-1",5.44925585857813
"GCATGATTCGTGGACC-1",8.94981912800743
"GCATGCGAGCATGGCA-1",6.37997042941617
"GCATGCGAGTCCAGGA-1",7.07510248693117
"GCATGCGCACTGCCAG-1",0
"GCATGCGGTAAGGATT-1",6.14773943419047
"GCATGCGGTCCTCTTG-1",8.52246166279924
"GCATGCGGTGTGAAAT-1",6.98933556947808
"GCATGCGTCCGCGGTA-1",4.50160499584247
"GCATGTAAGAACTGTA-1",7.14191830807971
"GCATGTAAGACAGACC-1",5.19160723733217
"GCATGTAAGTACTTGC-1",8.44184047438767
"GCATGTAAGTGCAAGC-1",5.24386012929882
"GCATGTACAACACGCC-1",7.88886517737829
"GCATGTATCACGAAGG-1",0
"GCCAAATCAAACTGTC-1",9.08298319892162
"GCCAAATCAAGGGTCA-1",7.18742106926047
"GCCAAATCAAGTTCTG-1",5.6918263188071
"GCCAAATCATAACCTG-1",6.67537467085436
"GCCAAATGTATAAACG-1",11.9241078519851
"GCCAAATGTGTTTGGT-1",3.21937055104368
"GCCAAATGTTTCGCTC-1",0
"GCCAAATTCAGGTAAA-1",6.10567731675237
"GCCAAATTCCGAGCCA-1",9.37105688634311
"GCCAAATTCCGCGGTA-1",1.53592988927468
"GCCAAATTCGGCTACG-1",10.5940429921368
"GCCTCTAAGAGTACCG-1",0
"GCCTCTAAGCCATCGC-1",5.90538458394784
"GCCTCTAAGCCGCCTA-1",6.8267632930628
"GCCTCTAAGCGATAGC-1",6.88602961158039
"GCCTCTAAGCTGCAAG-1",3.51880331684861
"GCCTCTAAGCTTCGCG-1",9.3144694009356
"GCCTCTAAGTCACGCC-1",2.19014490174816
"GCCTCTACAAGACGTG-1",3.4932549740492
"GCCTCTACAGCTATTG-1",5.78054736882889
"GCCTCTAGTAAGGATT-1",7.1505200402535
"GCCTCTAGTGATGATA-1",1.82589247559751
"GCCTCTAGTTAAGGGC-1",4.54420791505421
"GCCTCTATCAGCGACC-1",2.14493407592794
"GCCTCTATCCGATATG-1",3.39340243965478
"GCCTCTATCGAATCCA-1",6.71607094243714
"GCCTCTATCGAGCCCA-1",3.06023494760362
"GCCTCTATCGCTGATA-1",0
"GCCTCTATCTTTAGGG-1",2.96271428429225
"GCGACCAAGAGGTTAT-1",1.99021672505133
"GCGACCACACTTACGA-1",4.40887294910614
"GCGACCAGTCAGGACA-1",6.10538840795769
"GCGACCAGTCTAGAGG-1",3.59115792893429
"GCGACCATCAACGGGA-1",5.92244749265567
"GCGACCATCCCGGATG-1",6.5030372814038
"GCGACCATCTACTCAT-1",9.82866180815113
"GCGAGAAAGGTTCCTA-1",2.69587412754802
"GCGAGAAAGTACGATA-1",11.5608349443747
"GCGAGAAAGTGTCTCA-1",4.41913063679893
"GCGAGAACAAGCCCAC-1",0
"GCGAGAACACTGAAGG-1",3.69246248639899
"GCGAGAAGTAGCGCTC-1",11.2818513447439
"GCGAGAAGTCCCTACT-1",3.27380487312458
"GCGAGAATCCTTTCGG-1",2.12196671391844
"GCGAGAATCGAGAGCA-1",5.22588234458609
"GCGAGAATCGCACTCT-1",1.35247189521277
"GCGCAACAGTCCTCCT-1",3.95090360138264
"GCGCAACAGTGTACGG-1",1.77814034080982
"GCGCAACCAAGTCTGT-1",5.63085168453051
"GCGCAACCAGCCACCA-1",2.04387007589497
"GCGCAACGTAGCGCTC-1",6.01254049968685
"GCGCAACGTCCCTTGT-1",6.70841368439423
"GCGCAACGTCCTAGCG-1",3.51880331684861
"GCGCAACGTCGACTAT-1",0
"GCGCAACGTCTAGAGG-1",12.0781772836021
"GCGCAACTCAATACCG-1",7.83653257867008
"GCGCAGTCACATCCAA-1",1.56879010773368
"GCGCAGTCATTACCTT-1",6.91702454496148
"GCGCAGTGTTAGGGTG-1",3.54333051875056
"GCGCAGTTCGATCCCT-1",6.20552036808241
"GCGCAGTTCGCGGATC-1",5.13037146204974
"GCGCCAAAGACATAAC-1",1.77814034080982
"GCGCCAAAGGACAGCT-1",1.60752067267123
"GCGCCAAAGGCCCTTG-1",1.86355644233966
"GCGCCAAAGGGCTTCC-1",3.95090360138264
"GCGCCAAAGGTACTCT-1",11.5127744880349
"GCGCCAACATAACCTG-1",7.13782774906057
"GCGCCAACATTGGGCC-1",2.12846078679514
"GCGCCAAGTACTTGAC-1",2.48600736536419
"GCGCCAAGTCGGCACT-1",5.50173159100027
"GCGCCAAGTGAAAGAG-1",4.95198778620516
"GCGCCAAGTTGTACAC-1",10.6471767778642
"GCGCCAATCCGTTGCT-1",7.60999311810839
"GCGCGATAGAAGGTTT-1",10.5940429921368
"GCGCGATAGCAGGTCA-1",11.237263538361
"GCGCGATAGTGAATTG-1",13.9340938232395
"GCGCGATAGTTTGCGT-1",5.44925585857813
"GCGCGATCAGCTCGAC-1",11.8858437380315
"GCGCGATGTAAGTAGT-1",9.16095628051909
"GCGCGATGTCACTTCC-1",2.12846078679514
"GCGCGATGTTACCAGT-1",12.0142796478696
"GCGCGATTCAGTTAGC-1",4.81054726316854
"GCGCGATTCGTTTAGG-1",3.87995036260572
"GCGGGTTAGAAACGAG-1",0
"GCGGGTTAGCTATGCT-1",5.13123536354202
"GCGGGTTAGTGTGAAT-1",2.67777164136099
"GCGGGTTCACGCGAAA-1",8.87651802068367
"GCGGGTTCAGGCAGTA-1",1.60752067267123
"GCGGGTTCAGTAACGG-1",1.40140761631585
"GCGGGTTGTGAGTATA-1",8.65141407912715
"GCGGGTTGTGGCGAAT-1",9.9192817422626
"GCGGGTTTCCAAAGTC-1",8.25231693590568
"GCGGGTTTCCTTTCTC-1",5.53641143315015
"GCGGGTTTCTCCAACC-1",5.63803698246595
"GCGGGTTTCTTGAGGT-1",5.03627065278419
"GCGGGTTTCTTGTATC-1",6.34837500561548
"GCTCCTACAAACTGTC-1",4.3600628342493
"GCTCCTACACCAGGTC-1",2.12846078679514
"GCTCCTACACCGATAT-1",5.29317665320255
"GCTCCTACAGGGTACA-1",5.62990732215751
"GCTCCTACATTAGCCA-1",8.7427849281919
"GCTCCTAGTCAGGACA-1",0
"GCTCCTAGTCCGTCAG-1",6.39611878308457
"GCTCCTATCAGCCTAA-1",3.95090360138264
"GCTCCTATCCCTAATT-1",3.54333051875056
"GCTCTGTAGAGGTAGA-1",5.53641143315015
"GCTCTGTAGCTGAACG-1",5.89816811517585
"GCTCTGTAGGAGTCTG-1",2.23062151051123
"GCTCTGTAGTGCTGCC-1",10.5940429921368
"GCTCTGTAGTGGACGT-1",3.79275317279781
"GCTCTGTTCACCTCGT-1",8.11740825426442
"GCTGCAGAGCGTGAGT-1",10.4000056901058
"GCTGCAGAGTCAAGCG-1",4.13479215337343
"GCTGCAGAGTCCCACG-1",3.78906321479878
"GCTGCAGCAATTGCTG-1",6.70841368439423
"GCTGCAGCATGCCCGA-1",5.14567732038316
"GCTGCAGCATGCCTAA-1",4.15533805683384
"GCTGCAGGTAAACCTC-1",5.41320224655064
"GCTGCAGGTACGAAAT-1",5.24386012929882
"GCTGCAGGTAGCGCAA-1",6.12361851996005
"GCTGCAGGTCACCCAG-1",9.97349155674539
"GCTGCAGGTCATGCCG-1",7.88886517737829
"GCTGCGAAGGAATGGA-1",12.5655907028832
"GCTGCGAGTCTAACGT-1",7.18742106926047
"GCTGCGAGTGTTTGGT-1",7.34703807636642
"GCTGCGATCTCCTATA-1",3.94955202676378
"GCTGCGATCTTGTTTG-1",5.62222465464904
"GCTGCTTAGAATTGTG-1",4.13479215337343
"GCTGCTTAGGCAATTA-1",12.1702243045621
"GCTGCTTCATCACGTA-1",10.8221047318995
"GCTGCTTCATCCAACA-1",1.77814034080982
"GCTGCTTCATGCCTAA-1",4.93506337564625
"GCTGCTTCATGGTCAT-1",0
"GCTGCTTGTAACGACG-1",0
"GCTGCTTGTAATCGTC-1",4.54420791505421
"GCTGCTTGTAGGGACT-1",8.16172723645592
"GCTGCTTGTGAAAGAG-1",9.562599328453
"GCTGCTTTCCGGGTGT-1",7.15231292995237
"GCTGGGTAGACCCACC-1",0
"GCTGGGTAGCCACGCT-1",3.4418374456166
"GCTGGGTAGTCGCCGT-1",3.34439649238596
"GCTGGGTAGTCTCAAC-1",1.95870423781931
"GCTGGGTCACGGCTAC-1",0
"GCTGGGTCAGCCAATT-1",0
"GCTGGGTGTACAGTTC-1",5.69494143393013
"GCTGGGTGTACCGTTA-1",6.5030372814038
"GCTGGGTGTCGAGTTT-1",9.24360573753536
"GCTGGGTGTCTCCACT-1",5.89464433740973
"GCTGGGTGTGCCTGTG-1",9.2427844033008
"GCTGGGTTCAGCTTAG-1",3.96114509230149
"GCTGGGTTCCTTAATC-1",0
"GCTTCCAAGAAACCTA-1",4.99552072357776
"GCTTCCACACCACCAG-1",1.99021672505133
"GCTTCCACAGGTCGTC-1",9.79510503499052
"GCTTCCACAGTGAGTG-1",5.73011379968459
"GCTTCCAGTATAGGTA-1",3.18761760774577
"GCTTCCAGTTCAGCGC-1",3.48647480873811
"GCTTCCATCGTCCAGG-1",3.75356380978385
"GCTTGAAAGATGGCGT-1",5.58161494483355
"GCTTGAAAGCCGTCGT-1",9.24360573753536
"GCTTGAACAAACCTAC-1",4.54420791505421
"GCTTGAACACGGTGTC-1",0
"GCTTGAACATCGGAAG-1",10.5030164105958
"GCTTGAAGTGCGGTAA-1",4.46011725841072
"GCTTGAAGTTCTCATT-1",5.81280549031889
"GCTTGAATCAGGATCT-1",2.19014490174816
"GGAAAGCAGGCAGGTT-1",3.75356380978385
"GGAAAGCCAAACGCGA-1",10.9356861936121
"GGAAAGCCAAGTACCT-1",7.2897654766738
"GGAAAGCGTAAGCACG-1",0
"GGAAAGCGTCCTCCAT-1",7.6305017681519
"GGAAAGCGTCGCGTGT-1",6.55076105656801
"GGAAAGCGTGCTTCTC-1",7.26063966705362
"GGAAAGCTCCAGAGGA-1",7.93497631166563
"GGAACTTAGAGTAAGG-1",0
"GGAACTTCAATGTAAG-1",5.89816811517585
"GGAACTTCACAGGAGT-1",0
"GGAACTTCACCTCGTT-1",3.36316707945828
"GGAACTTGTCTCTTTA-1",10.3523034963146
"GGAACTTTCATTGCCC-1",5.89816811517585
"GGAACTTTCATTTGGG-1",8.84430615061611
"GGAACTTTCCGTCATC-1",4.15867631931221
"GGAACTTTCCTCAACC-1",2.08594362943213
"GGAACTTTCGGATGTT-1",4.34796557134329
"GGAATAAAGGTACTCT-1",5.76217000067006
"GGAATAAAGTGTCCAT-1",4.47517817189854
"GGAATAACAGCGTCCA-1",9.19958561919137
"GGAATAAGTCTGGTCG-1",5.03627065278419
"GGAATAAGTGCAGGTA-1",1.78429860398032
"GGAATAATCAGCACAT-1",3.02296819787208
"GGAATAATCTTTACGT-1",4.33347908699521
"GGACAAGAGGTACTCT-1",4.37962234355252
"GGACAAGCAACGATGG-1",7.39104465095673
"GGACAAGCAGTCGTGC-1",1.77814034080982
"GGACAAGCATGGGACA-1",8.43710297276653
"GGACAAGGTATAAACG-1",4.97232870457883
"GGACAAGGTATGAAAC-1",1.50629793178557
"GGACAAGGTCGGCATC-1",0
"GGACAAGGTTATGCGT-1",5.72271124194982
"GGACAAGTCTAACGGT-1",2.14493407592794
"GGACAGAAGCTAGTCT-1",8.36749387831014
"GGACAGAAGTACTTGC-1",11.9209101042523
"GGACAGACAACACGCC-1",8.24558506549659
"GGACAGACACAAGCCC-1",6.91763298287943
"GGACAGAGTAAGTGGC-1",6.29416201588487
"GGACAGAGTCTTTCAT-1",4.34796557134329
"GGACAGAGTGAGGGAG-1",5.6112349227285
"GGACAGAGTTCCACAA-1",7.56973243026395
"GGACAGATCAACGCTA-1",8.47942920337098
"GGACATTAGAGGGCTT-1",10.0467294378022
"GGACATTAGCCACGTC-1",1.95870423781931
"GGACATTCAAACGCGA-1",1.65683308016806
"GGACATTCAATGACCT-1",7.60159221010536
"GGACATTCACCAGCAC-1",10.5940429921368
"GGACATTGTTCTGGTA-1",3.06023494760362
"GGACATTTCCTCTAGC-1",4.79708045288446
"GGACGTCAGTACTTGC-1",10.7517121820549
"GGACGTCAGTGGTAAT-1",7.6305017681519
"GGACGTCCACAGTCGC-1",6.1053884079577
"GGACGTCGTGAGGGAG-1",5.63803698246595
"GGACGTCGTGGCGAAT-1",4.76322529749996
"GGACGTCGTTACGGAG-1",5.76374579248327
"GGACGTCGTTTAAGCC-1",10.5739744289541
"GGACGTCTCCACTCCA-1",6.33872233730974
"GGACGTCTCGCAAACT-1",3.32653534053755
"GGACGTCTCTCCAGGG-1",5.69494143393013
"GGACGTCTCTCGAGTA-1",0
"GGACGTCTCTGGTGTA-1",4.46011725841072
"GGACGTCTCTTCGAGA-1",11.8858437380315
"GGAGCAAAGAACTCGG-1",4.11218343896977
"GGAGCAAAGACTGTAA-1",5.63085168453051
"GGAGCAAAGCCGCCTA-1",7.89064035504066
"GGAGCAAAGCTAAACA-1",1.77814034080982
"GGAGCAAAGTACGCCC-1",3.96114509230149
"GGAGCAACAAGCTGTT-1",0
"GGAGCAACAATGGACG-1",2.14493407592794
"GGAGCAACAATTCCTT-1",3.31007698422292
"GGAGCAACATGCTGGC-1",5.39349489647015
"GGAGCAAGTGAGTATA-1",3.91488187810591
"GGAGCAAGTTACTGAC-1",9.76300460233066
"GGAGCAATCAAGATCC-1",11.2818513447439
"GGAGCAATCCCATTTA-1",8.87651802068367
"GGATGTTCAAACTGTC-1",1.77814034080982
"GGATGTTTCATCACCC-1",8.59521635025326
"GGATGTTTCATGCATG-1",3.4418374456166
"GGATGTTTCCTACAGA-1",6.29416201588487
"GGATGTTTCCTCTAGC-1",10.4000056901058
"GGATTACAGATCCCAT-1",5.0025153832477
"GGATTACAGCTTCGCG-1",1.77814034080982
"GGATTACAGGCTAGCA-1",8.6762113300849
"GGATTACAGTATCTCG-1",4.73520532652693
"GGATTACCAAGCGTAG-1",10.3523034963146
"GGATTACCACATCCGG-1",0
"GGATTACCAGCGTAAG-1",6.8629059795676
"GGATTACGTAATAGCA-1",9.2427844033008
"GGATTACGTACACCGC-1",5.07156539144019
"GGATTACGTCTCTTTA-1",0
"GGATTACGTTGAGGTG-1",5.3963799182213
"GGATTACTCGCGCCAA-1",7.13828004208357
"GGATTACTCGGCGCAT-1",4.64864436443002
"GGATTACTCTGCCCTA-1",2.67609516007899
"GGCAATTCAATCGGTT-1",5.11425664668042
"GGCAATTCACGGCGTT-1",6.0845720817978
"GGCAATTCATCACCCT-1",13.3756094351358
"GGCAATTGTCGATTGT-1",5.24386012929882
"GGCAATTTCACTTACT-1",12.5386238304145
"GGCAATTTCAGCACAT-1",3.06023494760362
"GGCAATTTCTCCGGTT-1",2.53703559597309
"GGCCGATAGTGTCTCA-1",9.76045307956345
"GGCCGATCACGGACAA-1",4.22730477913861
"GGCCGATGTAGGACAC-1",1.77325184657207
"GGCCGATGTCACTGGC-1",8.7427849281919
"GGCCGATGTCCCTACT-1",9.3144694009356
"GGCCGATTCACCGTAA-1",9.37105688634311
"GGCCGATTCCGCGCAA-1",6.2954495261643
"GGCGACTAGAGCTGGT-1",7.20416010924018
"GGCGACTAGGACCACA-1",6.18866972105421
"GGCGACTAGGTTACCT-1",7.88886517737829
"GGCGACTCAAAGCGGT-1",5.08135319827745
"GGCGACTCAAGAGTCG-1",8.83620410574047
"GGCGACTCACCAGGTC-1",5.22588234458609
"GGCGACTCATTGTGCA-1",2.48600736536419
"GGCGACTTCAGAAATG-1",0
"GGCGACTTCAGAGACG-1",6.29416201588487
"GGCGACTTCCAGATCA-1",4.34612248005566
"GGCGACTTCTCTAGGA-1",2.04387007589497
"GGCGTGTAGCTAGCCC-1",0
"GGCGTGTAGGGTATCG-1",1.50629793178557
"GGCGTGTCAGGTCCAC-1",1.66547124153566
"GGCGTGTCAGTATAAG-1",6.12657470522525
"GGCGTGTCATCGTCGG-1",0
"GGCGTGTCATGGAATA-1",6.55076105656801
"GGCGTGTGTCTCCCTA-1",6.89082773386031
"GGCGTGTTCTTGAGGT-1",6.1053884079577
"GGCTCGAAGCCGTCGT-1",11.2750656775857
"GGCTCGAAGGTAAACT-1",0
"GGCTCGACAAGAAGAG-1",7.88886517737829
"GGCTCGACAATAGCAA-1",1.65683308016806
"GGCTCGACATGGTCAT-1",2.67609516007899
"GGCTCGAGTATATCCG-1",5.2950099336312
"GGCTCGAGTTACGTCA-1",8.44309837529573
"GGCTCGAGTTAGGGTG-1",7.13499437620792
"GGCTCGATCTGCAAGT-1",0
"GGCTGGTAGAAGAAGC-1",6.55076105656801
"GGCTGGTAGACCCACC-1",8.7427849281919
"GGCTGGTCAAGGACAC-1",3.16115386254251
"GGCTGGTCACTGCCAG-1",0
"GGCTGGTCATTTCAGG-1",3.96114509230149
"GGCTGGTGTATTCTCT-1",7.0617427290684
"GGCTGGTGTCGCATCG-1",0
"GGCTGGTGTCTAGTGT-1",9.76300460233066
"GGCTGGTGTTATGCGT-1",4.07843332103618
"GGGAATGAGCGTTGCC-1",7.18742106926047
"GGGAATGAGTAGGTGC-1",1.38054700437752
"GGGAATGGTAAGGGAA-1",7.39649162448274
"GGGAATGTCAACGAAA-1",1.86355644233966
"GGGAATGTCCAGTATG-1",8.94981912800743
"GGGAATGTCCGGGTGT-1",5.06322254868971
"GGGACCTAGATGTAAC-1",5.76374579248327
"GGGACCTAGTCTTGCA-1",1.40766922070462
"GGGACCTCAATCAGAA-1",5.21581799888008
"GGGACCTCACTGAAGG-1",3.21937055104368
"GGGAGATAGTACGACG-1",4.76322529749996
"GGGAGATCAAAGTGCG-1",7.39104465095673
"GGGAGATCAAATCCGT-1",2.67609516007899
"GGGAGATCAAGGACTG-1",8.79026716750887
"GGGAGATCACGCGAAA-1",5.69344474138464
"GGGAGATGTAGCGCAA-1",1.52066335423564
"GGGAGATTCAACGGGA-1",1.99021672505133
"GGGAGATTCATCACCC-1",2.08594362943213
"GGGATGAAGTGACATA-1",5.63891105330781
"GGGATGACATCATCCC-1",3.06023494760362
"GGGATGAGTCACCCAG-1",3.31961205457678
"GGGATGAGTGGAAAGA-1",5.58529322023939
"GGGATGAGTTACGACT-1",8.65587862883769
"GGGATGAGTTGGTAAA-1",5.27425730889253
"GGGATGATCAGTTAGC-1",10.3359764443726
"GGGATGATCTATCCTA-1",4.50160499584247
"GGGATGATCTTTAGGG-1",2.08594362943213
"GGGCACTAGTCTCGGC-1",2.08594362943213
"GGGCACTCATCTCCCA-1",12.2907499375365
"GGGCACTTCACCTCGT-1",16.9825884144078
"GGGCACTTCTGAGGGA-1",4.02049778707854
"GGGCATCCAATGTAAG-1",10.7988861203003
"GGGCATCCAGTCTTCC-1",7.20476268540476
"GGGCATCGTGGCGAAT-1",0
"GGGCATCTCACAGTAC-1",5.62990732215751
"GGGCATCTCCCTTGTG-1",4.99552072357776
"GGGCATCTCCGGCACA-1",4.24907456197151
"GGGCATCTCTGTCCGT-1",5.41320224655064
"GGGCATCTCTTATCTG-1",7.1505200402535
"GGGTCTGAGAAGATTC-1",4.04396886310953
"GGGTCTGAGATCCCGC-1",3.21937055104368
"GGGTCTGAGCCAACAG-1",2.38795483309312
"GGGTCTGCACAGGCCT-1",5.24386012929882
"GGGTCTGCACCAGGTC-1",9.9734915567454
"GGGTCTGGTCTGGTCG-1",8.44521007740639
"GGGTCTGGTGATGATA-1",5.73011379968459
"GGGTCTGGTGTGACCC-1",3.58453211107078
"GGGTCTGTCAACTCTT-1",6.44465360599884
"GGGTCTGTCACTCCTG-1",2.69587412754802
"GGGTCTGTCCGTAGTA-1",7.13499437620792
"GGGTTGCAGACAGAGA-1",0
"GGGTTGCAGACCTTTG-1",5.69344474138464
"GGGTTGCAGATCGATA-1",10.0467294378022
"GGGTTGCAGGGTGTTG-1",4.96153159527904
"GGGTTGCAGGTGGGTT-1",5.6918263188071
"GGGTTGCCAATAACGA-1",4.79708045288446
"GGGTTGCCACGCCAGT-1",15.2463074483837
"GGGTTGCCATTAACCG-1",3.06023494760362
"GGGTTGCGTACATCCA-1",9.12149816434243
"GGGTTGCGTAGCGCAA-1",6.45297025556619
"GGGTTGCGTCCTCCAT-1",5.33185251505559
"GGGTTGCGTCGAGTTT-1",9.97349155674539
"GGGTTGCGTGAGTATA-1",2.67609516007899
"GGGTTGCGTGTGACCC-1",5.07156539144019
"GGGTTGCTCGTACCGG-1",4.54420791505421
"GGTATTGAGCACCGTC-1",2.00731416038944
"GGTATTGAGCTATGCT-1",6.98933556947808
"GGTATTGCACATCCAA-1",7.89064035504066
"GGTATTGCAGCTTCGG-1",7.6305017681519
"GGTATTGGTTCCGTCT-1",11.6871898535537
"GGTATTGTCAGAAATG-1",10.3523034963146
"GGTATTGTCCATTCTA-1",1.47641779932178
"GGTATTGTCGCCAGCA-1",11.8858437380315
"GGTGAAGAGACACGAC-1",4.15533805683384
"GGTGAAGAGATCCGAG-1",6.1053884079577
"GGTGAAGCAAGGTGTG-1",0
"GGTGAAGCACTCGACG-1",4.79708045288446
"GGTGAAGCAGTATGCT-1",6.30159970563
"GGTGAAGGTATGAAAC-1",4.30922416365967
"GGTGAAGGTCAGAATA-1",11.9209101042523
"GGTGAAGGTGGTACAG-1",3.54333051875056
"GGTGAAGGTGTATGGG-1",5.2878133652108
"GGTGAAGGTGTCTGAT-1",2.67609516007899
"GGTGAAGGTGTGGTTT-1",3.9791850452366
"GGTGAAGGTGTGTGCC-1",6.97172705577149
"GGTGAAGTCACGATGT-1",3.52262116280246
"GGTGAAGTCACTCTTA-1",6.10975640853189
"GGTGAAGTCTGGCGTG-1",4.23022705533103
"GGTGCGTAGGTGATTA-1",3.51686959282138
"GGTGCGTAGTACGATA-1",9.76045307956345
"GGTGCGTCACTTAAGC-1",7.98458177951222
"GGTGCGTCAGCTGTAT-1",5.21434661948986
"GGTGCGTGTTCGTTGA-1",2.00731416038944
"GGTGCGTTCCGTACAA-1",8.43710297276653
"GGTGCGTTCTTGACGA-1",3.56707024660423
"GGTGTTAAGGGCTCTC-1",4.07291780179468
"GGTGTTAAGTAGCGGT-1",0
"GGTGTTAAGTGGGATC-1",3.95090360138264
"GGTGTTAAGTTATCGC-1",0
"GGTGTTACAAATCCGT-1",6.13899898825888
"GGTGTTACACGGATAG-1",2.00731416038944
"GGTGTTAGTAATCACC-1",5.58161494483355
"GGTGTTAGTAGCAAAT-1",10.8221047318995
"GGTGTTAGTGTATGGG-1",4.58456069389216
"GGTGTTAGTTGAACTC-1",2.08594362943213
"GGTGTTATCGGACAAG-1",3.21937055104368
"GGTGTTATCGGTGTTA-1",5.69494143393013
"GGTGTTATCTACTTAC-1",14.1608458399715
"GTAACGTAGGTGACCA-1",4.37215009581792
"GTAACGTCACAGGCCT-1",8.46478931072371
"GTAACGTGTACCATCA-1",2.08594362943213
"GTAACGTGTGAGTATA-1",5.08628306207649
"GTAACGTGTTACGGAG-1",1.44096392305322
"GTAACGTGTTAGGGTG-1",3.38755574026458
"GTAACGTTCGGTCCGA-1",10.0378194866409
"GTAACGTTCTCATTCA-1",11.9209101042523
"GTAACTGAGTGGGTTG-1",11.9209101042523
"GTAACTGCAATGGAAT-1",5.21581799888008
"GTAACTGCACAGGCCT-1",14.9176416591519
"GTAACTGCAGGATCGA-1",11.5608349443747
"GTAACTGCATCGGGTC-1",11.5207635538761
"GTAACTGGTATTACCG-1",4.96674994953599
"GTAACTGTCACGGTTA-1",4.83302981233986
"GTAACTGTCTACTATC-1",10.8221047318995
"GTACGTAAGGTGCTTT-1",4.33510361508737
"GTACGTACAGGAATGC-1",1.65683308016806
"GTACGTACATGGATGG-1",1.77814034080982
"GTACGTAGTGAGTGAC-1",4.64864436443002
"GTACGTAGTTGGTAAA-1",4.47517817189854
"GTACGTATCACCTCGT-1",3.26647770696345
"GTACGTATCATCGGAT-1",1.86355644233966
"GTACGTATCCACTGGG-1",2.69587412754802
"GTACTCCAGGCAGTCA-1",1.63056832072081
"GTACTCCCAATAGCGG-1",10.8651681923108
"GTACTCCCACAGGTTT-1",9.40452754094878
"GTACTCCTCACCTTAT-1",5.76589846667747
"GTACTCCTCATTGCCC-1",6.89082773386031
"GTACTCCTCCTTCAAT-1",1.65683308016806
"GTACTTTCAGTTAACC-1",7.93497631166563
"GTACTTTCATGTCGAT-1",4.22944406821467
"GTACTTTTCCGAAGAG-1",3.18761760774577
"GTAGGCCAGCAATCTC-1",0
"GTAGGCCCATTCGACA-1",7.13499437620792
"GTAGGCCGTAACGCGA-1",3.83370995822109
"GTAGGCCGTAAGGGCT-1",5.73011379968459
"GTAGGCCGTACGACCC-1",6.39775041964601
"GTAGGCCGTTCAGGCC-1",9.3144694009356
"GTAGGCCGTTGATTGC-1",8.68753198274666
"GTAGGCCTCAGCACAT-1",3.21113131930547
"GTAGTCAAGAATGTGT-1",6.3550477706184
"GTAGTCAAGATGCCTT-1",7.0617427290684
"GTAGTCAAGGACGAAA-1",10.6381874092645
"GTAGTCAAGTGAAGAG-1",1.65683308016806
"GTAGTCATCGTCACGG-1",4.54420791505421
"GTAGTCATCTGAAAGA-1",6.8267632930628
"GTATCTTAGAAACCAT-1",12.3503404070456
"GTATCTTAGGCTATCT-1",10.1950630889164
"GTATCTTAGTTGTCGT-1",4.59971302868139
"GTATCTTCACACCGCA-1",10.0329079336587
"GTATCTTCACGAAGCA-1",11.9919274535793
"GTATCTTGTTCGCTAA-1",9.12149816434243
"GTATCTTTCATGCTCC-1",1.95870423781931
"GTATCTTTCATGTAGC-1",8.87651802068367
"GTATTCTAGAAACCAT-1",6.58664664149359
"GTATTCTAGACAAAGG-1",5.46801115423168
"GTATTCTCAAAGTCAA-1",5.33185251505559
"GTATTCTCAACAACCT-1",4.68690712077616
"GTATTCTCAACTTGAC-1",4.47517817189854
"GTATTCTCAATAAGCA-1",11.8059135993419
"GTATTCTCAGGGTTAG-1",3.40774553357898
"GTATTCTCATACTACG-1",7.94395278593231
"GTATTCTCATGGTAGG-1",6.31382798212043
"GTATTCTGTAGTGAAT-1",9.4106863587513
"GTATTCTGTCTAGAGG-1",7.14164702493183
"GTCAAGTCATATGCTG-1",1.65683308016806
"GTCAAGTCATGGTTGT-1",3.75356380978385
"GTCAAGTGTCAGCTAT-1",0
"GTCAAGTGTTCCACTC-1",7.14191830807971
"GTCACAAAGCCGATTT-1",3.96114509230149
"GTCACAAAGTGGAGTC-1",8.43710297276653
"GTCACAACAGGTGGAT-1",7.15780168250013
"GTCACAAGTAAACGCG-1",4.3600628342493
"GTCACAATCAGGATCT-1",4.89492399696996
"GTCACAATCAGTTGAC-1",5.55535445929701
"GTCACAATCATGCATG-1",6.44465360599884
"GTCACGGAGATCACGG-1",8.94655397585117
"GTCACGGCATATACCG-1",6.7887554431353
"GTCACGGGTGAGTGAC-1",7.47744190815477
"GTCACGGGTGTGGCTC-1",6.67537467085436
"GTCACGGTCGAGAGCA-1",3.56707024660423
"GTCACGGTCTACCTGC-1",10.2894946376713
"GTCATTTAGAGACTAT-1",4.59971302868139
"GTCATTTCACGTGAGA-1",9.60813056545651
"GTCATTTGTAGAAGGA-1",5.2950099336312
"GTCATTTGTCAGATAA-1",9.2427844033008
"GTCATTTTCCAGAGGA-1",5.6918263188071
"GTCCTCAAGCCCAACC-1",11.2011259467536
"GTCCTCAAGTAGATGT-1",5.6918263188071
"GTCCTCAAGTGGGCTA-1",5.23637936851693
"GTCCTCACAATCACAC-1",6.55076105656801
"GTCCTCAGTGGAAAGA-1",3.96114509230149
"GTCCTCATCAAAGACA-1",0
"GTCCTCATCGTCCGTT-1",9.24360573753536
"GTCGGGTCACTGAAGG-1",5.72271124194982
"GTCGGGTCACTTCGAA-1",8.02761543780594
"GTCGGGTCATGAAGTA-1",0
"GTCGGGTGTCTCACCT-1",9.97349155674539
"GTCGGGTGTGTGACGA-1",3.4932549740492
"GTCGGGTGTGTGTGCC-1",2.19014490174816
"GTCGGGTGTTACGTCA-1",4.90396068678615
"GTCGGGTTCTGCTGTC-1",5.99356949134001
"GTCGGGTTCTGTGCAA-1",4.23022705533103
"GTCGTAAAGAGATGAG-1",9.98423555885854
"GTCGTAAAGCTGCAAG-1",3.64059508511359
"GTCGTAAAGGCGACAT-1",5.48668933914953
"GTCGTAACATCACGAT-1",7.20476268540476
"GTCGTAAGTATCACCA-1",3.48817020894406
"GTCGTAATCCAAGTAC-1",3.58453211107078
"GTCTCGTAGACCACGA-1",0
"GTCTCGTCAGGAACGT-1",3.31961205457678
"GTCTCGTGTGGTAACG-1",1.77814034080982
"GTCTCGTGTTTGGCGC-1",10.5611452875497
"GTCTCGTTCACCGGGT-1",4.15867631931221
"GTCTCGTTCAGTGCAT-1",7.18742106926047
"GTCTTCGAGACAAGCC-1",6.58664664149359
"GTCTTCGAGGAATGGA-1",7.18742106926047
"GTCTTCGAGTCAAGCG-1",3.89311809104911
"GTCTTCGCACATGGGA-1",9.76045307956345
"GTCTTCGCACCAGGTC-1",5.46801115423168
"GTCTTCGCAGACGCAA-1",3.96114509230149
"GTCTTCGCATAACCTG-1",7.14191830807971
"GTCTTCGCATCGATGT-1",5.04917294947631
"GTCTTCGGTCTAGTGT-1",8.4647893107237
"GTCTTCGTCTCGATGA-1",8.46478931072371
"GTGAAGGAGAGCTGGT-1",3.02296819787208
"GTGAAGGAGATCGGGT-1",1.63056832072081
"GTGAAGGAGCCAGTTT-1",10.5611452875497
"GTGAAGGAGTGTTGAA-1",5.2950099336312
"GTGAAGGCAAAGGCGT-1",5.35195379403062
"GTGAAGGCACTTAAGC-1",5.63085168453051
"GTGAAGGCAGATTGCT-1",4.64864436443002
"GTGAAGGGTATATGGA-1",7.13499437620792
"GTGAAGGGTCTCTCTG-1",3.21937055104368
"GTGAAGGTCTCCTATA-1",0
"GTGCAGCAGACATAAC-1",2.04387007589497
"GTGCAGCAGTGGTCCC-1",11.5207635538761
"GTGCAGCCACATCTTT-1",6.92866967743876
"GTGCAGCGTGAGTATA-1",2.12196671391844
"GTGCAGCTCTTAGAGC-1",3.53829090333527
"GTGCATAAGGCATGGT-1",10.5611452875497
"GTGCATAGTTTGTTGG-1",7.83501054669812
"GTGCATATCAGAGCTT-1",6.13934375650454
"GTGCATATCATCATTC-1",5.96430586566074
"GTGCATATCTGCGTAA-1",2.69587412754802
"GTGCGGTAGCAATCTC-1",7.89064035504066
"GTGCGGTAGGACAGAA-1",10.6381874092645
"GTGCGGTCAAAGGTGC-1",4.76322529749996
"GTGCGGTGTTCAGACT-1",8.84430615061611
"GTGCGGTGTTCTGTTT-1",7.1505200402535
"GTGCGGTTCATCTGCC-1",0
"GTGCGGTTCCAGGGCT-1",10.1950630889164
"GTGCGGTTCGGATGGA-1",2.14493407592794
"GTGCGGTTCTCGTTTA-1",7.89064035504066
"GTGCGGTTCTGCTGTC-1",3.51880331684861
"GTGCTTCAGCCAGTTT-1",8.5036288544242
"GTGCTTCAGGATTCGG-1",7.61846928866972
"GTGCTTCAGTACACCT-1",6.10567731675237
"GTGCTTCCACTTAACG-1",4.02381911105286
"GTGCTTCCAGCTATTG-1",3.69246248639899
"GTGCTTCGTAGAGTGC-1",4.50160499584247
"GTGCTTCTCACAATGC-1",8.36749387831014
"GTGCTTCTCACTTCAT-1",6.39611878308457
"GTGGGTCAGACCGGAT-1",8.28750597549159
"GTGGGTCAGACTGTAA-1",2.12196671391844
"GTGGGTCAGCCGTCGT-1",5.13123536354202
"GTGGGTCCACCAACCG-1",1.52066335423564
"GTGGGTCCACCACCAG-1",1.65683308016806
"GTGTGCGAGACCGGAT-1",5.6918263188071
"GTGTGCGAGACTTGAA-1",3.75468292557971
"GTGTGCGCAGGTCGTC-1",2.38795483309312
"GTGTGCGGTGAGCGAT-1",7.6305017681519
"GTGTGCGTCAGTCAGT-1",5.34268354817262
"GTGTGCGTCCCTTGTG-1",1.56369446183241
"GTGTGCGTCTAACTTC-1",3.56707024660423
"GTGTTAGAGGACAGAA-1",2.04387007589497
"GTGTTAGAGGCATGGT-1",4.97232870457883
"GTGTTAGAGTGGAGAA-1",0
"GTGTTAGAGTTTGCGT-1",7.39104465095673
"GTGTTAGCAATGGAAT-1",5.25659026916396
"GTGTTAGCACCACCAG-1",0
"GTGTTAGGTGCCTGGT-1",6.4293600923757
"GTGTTAGGTGGAAAGA-1",6.67537467085436
"GTGTTAGGTTCCATGA-1",12.4247608601561
"GTGTTAGGTTGGGACA-1",5.57418914045727
"GTTAAGCAGAGCTGCA-1",5.23637936851693
"GTTAAGCAGATAGCAT-1",7.27870035977826
"GTTAAGCAGCTAACAA-1",3.41395851344092
"GTTAAGCAGGCTACGA-1",11.9469361878144
"GTTAAGCAGTGTACCT-1",7.10174335025235
"GTTAAGCAGTTTGCGT-1",3.06023494760362
"GTTAAGCCATTCACTT-1",5.93528302899271
"GTTAAGCGTACTCGCG-1",3.4418374456166
"GTTAAGCGTCTAGGTT-1",1.53592988927468
"GTTAAGCGTGGCAAAC-1",3.54333051875056
"GTTAAGCGTTGCTCCT-1",0
"GTTAAGCTCCTTTCGG-1",7.89064035504066
"GTTACAGAGAGCTATA-1",8.52246166279924
"GTTACAGAGTACGATA-1",5.25659026916396
"GTTACAGCAGACGCCT-1",11.9209101042523
"GTTACAGCATCGGTTA-1",5.62990732215751
"GTTACAGGTATGGTTC-1",10.9356861936121
"GTTACAGGTCGACTGC-1",11.1604604510372
"GTTACAGGTCTAGGTT-1",1.95245287211938
"GTTCATTAGCGATGAC-1",8.87651802068367
"GTTCATTCATATACGC-1",3.18761760774577
"GTTCATTCATTGGCGC-1",12.8767760667964
"GTTCATTGTGCACGAA-1",7.58946055152887
"GTTCATTGTGTTAAGA-1",0
"GTTCATTGTTCAGTAC-1",9.16095628051909
"GTTCGGGAGACGACGT-1",6.45297025556619
"GTTCGGGAGCTAAGAT-1",5.90538458394784
"GTTCGGGAGTGTCTCA-1",4.40887294910614
"GTTCGGGGTAGGGTAC-1",5.27425730889253
"GTTCGGGGTGCAGGTA-1",6.39775041964601
"GTTCGGGTCCACGCAG-1",12.1702243045621
"GTTCGGGTCTACTTAC-1",3.64059508511359
"GTTCTCGAGACCACGA-1",8.78348967468754
"GTTCTCGAGCGATGAC-1",6.98933556947808
"GTTCTCGAGGCCATAG-1",2.69296763747257
"GTTCTCGCATCGGACC-1",8.70338779504307
"GTTCTCGGTAAGGGAA-1",7.84311475839772
"GTTCTCGGTAGCGTAG-1",0
"GTTCTCGGTCCGTGAC-1",5.73011379968459
"GTTCTCGGTGTTAAGA-1",6.13899898825888
"GTTCTCGTCAACGCTA-1",10.8651681923108
"GTTCTCGTCCTGTACC-1",5.06044931827788
"GTTTCTACAAACCTAC-1",2.00731416038944
"GTTTCTACAAGAAAGG-1",10.5611452875497
"GTTTCTAGTGTTGGGA-1",3.91488187810591
"GTTTCTATCCCAACGG-1",2.69912134389714
"GTTTCTATCCGTAGTA-1",7.88886517737829
"GTTTCTATCGGCATCG-1",11.5608349443747
"TAAACCGGTACTTAGC-1",7.9834476819303
"TAAACCGTCACTCTTA-1",7.83501054669812
"TAAACCGTCAGGCGAA-1",1.63056832072081
"TAAACCGTCCGTTGTC-1",4.34612248005566
"TAAACCGTCTTCCTTC-1",1.65683308016806
"TAAGAGACAAGTTGTC-1",11.1604604510372
"TAAGAGAGTATATCCG-1",4.76322529749996
"TAAGAGATCAATCACG-1",7.6305017681519
"TAAGAGATCTAACGGT-1",9.9734915567454
"TAAGAGATCTTTCCTC-1",2.69296763747257
"TAAGCGTAGTGGACGT-1",3.38404934593175
"TAAGCGTAGTGTCTCA-1",9.89117188014561
"TAAGCGTCAGCTTCGG-1",5.76217000067006
"TAAGCGTCAGGTGGAT-1",7.96419563438976
"TAAGCGTGTCCTGCTT-1",1.77814034080982
"TAAGCGTGTGCCTGGT-1",3.56707024660423
"TAAGCGTGTTGTTTGG-1",3.96114509230149
"TAAGCGTTCCTCATTA-1",5.58529322023939
"TAAGCGTTCGGCGCAT-1",5.89816811517585
"TAAGCGTTCTCGCATC-1",5.97879038175326
"TAAGTGCAGGCTAGGT-1",7.21031696511845
"TAAGTGCAGTAGCGGT-1",4.40887294910614
"TAAGTGCCAACGCACC-1",3.71956039495431
"TAAGTGCCATACAGCT-1",9.53483595172585
"TAAGTGCGTAAACACA-1",6.89082773386031
"TAAGTGCGTCTCACCT-1",5.6918263188071
"TAAGTGCGTTCAGACT-1",9.89041067814815
"TAAGTGCTCACCCTCA-1",0
"TAAGTGCTCACTGGGC-1",2.48600736536419
"TAAGTGCTCTGGCGTG-1",7.14191830807971
"TACACGACACCCATTC-1",3.64059508511359
"TACACGAGTGATAAAC-1",0
"TACACGATCTGTCTCG-1",3.75356380978385
"TACAGTGAGATGCGAC-1",6.4056543418187
"TACAGTGAGCGTTGCC-1",1.77814034080982
"TACAGTGAGTGTACGG-1",1.78429860398032
"TACAGTGCAGGAATCG-1",2.36099891946584
"TACAGTGCAGGTGCCT-1",8.92637719239522
"TACAGTGGTACTCAAC-1",10.8221047318995
"TACAGTGGTTGGACCC-1",10.1950630889164
"TACCTATAGAGCTGGT-1",2.69912134389714
"TACCTATAGAGTTGGC-1",5.89816811517585
"TACCTATAGGCTCATT-1",5.4931594399328
"TACCTATAGTTAGCGG-1",5.69494143393013
"TACCTATCAAGCTGGA-1",14.1608458399715
"TACCTATGTAAATGAC-1",6.4056543418187
"TACCTATGTAGAGTGC-1",3.75466467913731
"TACCTATGTCACCTAA-1",3.17420761267501
"TACCTATGTGTTGAGG-1",1.95245287211938
"TACCTATGTTAAAGAC-1",5.54755656106075
"TACCTATTCTATGTGG-1",1.75402832933928
"TACCTATTCTTCCTTC-1",3.75356380978385
"TACCTTAAGAGGTTGC-1",5.63803698246595
"TACCTTAAGTCAAGCG-1",5.09175139218236
"TACCTTAAGTGGTCCC-1",3.25666605988123
"TACCTTACAACTGGCC-1",8.23329671199618
"TACCTTACAAGGGTCA-1",11.8059135993419
"TACCTTACACTCAGGC-1",4.79708045288446
"TACCTTACATCTACGA-1",3.87995036260572
"TACCTTAGTAGCGTCC-1",0
"TACCTTAGTCTCCACT-1",7.20476268540476
"TACGGATAGATGGCGT-1",3.06023494760362
"TACGGATAGGTACTCT-1",9.26941452731924
"TACGGATCAGGGATTG-1",5.3547628252515
"TACGGATCATCACCCT-1",11.2483463113278
"TACGGATGTCTAGCCG-1",4.41913063679893
"TACGGATTCGGTGTCG-1",3.21937055104368
"TACGGATTCTACTATC-1",3.71956039495431
"TACGGGCAGGATGCGT-1",10.1950630889164
"TACGGGCAGGGAACGG-1",4.3600628342493
"TACGGGCAGTATTGGA-1",6.55380702503408
"TACGGGCAGTCAAGCG-1",0
"TACGGGCCAAGAAGAG-1",0
"TACGGGCCACCAGATT-1",0
"TACGGGCCATCAGTAC-1",8.35104746538383
"TACGGGCGTAAGGGCT-1",6.77162670215705
"TACGGGCGTCTGATTG-1",5.77712596514009
"TACGGGCGTGATGTGG-1",2.14493407592794
"TACGGGCTCACCTTAT-1",6.44465360599884
"TACGGGCTCAGCTCTC-1",3.89311809104911
"TACGGGCTCCACGAAT-1",3.34439649238596
"TACGGGCTCCTATTCA-1",5.69293678178835
"TACGGGCTCGGTGTTA-1",6.78289185955831
"TACGGTAAGATATGGT-1",12.3182117249763
"TACGGTAAGCCGATTT-1",9.8338008839351
"TACGGTAAGTCATGCT-1",5.72271124194982
"TACGGTAAGTGCCATT-1",1.50629793178557
"TACGGTACACAGGCCT-1",3.48143869353403
"TACGGTACATTTCAGG-1",4.33510361508737
"TACGGTAGTATATCCG-1",9.9734915567454
"TACGGTAGTCACTTCC-1",4.47517817189854
"TACGGTAGTGCAGGTA-1",0
"TACGGTAGTGGGTATG-1",0
"TACGGTATCGCAGGCT-1",4.59971302868139
"TACGGTATCGGACAAG-1",7.80330794552582
"TACGGTATCGTTTATC-1",1.82589247559751
"TACTCATAGTCACGCC-1",6.70841368439423
"TACTCATCAATCTACG-1",5.06322254868971
"TACTCATCACGGTAGA-1",4.3600628342493
"TACTCATCACTTCTGC-1",3.38755574026458
"TACTCATCATCCGTGG-1",12.4247608601561
"TACTCATCATGTCGAT-1",3.75356380978385
"TACTCATGTACAGCAG-1",10.4965773776573
"TACTCATGTCTTCAAG-1",6.98933556947808
"TACTCATTCCTTTCTC-1",3.89311809104911
"TACTCGCAGGCGACAT-1",0
"TACTCGCGTCAGAAGC-1",5.23637936851693
"TACTCGCGTCTGATTG-1",7.24609475112259
"TACTCGCGTGTAACGG-1",9.35352965436076
"TACTCGCGTTGAGTTC-1",5.86626631047787
"TACTCGCTCAACGGGA-1",4.22944406821467
"TACTCGCTCCGAATGT-1",3.37820629262812
"TACTTACAGACTAGGC-1",6.5030372814038
"TACTTACAGCTGAACG-1",7.94395278593231
"TACTTACAGTACACCT-1",4.15867631931221
"TACTTACAGTACGCCC-1",3.51880331684861
"TACTTACAGTGATCGG-1",0
"TACTTACCAAGCCGTC-1",12.3182117249763
"TACTTACCACAGGTTT-1",9.31087062011637
"TACTTACTCGCGTTTC-1",9.23411539189521
"TACTTGTAGCGATATA-1",4.54420791505421
"TACTTGTAGTAATCCC-1",3.40774553357898
"TACTTGTCAAACAACA-1",9.2021326938142
"TACTTGTCATGCAACT-1",10.0329079336587
"TACTTGTGTAGCACGA-1",2.00731416038944
"TACTTGTGTATAAACG-1",1.77814034080982
"TACTTGTGTTCCACAA-1",7.32448929871546
"TACTTGTTCTGCAGTA-1",12.8065143630705
"TAGACCAAGAGACGAA-1",1.65683308016806
"TAGACCAAGCCTCGTG-1",0
"TAGACCAAGTCGATAA-1",5.2878133652108
"TAGACCACAACACCCG-1",8.44521007740639
"TAGACCAGTAGATTAG-1",7.89064035504066
"TAGACCAGTTCATGGT-1",4.41925360743398
"TAGACCATCACTTCAT-1",1.50629793178557
"TAGACCATCGTCACGG-1",3.51880331684861
"TAGACCATCTCCAGGG-1",3.32653534053755
"TAGAGCTAGAATTCCC-1",10.1950630889164
"TAGAGCTAGTATTGGA-1",8.50162519170221
"TAGAGCTCACTGAAGG-1",4.68690712077616
"TAGAGCTGTACTTGAC-1",7.0617427290684
"TAGAGCTGTCTAAAGA-1",5.58529322023939
"TAGCCGGAGACTGGGT-1",7.88622265364634
"TAGCCGGAGTCCCACG-1",0
"TAGCCGGAGTGACATA-1",3.06023494760362
"TAGCCGGCAGCAGTTT-1",0
"TAGCCGGGTACAGTGG-1",6.92866967743876
"TAGCCGGGTACCATCA-1",4.15533805683384
"TAGCCGGGTCGCGAAA-1",5.44925585857813
"TAGCCGGTCACGACTA-1",5.57418914045727
"TAGGCATAGAACTGTA-1",9.2427844033008
"TAGGCATAGCTAGGCA-1",2.14493407592794
"TAGGCATAGTCGTACT-1",11.2391898278254
"TAGGCATAGTTTAGGA-1",0
"TAGGCATCAAGCCTAT-1",9.37105688634311
"TAGGCATCAGACGCAA-1",3.95090360138264
"TAGGCATGTACGAAAT-1",2.19014490174816
"TAGGCATGTCCAGTTA-1",4.07843332103618
"TAGGCATGTTCCACTC-1",7.80330794552582
"TAGGCATTCCCTAACC-1",5.6918263188071
"TAGGCATTCGCTAGCG-1",5.73809023965826
"TAGGCATTCGTAGATC-1",11.9209101042523
"TAGGCATTCTTCATGT-1",4.37962234355252
"TAGTGGTAGATCACGG-1",3.41395851344092
"TAGTGGTAGCTGTTCA-1",9.26941452731924
"TAGTGGTCAGTATAAG-1",2.14493407592794
"TAGTGGTGTAGCGTAG-1",1.99021672505133
"TAGTGGTTCAGCATGT-1",2.23062151051123
"TAGTGGTTCGGCGCAT-1",1.95245287211938
"TAGTGGTTCTCAAGTG-1",3.96114509230149
"TAGTGGTTCTGGGCCA-1",7.07775945920903
"TAGTGGTTCTTTAGTC-1",1.50629793178557
"TAGTTGGAGATAGGAG-1",5.93528302899271
"TAGTTGGCAGACGCAA-1",8.92637719239522
"TAGTTGGCATGCGCAC-1",7.2897654766738
"TAGTTGGGTATGGTTC-1",4.37215009581792
"TAGTTGGTCCGAATGT-1",0
"TAGTTGGTCTACTCAT-1",0
"TAGTTGGTCTCTAAGG-1",10.3359764443726
"TAGTTGGTCTGATACG-1",6.8629059795676
"TATCAGGAGAGTAAGG-1",1.50629793178557
"TATCAGGAGATCCGAG-1",10.1950630889164
"TATCAGGAGCAGATCG-1",12.35659338461
"TATCAGGAGGTGCTTT-1",11.9469361878144
"TATCAGGCAACTTGAC-1",11.7370663396177
"TATCAGGCACGTTGGC-1",3.38755574026458
"TATCAGGGTCCGTTAA-1",5.73011379968459
"TATCAGGGTCTGCAAT-1",6.75812282190029
"TATCAGGGTTAAAGAC-1",4.46011725841072
"TATCAGGTCAAGATCC-1",3.40774553357898
"TATCAGGTCCACTCCA-1",5.62990732215751
"TATCAGGTCGTAGGTT-1",1.75402832933928
"TATCTCAAGAGTTGGC-1",2.23062151051123
"TATCTCAAGCCACCTG-1",11.5608349443747
"TATCTCAAGCGTAATA-1",6.55380702503408
"TATCTCAAGGCTAGCA-1",1.86355644233966
"TATCTCAAGTGGGCTA-1",6.39775041964601
"TATCTCACATGTCCTC-1",7.61602330774544
"TATCTCAGTAACGACG-1",5.11425664668042
"TATCTCAGTACCTACA-1",8.83620410574047
"TATCTCAGTACGACCC-1",5.92244749265567
"TATCTCAGTCAATGTC-1",7.96419563438976
"TATCTCATCAAGCCTA-1",4.61854211054616
"TATGCCCAGAAACCGC-1",12.3182117249763
"TATGCCCAGGTAGCTG-1",3.44896728450656
"TATGCCCCAATGGAAT-1",5.2950099336312
"TATGCCCCACTTAACG-1",1.77814034080982
"TATGCCCCATGTTCCC-1",6.29416201588487
"TATGCCCGTAGCCTCG-1",5.33185251505559
"TATGCCCGTATAGGGC-1",5.07156539144019
"TATGCCCGTATGAAAC-1",0
"TATGCCCGTCGCCATG-1",7.78534121808684
"TATGCCCGTGCCTTGG-1",1.95557205996705
"TATGCCCGTTAAGATG-1",5.46801115423168
"TATGCCCGTTGGTGGA-1",5.3963799182213
"TATGCCCGTTTAGGAA-1",0
"TATTACCAGAGAGCTC-1",7.88622265364634
"TATTACCAGCAAATCA-1",8.43710297276653
"TATTACCAGCCCGAAA-1",6.10538840795769
"TATTACCAGTATCTCG-1",0
"TATTACCCAAAGTGCG-1",3.71956039495431
"TATTACCCAGACAAGC-1",7.60159221010536
"TATTACCCAGTCAGCC-1",5.93025102089994
"TATTACCCATAAAGGT-1",1.77814034080982
"TATTACCCATCTACGA-1",5.24386012929882
"TATTACCGTCCAGTAT-1",4.54420791505421
"TCAACGAAGCCGATTT-1",3.58870521580858
"TCAACGAAGCGATGAC-1",4.24907456197151
"TCAACGAAGGCATGTG-1",3.56707024660423
"TCAACGAAGTAGTGCG-1",6.30159970563
"TCAACGACACCAGGCT-1",5.58529322023939
"TCAACGACATGCCTTC-1",6.4056543418187
"TCAACGAGTTACCAGT-1",9.07582641321322
"TCAACGAGTTCCATGA-1",6.10538840795769
"TCAACGAGTTCTGGTA-1",6.1053884079577
"TCAACGATCAGTCCCT-1",9.35352965436076
"TCAACGATCTGTGCAA-1",6.58664664149359
"TCAATCTAGATCCCGC-1",5.76589846667747
"TCAATCTCACAAGCCC-1",11.9469361878144
"TCAATCTCACAGCCCA-1",6.91763298287943
"TCAATCTCATGACGGA-1",3.40774553357898
"TCAATCTCATTTGCTT-1",9.18578838397468
"TCAATCTGTAGTGAAT-1",9.07582641321322
"TCAATCTGTTAGATGA-1",5.07156539144019
"TCAATCTTCAGATAAG-1",3.89311809104911
"TCAATCTTCATGTCCC-1",0
"TCACAAGAGACTGGGT-1",8.43710297276653
"TCACAAGAGAGAGCTC-1",0
"TCACAAGAGGCCCTCA-1",5.25659026916396
"TCACAAGAGGTGGGTT-1",7.15780168250013
"TCACAAGAGTAGATGT-1",6.85257295823107
"TCACAAGCAGTATGCT-1",10.8651681923108
"TCACAAGCATAACCTG-1",6.89082773386031
"TCACAAGCATGACATC-1",12.3182117249763
"TCACAAGGTCAGATAA-1",6.29416201588487
"TCACAAGGTGTGGTTT-1",3.40238299957009
"TCACAAGTCATCATTC-1",4.23022705533103
"TCACAAGTCATGCATG-1",11.2483463113278
"TCACGAAAGCTCCTTC-1",0
"TCACGAAAGGTGCTTT-1",3.89311809104911
"TCACGAAAGTCTCGGC-1",7.83501054669812
"TCACGAACACAAGACG-1",13.9513441878421
"TCACGAACACTGTCGG-1",9.30913672410699
"TCACGAAGTGGTCCGT-1",8.50162519170221
"TCACGAAGTTGGTGGA-1",8.44521007740639
"TCACGAATCATGCAAC-1",5.90538458394784
"TCACGAATCCCGACTT-1",0
"TCACGAATCCTCGCAT-1",8.87651802068367
"TCACGAATCGTCACGG-1",3.96114509230149
"TCAGATGAGGTGCACA-1",5.39538629360668
"TCAGATGGTCTTGTCC-1",13.9340938232395
"TCAGATGGTGCCTGCA-1",5.72271124194982
"TCAGATGGTGCTGTAT-1",0
"TCAGATGTCAGTTTGG-1",6.0845720817978
"TCAGATGTCGCATGAT-1",6.13934375650454
"TCAGATGTCTCCTATA-1",0
"TCAGCAAAGGAGTCTG-1",6.71286124387737
"TCAGCAAAGGCTCATT-1",9.3144694009356
"TCAGCAAAGTACGACG-1",10.0329079336587
"TCAGCAAAGTGGCACA-1",4.02049778707854
"TCAGCAACACGCATCG-1",10.0467294378022
"TCAGCAAGTACCGGCT-1",7.57119825797385
"TCAGCAATCAGCGATT-1",9.71492630257118
"TCAGCAATCGGAAACG-1",2.72994818741849
"TCAGCAATCTTCAACT-1",1.75481895374561
"TCAGCTCAGGTGTTAA-1",7.14191830807971
"TCAGCTCAGTATGACA-1",8.77325132966973
"TCAGCTCCAATCTGCA-1",3.41395851344092
"TCAGCTCCACGGTTTA-1",5.89816811517585
"TCAGCTCGTAATAGCA-1",5.69494143393013
"TCAGCTCGTCCGTCAG-1",7.94395278593231
"TCAGCTCGTTCACGGC-1",6.12244612592497
"TCAGCTCTCACGATGT-1",8.43710297276653
"TCAGCTCTCATGCATG-1",9.8338008839351
"TCAGCTCTCCTAAGTG-1",9.64976494865206
"TCAGCTCTCTCGTATT-1",0
"TCAGGATAGACAGAGA-1",7.14191830807971
"TCAGGATAGATATGGT-1",3.38755574026458
"TCAGGATCAAACGTGG-1",5.73011379968459
"TCAGGATCAAGTTCTG-1",6.98933556947808
"TCAGGATCACGGTGTC-1",10.5611452875497
"TCAGGATCACTGTGTA-1",4.46011725841072
"TCAGGATCAGCATACT-1",1.56879010773368
"TCAGGATCATCTGGTA-1",3.00587257099838
"TCAGGATGTAAGCACG-1",5.0025153832477
"TCAGGATGTGGCCCTA-1",3.87995036260572
"TCAGGATTCCGATATG-1",5.72271124194982
"TCAGGATTCTCGATGA-1",7.32448929871546
"TCAGGTAAGATGGCGT-1",12.4963591845996
"TCAGGTAAGTGTTTGC-1",0
"TCAGGTACACAAGTAA-1",5.62990732215751
"TCAGGTACACAGAGGT-1",4.46011725841072
"TCAGGTACAGCTGCTG-1",8.57599672116389
"TCAGGTAGTAAACGCG-1",6.0845720817978
"TCATTACAGAAACCAT-1",2.96271428429225
"TCATTACAGGAGTTGC-1",11.5207635538761
"TCATTACAGTTGCAGG-1",5.41320224655064
"TCATTACCACATCCAA-1",8.44521007740639
"TCATTACCAGTCAGCC-1",2.06522247083326
"TCATTACGTACGCACC-1",7.61291347126039
"TCATTACGTCTAGAGG-1",10.0467294378022
"TCATTACGTGAAGGCT-1",3.75468292557971
"TCATTACGTTCTGTTT-1",3.41395851344092
"TCATTACTCATCGATG-1",1.95870423781931
"TCATTTGAGCCAGTTT-1",3.87995036260572
"TCATTTGCACGTCTCT-1",1.22270354457535
"TCATTTGCAGTTAACC-1",5.46801115423168
"TCATTTGTCCAGAGGA-1",5.81243360672453
"TCATTTGTCCCTTGCA-1",11.9209101042523
"TCATTTGTCCGTCAAA-1",12.35659338461
"TCATTTGTCGCTAGCG-1",5.21581799888008
"TCATTTGTCGTACGGC-1",10.5611452875497
"TCATTTGTCTCTGCTG-1",5.46801115423168
"TCCACACCAAAGAATC-1",3.86782093899282
"TCCACACCACGCCAGT-1",2.67609516007899
"TCCACACGTACAGCAG-1",1.40766922070462
"TCCACACGTAGCCTAT-1",4.37215009581792
"TCCACACGTCATCGGC-1",6.0845720817978
"TCCACACGTGACCAAG-1",3.87995036260572
"TCCACACGTGCGAAAC-1",5.46801115423168
"TCCACACTCAACACCA-1",8.95040469233475
"TCCACACTCCAGTATG-1",0
"TCCACACTCCCATTTA-1",10.5940429921368
"TCCACACTCGAACTGT-1",4.15867631931221
"TCCCGATAGAAGAAGC-1",1.44096392305322
"TCCCGATAGCACAGGT-1",5.6918263188071
"TCCCGATAGCCGGTAA-1",5.23637936851693
"TCCCGATCAAGGTTCT-1",7.9834476819303
"TCCCGATCAGCCAATT-1",5.35195379403062
"TCCCGATCATCCAACA-1",12.3503404070456
"TCCCGATGTAAGGATT-1",2.19014490174816
"TCCCGATGTCAATACC-1",1.95870423781931
"TCCCGATTCAGAAATG-1",1.77814034080982
"TCCCGATTCAGTCCCT-1",12.4963591845996
"TCCCGATTCATCTGTT-1",7.18742106926047
"TCCCGATTCCCTAATT-1",3.18761760774577
"TCCCGATTCTGGAGCC-1",3.71772248365925
"TCGAGGCAGCGATGAC-1",12.35659338461
"TCGAGGCAGTGTTTGC-1",7.0617427290684
"TCGAGGCCAAAGAATC-1",5.79076334022128
"TCGAGGCCAAGTTCTG-1",3.86782093899282
"TCGAGGCCAGTAACGG-1",3.8790177104636
"TCGAGGCGTATATCCG-1",1.40140761631585
"TCGAGGCTCGCAAGCC-1",7.61602330774544
"TCGAGGCTCTTGAGAC-1",5.4931594399328
"TCGAGGCTCTTTCCTC-1",1.52066335423564
"TCGCGAGAGACAAAGG-1",9.12149816434243
"TCGCGAGAGTGAATTG-1",6.55380702503408
"TCGCGAGCAAGCGTAG-1",5.46801115423168
"TCGCGAGCACCGAATT-1",3.27380487312458
"TCGCGAGCAGTAAGAT-1",1.77814034080982
"TCGCGAGTCCACGAAT-1",3.18761760774577
"TCGCGAGTCTAGCACA-1",4.54420791505421
"TCGCGAGTCTCTAGGA-1",7.1505200402535
"TCGCGAGTCTTCATGT-1",6.12244612592497
"TCGCGTTAGTGGGCTA-1",1.52066335423564
"TCGCGTTCACAGGCCT-1",4.79708045288446
"TCGCGTTCATCACAAC-1",3.89311809104911
"TCGCGTTCATCTCGCT-1",0
"TCGCGTTGTTCACCTC-1",7.0617427290684
"TCGCGTTTCAAGATCC-1",6.70841368439423
"TCGCGTTTCAGGTAAA-1",3.40774553357898
"TCGCGTTTCATTCACT-1",1.99240137735663
"TCGCGTTTCCTGTACC-1",3.48511360190157
"TCGCGTTTCGCCCTTA-1",6.14023855175285
"TCGGGACCACACATGT-1",10.5940429921368
"TCGGGACTCCTTGCCA-1",6.6311621447052
"TCGGGACTCTGCGGCA-1",9.8338008839351
"TCGGGACTCTTGTCAT-1",3.21113131930547
"TCGGTAAAGACAGGCT-1",9.16095628051909
"TCGGTAAAGCTCAACT-1",7.13499437620792
"TCGGTAACAAGCTGAG-1",3.83370995822109
"TCGGTAACAGGAATGC-1",4.02196464036474
"TCGGTAAGTATATGGA-1",1.44096392305322
"TCGGTAAGTCTAGTCA-1",5.53082523583272
"TCGGTAATCCCGGATG-1",8.43710297276653
"TCGTACCAGCAGGCTA-1",5.20281472270779
"TCGTACCAGTTTCCTT-1",5.3547628252515
"TCGTACCGTTTGCATG-1",9.76300460233066
"TCGTACCTCGGGAGTA-1",5.33185251505559
"TCGTAGAAGCTAACTC-1",5.62990732215751
"TCGTAGAAGGCGACAT-1",12.3182117249763
"TCGTAGAAGGGAACGG-1",3.75356380978385
"TCGTAGAAGTCCATAC-1",1.75402832933928
"TCGTAGACAATCCAAC-1",0
"TCGTAGACACTCAGGC-1",8.36749387831014
"TCGTAGAGTATGAATG-1",10.1950630889164
"TCGTAGAGTGAGCGAT-1",5.76374579248327
"TCGTAGAGTGTGTGCC-1",10.6379591133616
"TCGTAGAGTTCAACCA-1",1.56369446183241
"TCGTAGAGTTCCATGA-1",3.21937055104368
"TCGTAGATCCAAGCCG-1",4.64864436443002
"TCGTAGATCTTAGCCC-1",4.97232870457883
"TCTATTGAGCGATTCT-1",4.15867631931221
"TCTATTGAGTGCCATT-1",3.96114509230149
"TCTATTGCACATCTTT-1",4.13479215337343
"TCTATTGGTAAGTGTA-1",8.84430615061611
"TCTATTGGTCCAACTA-1",2.82033434884705
"TCTATTGGTCTGCCAG-1",9.16095628051909
"TCTATTGGTTGCTCCT-1",12.4963591845996
"TCTATTGTCGGCGCTA-1",7.15780168250013
"TCTCATAAGCTAAACA-1",7.0914788674984
"TCTCATAAGCTAGTCT-1",6.68791488287143
"TCTCATAAGTGCCATT-1",3.46576412200636
"TCTCATAGTACCGGCT-1",6.10538840795769
"TCTCATAGTGTAAGTA-1",1.29947695644132
"TCTCATATCAAGCCTA-1",7.77561792865003
"TCTCATATCACCTTAT-1",4.99552072357776
"TCTCATATCCTGTACC-1",9.53496555251874
"TCTCTAAAGACCGGAT-1",5.76589846667747
"TCTCTAAAGGGTGTTG-1",2.71403263384377
"TCTCTAACAGCCTATA-1",5.70739597888341
"TCTCTAAGTCCAGTAT-1",5.73011379968459
"TCTCTAAGTCCATGAT-1",9.53496555251874
"TCTCTAAGTCTCATCC-1",0
"TCTCTAAGTGGAAAGA-1",6.4300126761699
"TCTCTAATCAAACCAC-1",1.98749471708216
"TCTCTAATCACAGGCC-1",3.4418374456166
"TCTCTAATCACATACG-1",5.81243360672453
"TCTCTAATCCGTAGGC-1",5.07156539144019
"TCTCTAATCGTATCAG-1",6.4056543418187
"TCTGAGACAAACCTAC-1",6.11935652910817
"TCTGAGACAGAGTGTG-1",8.23329671199618
"TCTGAGAGTAAGGGAA-1",9.2021326938142
"TCTGAGATCCTTGACC-1",7.1505200402535
"TCTGAGATCTATCCTA-1",9.24360573753536
"TCTGGAAAGCGATGAC-1",1.40140761631585
"TCTGGAAAGCTCTCGG-1",2.12846078679514
"TCTGGAAAGGAGCGAG-1",9.2427844033008
"TCTGGAACACAAGACG-1",6.39775041964601
"TCTGGAACACACTGCG-1",9.12149816434243
"TCTGGAACACTTCTGC-1",8.6762113300849
"TCTGGAAGTGAGTATA-1",6.67537467085436
"TCTTCGGAGGTTCCTA-1",6.0845720817978
"TCTTCGGAGTTCGATC-1",5.16290421156007
"TCTTCGGCAAAGCAAT-1",5.4931594399328
"TCTTCGGCAAAGGTGC-1",13.9340938232395
"TCTTCGGCAATAGCAA-1",5.61814274885758
"TCTTCGGCAATGTAAG-1",9.64976494865206
"TCTTCGGCACACCGAC-1",2.19014490174816
"TCTTCGGCAGCCAATT-1",8.7427849281919
"TCTTCGGGTCATTAGC-1",3.31961205457678
"TCTTCGGTCGTAGGTT-1",3.46576412200636
"TCTTCGGTCTCTAAGG-1",5.63891105330781
"TCTTTCCAGAGAGCTC-1",4.99552072357776
"TCTTTCCAGTCATCCA-1",5.46801115423168
"TCTTTCCCATCTCCCA-1",7.34703807636642
"TCTTTCCGTAATCACC-1",5.79076334022128
"TCTTTCCGTAGTACCT-1",13.3756094351358
"TCTTTCCTCACAACGT-1",7.18742106926047
"TCTTTCCTCAGCTGGC-1",5.72820705391144
"TCTTTCCTCCAAGTAC-1",2.12196671391844
"TCTTTCCTCCTCGCAT-1",3.06023494760362
"TGAAAGAAGCTAAGAT-1",1.29947695644132
"TGAAAGACAAGCCGTC-1",11.8858437380315
"TGAAAGACACATTCGA-1",11.6871898535537
"TGAAAGACATGAGCGA-1",0
"TGAAAGAGTCTAGCGC-1",8.43710297276653
"TGAAAGAGTCTCATCC-1",7.88886517737829
"TGAAAGATCCCGACTT-1",10.5940429921368
"TGAAAGATCTATGTGG-1",0
"TGACAACCAAGCGAGT-1",4.79708045288446
"TGACAACGTAGGGACT-1",2.68942427080862
"TGACAACGTGCGCTTG-1",10.5040572549635
"TGACAACGTGGTTTCA-1",0
"TGACAACTCACAAACC-1",7.60159221010536
"TGACAACTCCACGTGG-1",2.38795483309312
"TGACAACTCGAATGCT-1",11.5970841719359
"TGACGGCAGCGCCTCA-1",7.0617427290684
"TGACGGCAGGCTCAGA-1",5.50173159100027
"TGACGGCAGTCAAGCG-1",6.38792019841242
"TGACGGCCACAGACTT-1",9.12149816434243
"TGACGGCGTCATCCCT-1",3.58453211107078
"TGACGGCTCAGGCGAA-1",12.4247608601561
"TGACGGCTCCACTGGG-1",5.76374579248327
"TGACTAGAGACCCACC-1",7.82776291229777
"TGACTAGAGGGCATGT-1",3.32653534053755
"TGACTAGAGTCTCAAC-1",3.21113131930547
"TGACTAGAGTTGAGAT-1",0
"TGACTAGCAGCATACT-1",5.44800361019559
"TGACTAGCAGTCAGAG-1",7.6305017681519
"TGACTAGCATTTCACT-1",10.8130274592285
"TGACTAGGTAAATACG-1",4.46011725841072
"TGACTAGGTGAAAGAG-1",3.87995036260572
"TGACTAGGTGCAGTAG-1",5.77712596514009
"TGACTAGTCATGCATG-1",6.00997899298165
"TGACTAGTCCATGCTC-1",1.60752067267123
"TGACTAGTCTGTTGAG-1",3.48511360190157
"TGACTTTAGAACAATC-1",9.08298319892162
"TGACTTTAGTCTCGGC-1",1.78429860398032
"TGACTTTAGTTAGGTA-1",0
"TGACTTTCAGTCCTTC-1",9.12149816434243
"TGACTTTCATTATCTC-1",9.09882665147123
"TGACTTTGTCACACGC-1",8.6856611211518
"TGACTTTTCCTCAATT-1",1.50629793178557
"TGACTTTTCTGCCCTA-1",8.50162519170221
"TGAGAGGAGGCTCATT-1",6.79185573728244
"TGAGAGGCAAAGTCAA-1",7.14191830807971
"TGAGAGGCAAGCCATT-1",3.61501347602257
"TGAGAGGCACCATGTA-1",0
"TGAGAGGGTCACTGGC-1",6.91702454496148
"TGAGAGGGTCTAAACC-1",1.95870423781931
"TGAGAGGTCGAACTGT-1",0
"TGAGAGGTCGCGTTTC-1",7.47744190815477
"TGAGAGGTCTGACCTC-1",5.62990732215751
"TGAGCATAGAAACGAG-1",11.4646890034799
"TGAGCATAGAAGCCCA-1",3.83370995822109
"TGAGCATAGATGTCGG-1",10.5611452875497
"TGAGCATAGGAATGGA-1",8.84430615061611
"TGAGCATCACCAGGCT-1",7.88886517737829
"TGAGCATCAGATGAGC-1",6.00188336159616
"TGAGCATCAGCGTAAG-1",7.60159221010536
"TGAGCATCAGCTGTAT-1",2.69587412754802
"TGAGCATGTGGCCCTA-1",3.18761760774577
"TGAGCATTCCACGTTC-1",7.13499437620792
"TGAGCATTCCGATATG-1",4.85168506254562
"TGAGCATTCGGCCGAT-1",12.3182117249763
"TGAGCCGCATCGGGTC-1",3.27380487312458
"TGAGCCGGTCGAACAG-1",9.8338008839351
"TGAGCCGGTGTAATGA-1",10.6381874092645
"TGAGCCGGTTGATTCG-1",5.18936962288184
"TGAGCCGTCATCTGCC-1",1.97136480093404
"TGAGCCGTCGTCACGG-1",8.48730627014232
"TGAGCCGTCTTGAGGT-1",9.42014784584211
"TGAGGGAAGAGACTAT-1",10.0467294378022
"TGAGGGAAGGAGTACC-1",9.70840831018636
"TGAGGGAAGTCATCCA-1",3.4418374456166
"TGAGGGAAGTCATGCT-1",4.33507897783971
"TGAGGGACACCAGTTA-1",8.5036288544242
"TGAGGGACATAAGACA-1",5.73989556610259
"TGAGGGAGTAAACGCG-1",6.00590612770826
"TGAGGGAGTTAGGGTG-1",1.82589247559751
"TGAGGGATCAACGGGA-1",2.96271428429225
"TGAGGGATCTAGCACA-1",0
"TGAGGGATCTCTTATG-1",5.23637936851693
"TGATTTCCATCCGGGT-1",4.90246516585261
"TGATTTCGTAGGCATG-1",1.44096392305322
"TGATTTCGTTAAGACA-1",8.23329671199618
"TGATTTCTCTGATTCT-1",1.94779823749812
"TGCACCTAGACCTTTG-1",6.29416201588487
"TGCACCTAGGACGAAA-1",0
"TGCACCTCAAGTTGTC-1",0
"TGCACCTCAATAGAGT-1",10.4000056901058
"TGCACCTCATCCGGGT-1",1.99240137735663
"TGCACCTGTAATCACC-1",0
"TGCACCTGTCACACGC-1",7.0617427290684
"TGCACCTTCACGGTTA-1",7.61602330774544
"TGCACCTTCATCGGAT-1",7.82776291229777
"TGCACCTTCCGCGGTA-1",5.41320224655064
"TGCACCTTCGAACTGT-1",13.3029748064625
"TGCACCTTCTCTTGAT-1",5.76589846667747
"TGCCAAACAATGTAAG-1",3.75356380978385
"TGCCAAACAATTCCTT-1",12.3182117249763
"TGCCAAAGTTCGCGAC-1",0
"TGCCAAATCCAAACTG-1",6.11935652910817
"TGCCAAATCCCTGACT-1",6.13934375650454
"TGCCAAATCGGCGGTT-1",5.18784202315013
"TGCCCATAGACTAGGC-1",13.765435459661
"TGCCCATAGCGTCAAG-1",0
"TGCCCATAGCGTGAAC-1",3.06023494760362
"TGCCCATAGCTGTTCA-1",3.75468292557971
"TGCCCATAGGATGGAA-1",4.15867631931221
"TGCCCATAGTACGCCC-1",4.64864436443002
"TGCCCATAGTTGAGTA-1",3.69246248639899
"TGCCCATCACCAGGTC-1",0
"TGCCCATCACGAAATA-1",1.56369446183241
"TGCCCATCAGGACGTA-1",9.59298163303723
"TGCCCATCATGGAATA-1",3.47866908836239
"TGCCCATCATGGATGG-1",8.6856611211518
"TGCCCATGTAGCCTCG-1",0
"TGCCCATTCAAACCGT-1",2.12846078679514
"TGCCCATTCAGGCCCA-1",5.24386012929882
"TGCCCATTCCTTCAAT-1",0
"TGCCCATTCGGAAATA-1",5.81280549031889
"TGCCCTAAGGTCGGAT-1",0
"TGCCCTAAGGTTCCTA-1",1.44096392305322
"TGCCCTACACCACCAG-1",8.7427849281919
"TGCCCTACAGCCACCA-1",0
"TGCCCTACAGTGAGTG-1",4.15533805683384
"TGCCCTAGTCCGAGTC-1",8.51207235698089
"TGCCCTAGTGGTTTCA-1",3.75466467913731
"TGCCCTAGTTTCGCTC-1",6.1053884079577
"TGCCCTATCGACGGAA-1",6.7887554431353
"TGCCCTATCTTCGGTC-1",5.21581799888008
"TGCGCAGAGACTAGGC-1",5.77712596514009
"TGCGCAGAGCACACAG-1",12.8283323110126
"TGCGCAGAGCGTCTAT-1",13.2879517623737
"TGCGCAGAGGAGCGAG-1",4.33510361508737
"TGCGCAGCAAACGTGG-1",4.46011725841072
"TGCGCAGCAGCTCGCA-1",10.0467294378022
"TGCGCAGCAGTAGAGC-1",1.95870423781931
"TGCGCAGTCCTACAGA-1",3.56707024660423
"TGCGGGTAGAGACTTA-1",5.63085168453051
"TGCGGGTAGATCGATA-1",6.0845720817978
"TGCGGGTAGCTCTCGG-1",4.15867631931221
"TGCGGGTAGGTGTGGT-1",6.58664664149359
"TGCGGGTAGTACTTGC-1",0
"TGCGGGTCAATGGAAT-1",11.5608349443747
"TGCGGGTCACACGCTG-1",5.07156539144019
"TGCGGGTCATTGGGCC-1",5.99356949134001
"TGCGGGTGTAGAAAGG-1",6.00997899298165
"TGCGGGTGTCACCTAA-1",2.14493407592794
"TGCGGGTGTCAGATAA-1",5.39538629360668
"TGCGGGTGTTAGAACA-1",3.40774553357898
"TGCGGGTTCAGTTCGA-1",6.55380702503408
"TGCGGGTTCGTAGATC-1",1.52066335423564
"TGCGGGTTCTCTTGAT-1",0
"TGCGTGGAGACGCAAC-1",4.23022705533103
"TGCGTGGAGACTGGGT-1",2.12196671391844
"TGCGTGGCAATTCCTT-1",5.76217000067006
"TGCGTGGGTGCACCAC-1",3.61501347602257
"TGCGTGGTCCGCGCAA-1",5.58529322023939
"TGCGTGGTCGCCCTTA-1",4.47517817189854
"TGCGTGGTCTGGCGAC-1",12.3549548130067
"TGCTACCAGAAAGTGG-1",7.96419563438976
"TGCTACCAGATGGCGT-1",3.18761760774577
"TGCTACCAGCAAATCA-1",3.31961205457678
"TGCTACCAGTCCGTAT-1",5.69494143393013
"TGCTACCCAAGAGGCT-1",4.79708045288446
"TGCTACCCACTTAACG-1",1.65683308016806
"TGCTACCCATCGTCGG-1",12.0142796478696
"TGCTACCCATGGTTGT-1",12.6771554324641
"TGCTACCGTGTGACGA-1",7.15780168250013
"TGCTACCTCCTCGCAT-1",8.43710297276653
"TGCTACCTCTTCTGGC-1",1.7360849798154
"TGCTGCTAGACTAAGT-1",6.5030372814038
"TGCTGCTAGGTGATAT-1",0
"TGCTGCTCAATAGAGT-1",2.00731416038944
"TGCTGCTCACAGACAG-1",5.73011379968459
"TGCTGCTCATCCCATC-1",3.4418374456166
"TGCTGCTCATGGTTGT-1",6.00590612770826
"TGCTGCTGTCATACTG-1",4.23022705533103
"TGCTGCTGTGAAGGCT-1",9.50451367172852
"TGCTGCTTCATTGCGA-1",9.59298163303723
"TGGACGCAGAGGTACC-1",0
"TGGACGCAGTCAAGGC-1",4.15533805683384
"TGGACGCCACAGAGGT-1",6.99831195340776
"TGGACGCCATGGTAGG-1",6.10538840795769
"TGGACGCGTCCGAACC-1",3.51880331684861
"TGGACGCGTCTCCCTA-1",1.78429860398032
"TGGCCAGAGAAGGTGA-1",3.16115386254251
"TGGCCAGAGAGTACAT-1",10.4965773776573
"TGGCCAGAGGCGATAC-1",1.44096392305322
"TGGCCAGAGGCGTACA-1",7.30788570177483
"TGGCCAGCAACTGCGC-1",5.76589846667747
"TGGCCAGCACGACTCG-1",7.20476268540476
"TGGCCAGGTCAATACC-1",9.76300460233066
"TGGCCAGTCGTAGATC-1",4.46011725841072
"TGGCCAGTCTATCCCG-1",11.1604604510372
"TGGCGCAAGCTACCTA-1",1.75402832933928
"TGGCGCAAGCTATGCT-1",5.52848189113221
"TGGCGCAAGTGTGGCA-1",7.98984703172083
"TGGCGCAAGTTACCCA-1",4.96153159527904
"TGGCGCACACAGGCCT-1",1.56879010773368
"TGGCGCACACGGATAG-1",9.18578838397468
"TGGCGCACAGCGATCC-1",0
"TGGCGCACATAGGATA-1",2.38795483309312
"TGGCGCAGTACTCTCC-1",12.3182117249763
"TGGCGCAGTGGACGAT-1",3.21937055104368
"TGGCGCAGTTATGTGC-1",7.34703807636642
"TGGCGCATCAAGAAGT-1",9.76300460233066
"TGGCGCATCATGCTCC-1",2.69912134389714
"TGGCGCATCATGTGGT-1",7.83501054669812
"TGGCGCATCATTATCC-1",3.17420761267501
"TGGCGCATCGTGGTCG-1",4.15867631931221
"TGGCTGGAGCGGATCA-1",7.63017669520079
"TGGCTGGAGTGCAAGC-1",7.82776291229777
"TGGCTGGCAAGTTAAG-1",0
"TGGCTGGCACGGATAG-1",10.5940429921368
"TGGCTGGCAGGAACGT-1",5.67162197269374
"TGGCTGGGTCGAGTTT-1",5.89816811517585
"TGGCTGGGTCGGCATC-1",7.89064035504066
"TGGCTGGGTCTAGCCG-1",3.56707024660423
"TGGCTGGGTTACGCGC-1",13.2744816400406
"TGGCTGGGTTGGACCC-1",7.6305017681519
"TGGCTGGTCTCGTTTA-1",9.37105688634311
"TGGGAAGAGATATACG-1",0
"TGGGAAGAGCCCAATT-1",5.13037146204974
"TGGGAAGAGCGCTCCA-1",6.71607094243714
"TGGGAAGAGGGCTTCC-1",4.37962234355252
"TGGGAAGAGTAAGTAC-1",3.21937055104368
"TGGGAAGAGTTAACGA-1",5.89816811517585
"TGGGAAGCAAGGTGTG-1",0
"TGGGAAGCAGATCCAT-1",13.765435459661
"TGGGAAGCAGCGAACA-1",5.6918263188071
"TGGGAAGGTAAGTTCC-1",2.12196671391844
"TGGGAAGGTTAGATGA-1",1.78429860398032
"TGGGAAGGTTATTCTC-1",12.3182117249763
"TGGGAAGTCCCAAGAT-1",8.94981912800743
"TGGGAAGTCCTTCAAT-1",7.60159221010536
"TGGGAAGTCGTGGACC-1",5.84572526276284
"TGGGAAGTCTCCTATA-1",10.1380604948842
"TGGGCGTAGTCTCCTC-1",5.30636601528884
"TGGGCGTCAGACGTAG-1",2.00731416038944
"TGGGCGTCAGGGATTG-1",3.06023494760362
"TGGGCGTGTCCAAGTT-1",1.40140761631585
"TGGGCGTGTCTAGAGG-1",3.32653534053755
"TGGGCGTGTGGCTCCA-1",11.8059135993419
"TGGGCGTGTTTCGCTC-1",0
"TGGGCGTTCAGCTTAG-1",3.75466467913731
"TGGTTAGAGCTACCTA-1",9.09882665147123
"TGGTTAGAGTTAGGTA-1",4.40887294910614
"TGGTTAGGTGATGATA-1",0
"TGGTTAGGTTCACGGC-1",12.1702243045621
"TGGTTAGTCCCGACTT-1",5.89816811517585
"TGGTTAGTCTTGTATC-1",7.61602330774544
"TGGTTCCAGCCGTCGT-1",10.7988861203003
"TGGTTCCAGTAATCCC-1",10.6342991021291
"TGGTTCCCAAGTTGTC-1",13.9513441878421
"TGGTTCCCAGACAAAT-1",7.61602330774544
"TGGTTCCCAGACAGGT-1",1.38054700437752
"TGGTTCCCAGCTCGAC-1",7.39104465095673
"TGGTTCCCATGTCCTC-1",4.55966684731662
"TGGTTCCCATTTCACT-1",3.32653534053755
"TGGTTCCGTCCAAGTT-1",11.9209101042523
"TGGTTCCTCACATACG-1",2.12196671391844
"TGGTTCCTCAGCTTAG-1",1.95245287211938
"TGGTTCCTCTAACTTC-1",9.53483595172585
"TGGTTCCTCTAGAGTC-1",5.84572526276284
"TGGTTCCTCTGGGCCA-1",4.15533805683384
"TGTATTCAGCCCGAAA-1",8.52246166279924
"TGTATTCAGCGATCCC-1",8.83620410574047
"TGTATTCCAGGGCATA-1",3.61501347602257
"TGTATTCGTAAGAGAG-1",0
"TGTATTCGTTTGTTTC-1",9.16095628051909
"TGTATTCTCAGCATGT-1",7.0617427290684
"TGTATTCTCATCTGTT-1",3.21113131930547
"TGTCCCAAGCAGATCG-1",3.21937055104368
"TGTCCCAAGCTAGTTC-1",7.6305017681519
"TGTCCCAAGCTGAACG-1",6.14023855175285
"TGTCCCAAGTTGTCGT-1",7.96419563438976
"TGTCCCACAGTAAGCG-1",8.36749387831014
"TGTCCCACATCACGTA-1",5.08628306207649
"TGTCCCAGTAAGAGGA-1",5.73809023965826
"TGTCCCAGTAAGTGGC-1",2.14493407592794
"TGTCCCAGTCGGATCC-1",5.21434661948986
"TGTCCCATCATTTGGG-1",5.63803698246595
"TGTCCCATCTGCAAGT-1",11.9919274535793
"TGTCCCATCTGCGTAA-1",3.41395851344092
"TGTGGTAGTCCCGACA-1",5.76217000067006
"TGTGGTAGTGTGAAAT-1",3.02296819787208
"TGTGGTAGTGTGACGA-1",10.6381874092645
"TGTGGTATCCAGGGCT-1",0
"TGTGGTATCTTGCATT-1",5.18936962288184
"TGTGTTTAGAGGTTAT-1",10.1380604948842
"TGTGTTTAGCGTGAGT-1",6.1053884079577
"TGTGTTTAGTGCGTGA-1",13.9340938232395
"TGTGTTTCATGCGCAC-1",2.08594362943213
"TGTGTTTTCTCATTCA-1",5.84368915705087
"TGTGTTTTCTTTCCTC-1",3.17420761267501
"TGTTCCGAGAGCAATT-1",0
"TGTTCCGAGCAACGGT-1",6.63244774502703
"TGTTCCGAGGAATTAC-1",10.2894946376713
"TGTTCCGAGGACTGGT-1",3.61501347602257
"TGTTCCGCAGTGAGTG-1",6.1053884079577
"TGTTCCGGTGAGTATA-1",9.18578838397468
"TGTTCCGTCAAGCCTA-1",8.7427849281919
"TGTTCCGTCAGTTCGA-1",6.92866967743876
"TGTTCCGTCGGCGGTT-1",4.13479215337343
"TGTTCCGTCTGAAAGA-1",0
"TGTTCCGTCTGGTATG-1",1.53592988927468
"TTAACTCAGTGTACGG-1",3.77875431202463
"TTAACTCCAAGCGCTC-1",3.41395851344092
"TTAACTCCAGGCAGTA-1",9.20986212728586
"TTAACTCGTTCCACAA-1",3.26647770696345
"TTAACTCTCATAAAGG-1",3.21113131930547
"TTAACTCTCCCTCAGT-1",0
"TTAGGACAGCAGGCTA-1",4.47557052231017
"TTAGGACAGCTCTCGG-1",1.40766922070462
"TTAGGACCAAGCCATT-1",2.38795483309312
"TTAGGACCAGTCAGAG-1",6.31382798212043
"TTAGGACGTTTGTTTC-1",4.47517817189854
"TTAGGCAAGAAGATTC-1",3.27380487312458
"TTAGGCAAGAGCCCAA-1",7.96419563438976
"TTAGGCAAGAGTGACC-1",7.60159221010536
"TTAGGCAAGGTTCCTA-1",3.02296819787208
"TTAGGCAAGTCGTTTG-1",1.35247189521277
"TTAGGCAAGTGTACCT-1",0
"TTAGGCACAGACGCTC-1",0
"TTAGGCACATGTTCCC-1",0
"TTAGGCAGTAAGGATT-1",6.71607094243714
"TTAGGCAGTAAGTAGT-1",3.64059508511359
"TTAGGCAGTCTTGATG-1",8.02761543780594
"TTAGGCATCACGCATA-1",5.11425664668042
"TTAGGCATCAGTCAGT-1",0
"TTAGGCATCCAGTATG-1",0
"TTAGGCATCGTTACGA-1",1.95245287211938
"TTAGTTCAGGTGCAAC-1",10.6381874092645
"TTAGTTCCAATGTAAG-1",3.83370995822109
"TTAGTTCCATCCTTGC-1",5.73809023965826
"TTAGTTCGTAGCCTAT-1",3.79766557441939
"TTAGTTCGTGCAGACA-1",1.95870423781931
"TTAGTTCGTGTCAATC-1",2.67609516007899
"TTAGTTCGTTGCCTCT-1",10.5030164105958
"TTAGTTCTCAGGCCCA-1",3.87995036260572
"TTAGTTCTCGCAGGCT-1",7.88886517737829
"TTAGTTCTCTACTATC-1",0
"TTATGCTAGAATGTGT-1",1.65683308016806
"TTATGCTAGCACACAG-1",7.13499437620792
"TTATGCTAGCAGCCTC-1",5.86626631047787
"TTATGCTAGTCCCACG-1",7.0617427290684
"TTATGCTCAGCCAGAA-1",4.86590746212549
"TTATGCTCATACCATG-1",6.58664664149359
"TTATGCTCATGTAGTC-1",8.84430615061611
"TTATGCTGTCCGAGTC-1",5.81280549031889
"TTATGCTTCGATAGAA-1",5.2950099336312
"TTCCCAGAGAATTCCC-1",7.60159221010536
"TTCCCAGAGACTAGAT-1",4.50160499584247
"TTCCCAGAGTATCGAA-1",8.50162519170221
"TTCCCAGCAGATGGGT-1",7.20476268540476
"TTCCCAGCATCAGTAC-1",10.0467294378022
"TTCCCAGCATCTCCCA-1",3.75356380978385
"TTCCCAGCATTACCTT-1",4.77656883668026
"TTCCCAGTCAACACTG-1",4.58456069389216
"TTCCCAGTCGAGAGCA-1",7.15780168250013
"TTCGAAGAGTCTCAAC-1",3.58870521580858
"TTCGAAGCAAGCGCTC-1",3.83121664709107
"TTCGAAGCACATTAGC-1",7.14191830807971
"TTCGAAGCACGGTGTC-1",0
"TTCGGTCAGAGGACGG-1",5.4931594399328
"TTCGGTCAGCACACAG-1",4.37215009581792
"TTCGGTCAGGCCCTCA-1",6.75812282190029
"TTCGGTCAGTGAATTG-1",7.14191830807971
"TTCGGTCAGTTGAGAT-1",4.89492399696996
"TTCGGTCCAAGGGTCA-1",4.3600628342493
"TTCGGTCCACGTCAGC-1",6.32309269663373
"TTCGGTCGTAACGTTC-1",4.97232870457883
"TTCGGTCGTAGAGTGC-1",12.5386238304145
"TTCGGTCGTTCATGGT-1",0
"TTCGGTCGTTCTGTTT-1",4.41925360743398
"TTCGGTCTCAAAGACA-1",6.89082773386031
"TTCGGTCTCCAGTATG-1",5.44800361019559
"TTCGGTCTCGCGTTTC-1",8.87651802068367
"TTCGGTCTCGTCTGAA-1",1.77325184657207
"TTCTACAAGACTAAGT-1",6.13899898825888
"TTCTACAAGCAGCCTC-1",2.14493407592794
"TTCTACAAGCCTTGAT-1",3.56707024660423
"TTCTACAAGGCAGGTT-1",5.76589846667747
"TTCTACAAGGTAAACT-1",7.13782774906057
"TTCTACAAGTTAGGTA-1",8.6762113300849
"TTCTACACACGTGAGA-1",11.1604604510372
"TTCTACACAGCTGTTA-1",5.23637936851693
"TTCTACACATCGATTG-1",8.84430615061611
"TTCTACACATTACGAC-1",4.64864436443002
"TTCTACAGTACCGTTA-1",14.0629316363909
"TTCTACAGTATATGAG-1",9.97349155674539
"TTCTACAGTGGCTCCA-1",9.20986212728586
"TTCTACATCAACGGGA-1",3.44896728450656
"TTCTACATCCGCGTTT-1",3.91023037897304
"TTCTCAAAGAAAGTGG-1",10.6379591133616
"TTCTCAAAGAATCTCC-1",4.89492399696996
"TTCTCAAAGAGGTTAT-1",1.44096392305322
"TTCTCAAAGCAGCCTC-1",12.3549548130067
"TTCTCAAAGCCGCCTA-1",0
"TTCTCAAAGTCAATAG-1",11.8059135993419
"TTCTCAAAGTTGAGAT-1",5.21148509479549
"TTCTCAACACCCAGTG-1",5.6918263188071
"TTCTCAACATTGTGCA-1",4.76322529749996
"TTCTCAAGTATAAACG-1",3.48647480873811
"TTCTCAAGTCCCTTGT-1",1.82589247559751
"TTCTCAAGTCGAGATG-1",4.90246516585261
"TTCTCAATCATCGCTC-1",6.29416201588487
"TTCTCAATCCCTAACC-1",8.7427849281919
"TTCTCAATCGTAGGAG-1",2.08594362943213
"TTCTCCTAGAGTAAGG-1",2.04387007589497
"TTCTCCTAGCGACGTA-1",10.5611452875497
"TTCTCCTAGCGTGAGT-1",8.6762113300849
"TTCTCCTAGTCTCGGC-1",2.23062151051123
"TTCTCCTCAACACGCC-1",3.61501347602257
"TTCTCCTCAATAACGA-1",8.83191946384062
"TTCTCCTGTTAAGAAC-1",1.56369446183241
"TTCTCCTTCAGTTCGA-1",5.07156539144019
"TTCTCCTTCCGTAGGC-1",6.00590612770826
"TTCTCCTTCCTTTCTC-1",6.92866967743876
"TTCTCCTTCTGCAAGT-1",8.84430615061611
"TTCTCCTTCTTCAACT-1",10.1950630889164
"TTCTCCTTCTTGTACT-1",10.0467294378021
"TTCTTAGAGGACTGGT-1",7.77561792865003
"TTCTTAGCAAGGTGTG-1",5.21434661948986
"TTCTTAGCATCGGAAG-1",3.25666605988123
"TTCTTAGGTAGAAGGA-1",1.95245287211938
"TTCTTAGGTCATATGC-1",5.89816811517585
"TTCTTAGTCAGTTCGA-1",11.2750656775857
"TTGAACGGTCACTTCC-1",3.58870521580858
"TTGAACGTCATGTCCC-1",7.7390725323072
"TTGACTTAGCCACGTC-1",6.31382798212043
"TTGACTTAGCGACGTA-1",9.3144694009356
"TTGACTTAGTTAACGA-1",5.22588234458609
"TTGACTTCACTTACGA-1",6.00997899298165
"TTGACTTGTCTCTCTG-1",1.78429860398032
"TTGACTTGTGCGATAG-1",8.50162519170221
"TTGACTTTCCAGAGGA-1",5.73011379968459
"TTGACTTTCTGTCCGT-1",1.7360849798154
"TTGCCGTAGGAGCGTT-1",6.23532092144995
"TTGCCGTAGGTGGGTT-1",3.17420761267501
"TTGCCGTCATGGTCAT-1",5.06528933516129
"TTGCGTCAGACAGAGA-1",6.90207565291245
"TTGCGTCAGCTCCTTC-1",5.67162197269374
"TTGCGTCAGTCCATAC-1",7.13499437620792
"TTGCGTCAGTGAATTG-1",5.4931594399328
"TTGCGTCCAAATTGCC-1",4.22730477913861
"TTGCGTCCACTGTGTA-1",10.5940429921368
"TTGCGTCCAGTCACTA-1",8.43710297276653
"TTGCGTCGTCTGATTG-1",3.87995036260572
"TTGGAACAGCCCAATT-1",4.3600628342493
"TTGGAACAGCGTCTAT-1",5.44925585857813
"TTGGAACAGGCGTACA-1",0
"TTGGAACGTATTACCG-1",7.83501054669813
"TTGGAACTCCCATTAT-1",0
"TTGGAACTCCGTAGTA-1",8.44521007740639
"TTGGAACTCGTCCAGG-1",4.06889551278487
"TTGGCAAAGTTAGGTA-1",10.6379591133616
"TTGGCAAGTATAGGTA-1",8.87651802068367
"TTGGCAATCACATGCA-1",6.32309269663373
"TTGGCAATCAGAGCTT-1",10.0467294378021
"TTGGCAATCGCATGAT-1",7.0914788674984
"TTGGCAATCTAGAGTC-1",7.20476268540476
"TTGTAGGAGGTGCTAG-1",5.96430586566074
"TTGTAGGCACACGCTG-1",7.60159221010536
"TTGTAGGGTCTCCCTA-1",5.30636601528884
"TTGTAGGGTGGTAACG-1",5.07156539144019
"TTGTAGGTCGGCGCTA-1",7.60159221010536
"TTGTAGGTCTGCCAGG-1",3.46576412200636
"TTTACTGAGATCACGG-1",9.30913672410699
"TTTACTGCAAAGCAAT-1",5.89816811517585
"TTTACTGCACATGGGA-1",6.70841368439423
"TTTACTGCACCACGTG-1",0
"TTTACTGCATGGGACA-1",7.30788570177483
"TTTACTGCATGTCCTC-1",5.89816811517585
"TTTACTGGTAACGTTC-1",5.76374579248327
"TTTACTGGTGGTGTAG-1",4.68379123950849
"TTTACTGGTTCGCTAA-1",7.9834476819303
"TTTACTGTCTGGAGCC-1",4.76322529749996
"TTTATGCAGACTGTAA-1",0
"TTTATGCAGATGCGAC-1",4.07843332103618
"TTTATGCAGGCAAAGA-1",2.69587412754802
"TTTATGCAGGCCCGTT-1",1.53937212158794
"TTTATGCAGTTCCACA-1",6.1053884079577
"TTTATGCCAAACGCGA-1",7.41253199008527
"TTTATGCCAATCTGCA-1",9.31087062011637
"TTTATGCCACAGGTTT-1",1.44096392305322
"TTTATGCCAGCCAATT-1",3.77267314351318
"TTTATGCCAGGTCGTC-1",3.59115792893429
"TTTATGCCATGGTCAT-1",12.7612590216119
"TTTATGCTCACATAGC-1",2.48600736536419
"TTTATGCTCACCTTAT-1",12.7130073277035
"TTTATGCTCGGCGGTT-1",5.62277990566271
"TTTATGCTCTCGCTTG-1",5.73011379968459
"TTTCCTCAGCGTGAAC-1",12.4225131626941
"TTTCCTCAGGACTGGT-1",7.21504885001152
"TTTCCTCCAAAGTGCG-1",2.08594362943213
"TTTCCTCCAGGAATGC-1",1.40140761631585
"TTTCCTCCATTAGCCA-1",14.7896210841302
"TTTCCTCGTCCGAAGA-1",4.54420791505421
"TTTCCTCGTCGCTTTC-1",5.04917294947631
"TTTCCTCTCGGCCGAT-1",8.76989359532973
"TTTCCTCTCGTGTAGT-1",0
"TTTGCGCAGCTAAACA-1",8.44521007740639
"TTTGCGCAGCTAGTCT-1",1.95870423781931
"TTTGCGCAGGCCGAAT-1",1.52066335423564
"TTTGCGCAGTCAAGGC-1",0
"TTTGCGCCAAGTAGTA-1",1.95870423781931
"TTTGCGCCAGGTGCCT-1",6.92866967743876
"TTTGCGCGTCTAAACC-1",1.95870423781931
"TTTGCGCTCAAAGTAG-1",3.32653534053755
"TTTGCGCTCATGTAGC-1",4.54420791505421
"TTTGGTTAGAATGTGT-1",9.4106863587513
"TTTGGTTAGACAATAC-1",4.3600628342493
"TTTGGTTAGCGATTCT-1",7.34703807636642
"TTTGGTTAGGCTCAGA-1",0
"TTTGGTTAGTTACCCA-1",5.41320224655064
"TTTGGTTCAAACTGCT-1",7.88886517737829
"TTTGGTTCAAGCTGTT-1",7.2897654766738
"TTTGGTTCAGATCGGA-1",3.4418374456166
"TTTGGTTCATCACAAC-1",2.67777164136099
"TTTGGTTGTACTTCTT-1",7.88886517737829
"TTTGGTTGTATGCTTG-1",5.26917777573495
"TTTGGTTGTGCTTCTC-1",1.77814034080982
"TTTGGTTTCATGCTCC-1",10.3523034963146
"TTTGGTTTCCCTGACT-1",3.18761760774577
"TTTGTCAAGAGTCGGT-1",5.82443533099845
"TTTGTCACAAGTTCTG-1",11.2818513447439
"TTTGTCACAAGTTGTC-1",6.2954495261643
"TTTGTCATCACCTTAT-1",5.57418914045727
"TTTGTCATCCATTCTA-1",3.06023494760362
"TTTGTCATCCTTAATC-1",0
"TTTGTCATCTTATCTG-1",1.94779823749812
