"cell_barcode","expression"
"AAACCTGAGACAGAGA-1",1.18012819735336
"AAACCTGAGACTTTCG-1",1.68630118274497
"AAACCTGAGAGTAAGG-1",0
"AAACCTGAGAGTCGGT-1",0
"AAACCTGAGGATGGAA-1",1.95089811949327
"AAACCTGAGTAGATGT-1",1.46428914671786
"AAACCTGCAATCAGAA-1",0
"AAACCTGCACCGATAT-1",0
"AAACCTGCAGACGTAG-1",0
"AAACCTGCAGTATCTG-1",0
"AAACCTGCATAGTAAG-1",0
"AAACCTGCATGAACCT-1",0
"AAACCTGGTAAGAGGA-1",1.65340830422807
"AAACCTGGTCCAACTA-1",0
"AAACCTGTCCGTAGTA-1",1.09343917725102
"AAACCTGTCGAGAGCA-1",1.22101537185241
"AAACGGGAGTACGACG-1",0
"AAACGGGCAAGGTTTC-1",0
"AAACGGGCACGTCAGC-1",0
"AAACGGGCAGCGTTCG-1",0
"AAACGGGGTAGCCTCG-1",0
"AAACGGGGTCTACCTC-1",0
"AAACGGGGTGCGGTAA-1",0
"AAACGGGGTTGTCGCG-1",0
"AAACGGGTCCATGAGT-1",0
"AAACGGGTCCCAACGG-1",0
"AAACGGGTCCCATTAT-1",0
"AAAGATGCAGTCAGCC-1",3.74058983456247
"AAAGATGCATCTACGA-1",0
"AAAGCAAAGCGTCTAT-1",0
"AAAGCAACATGTCGAT-1",4.11788579489196
"AAAGCAAGTAGCTGCC-1",1.85851196975552
"AAAGCAAGTAGGCATG-1",0
"AAAGCAAGTGCGCTTG-1",1.64323655240376
"AAAGCAAGTTATTCTC-1",0
"AAAGCAATCCGTAGTA-1",1.42373106074152
"AAAGTAGAGATGTGTA-1",0
"AAAGTAGAGTGGGCTA-1",1.686659743766
"AAAGTAGGTATATGGA-1",2.75469498089748
"AAAGTAGGTGAGCGAT-1",0
"AAAGTAGGTTGAGGTG-1",0
"AAATGCCAGCCCTAAT-1",0
"AAATGCCAGCGTGTCC-1",0
"AAATGCCCAACACCTA-1",1.72880552249059
"AAATGCCGTAGGAGTC-1",1.40673748343183
"AAATGCCGTCTTTCAT-1",1.74188585581586
"AAATGCCGTGGTCCGT-1",0
"AAATGCCGTTCCCGAG-1",1.97402936112055
"AAATGCCTCATAGCAC-1",0
"AAATGCCTCGCTTAGA-1",0
"AACACGTAGAATTCCC-1",0
"AACACGTAGCCCTAAT-1",0
"AACACGTAGGGTGTGT-1",0
"AACACGTCACTGTCGG-1",0
"AACACGTCATCCCATC-1",2.91716647492539
"AACACGTGTGCAACGA-1",0
"AACACGTGTGTCGCTG-1",1.58678831255995
"AACCATGAGCGCTTAT-1",0
"AACCATGGTCCGTTAA-1",1.85851196975552
"AACCATGTCAGTTCGA-1",0
"AACCATGTCATCGATG-1",0
"AACCATGTCCCAAGTA-1",1.25832641494449
"AACCGCGAGAAGCCCA-1",1.686659743766
"AACCGCGAGACTGGGT-1",0
"AACCGCGAGAGGTACC-1",0
"AACCGCGAGTTAGGTA-1",0
"AACCGCGAGTTGCAGG-1",1.62760253772604
"AACCGCGCACGGTAGA-1",1.72047038548075
"AACCGCGCAGCATGAG-1",1.65683308016806
"AACCGCGCAGCCTGTG-1",0
"AACCGCGCAGCTGTGC-1",0
"AACCGCGCAGTATGCT-1",2.75469498089748
"AACCGCGGTACTTGAC-1",0
"AACCGCGGTCTGCAAT-1",0
"AACCGCGTCACATGCA-1",0
"AACCGCGTCACCGTAA-1",0
"AACCGCGTCCAGAGGA-1",0
"AACCGCGTCCGAAGAG-1",3.91400772770181
"AACGTTGAGCGATAGC-1",0
"AACGTTGAGCGATCCC-1",0
"AACGTTGAGCTTATCG-1",0
"AACGTTGCAAGTTGTC-1",1.64054971358604
"AACGTTGCAATAGAGT-1",0
"AACGTTGCAATGGATA-1",1.66373482153261
"AACGTTGCATGGATGG-1",0
"AACGTTGCATTCTCAT-1",1.31005024831488
"AACGTTGTCAACACGT-1",0
"AACGTTGTCGAGGTAG-1",1.26431044092014
"AACGTTGTCGGTCCGA-1",1.64256384034015
"AACTCAGAGAGCTATA-1",0
"AACTCAGAGAGTCGGT-1",0
"AACTCAGAGCCACCTG-1",3.42461168082516
"AACTCAGAGCCCAATT-1",0
"AACTCAGCAAACAACA-1",1.25832641494449
"AACTCAGCACAAGCCC-1",0
"AACTCAGCACGGTTTA-1",0
"AACTCAGCAGGATCGA-1",1.54893374296269
"AACTCAGCATAAAGGT-1",0
"AACTCAGGTTCCACAA-1",1.17314534053068
"AACTCAGTCGTACCGG-1",0
"AACTCCCAGCCCAGCT-1",1.65340830422807
"AACTCCCAGCTAAGAT-1",1.17314534053068
"AACTCCCCATGGTCTA-1",0
"AACTCCCGTTGCGCAC-1",0
"AACTCCCTCAAGAAGT-1",1.66616704959864
"AACTCCCTCAAGCCTA-1",0
"AACTCCCTCATCGCTC-1",0
"AACTCCCTCTGCAGTA-1",1.26668548169973
"AACTCCCTCTGGCGTG-1",1.54893374296269
"AACTCTTAGCAGACTG-1",1.64323655240376
"AACTCTTAGTCCGGTC-1",0
"AACTCTTCATGCTAGT-1",4.66898563009297
"AACTCTTGTCGAATCT-1",1.55010236289611
"AACTCTTGTCGGGTCT-1",0
"AACTCTTTCTCAAACG-1",0
"AACTCTTTCTCCAGGG-1",0
"AACTCTTTCTCTGCTG-1",0
"AACTGGTAGAAGATTC-1",1.75166176372084
"AACTGGTAGAGACTAT-1",0
"AACTGGTAGCCAACAG-1",0
"AACTGGTAGTGTACTC-1",0
"AACTGGTCACTGAAGG-1",0
"AACTGGTGTCCGAACC-1",0
"AACTGGTTCGGAGCAA-1",1.40673748343183
"AACTGGTTCGTGGGAA-1",0
"AACTGGTTCTGCTTGC-1",0
"AACTTTCAGCGTGAAC-1",2.00341976423649
"AACTTTCAGTATCTCG-1",0
"AACTTTCAGTTTCCTT-1",0
"AACTTTCCATCCTTGC-1",2.21374942574787
"AACTTTCGTCTAGAGG-1",1.62563259835408
"AACTTTCGTCTCTTTA-1",1.75166176372084
"AACTTTCGTTTGTTTC-1",2.24558564902964
"AAGACCTAGGGCTTCC-1",4.66898563009297
"AAGACCTAGTACACCT-1",0
"AAGACCTGTATATGAG-1",1.82414682357231
"AAGACCTGTATCAGTC-1",0
"AAGACCTGTCCGTGAC-1",0
"AAGACCTGTCGAAAGC-1",0
"AAGACCTTCGCCATAA-1",0
"AAGCCGCAGATCTGAA-1",1.42373106074152
"AAGCCGCAGGGTGTTG-1",1.85851196975552
"AAGCCGCAGTGGACGT-1",0
"AAGCCGCAGTGTACTC-1",0
"AAGCCGCCACGCTTTC-1",0.742335663410549
"AAGCCGCCAGGACGTA-1",2.87323852517674
"AAGCCGCGTACAGTTC-1",1.64054971358604
"AAGCCGCGTCATTAGC-1",1.72880552249059
"AAGCCGCTCACGAAGG-1",0
"AAGCCGCTCAGTTAGC-1",0
"AAGCCGCTCGCAAACT-1",0
"AAGCCGCTCGTCGTTC-1",1.38614437986727
"AAGCCGCTCTTACCGC-1",1.64323655240376
"AAGGAGCAGAAACCGC-1",0
"AAGGAGCAGGCATGTG-1",1.686659743766
"AAGGAGCAGGCGCTCT-1",1.90326544635738
"AAGGAGCAGTTGAGTA-1",1.26431044092014
"AAGGAGCCACGGCGTT-1",1.95661467116005
"AAGGAGCGTCTGCAAT-1",0
"AAGGAGCTCGTCTGCT-1",1.72047038548075
"AAGGCAGAGAACTGTA-1",0
"AAGGCAGAGAGATGAG-1",0
"AAGGCAGAGGTGATAT-1",0
"AAGGCAGCATAGTAAG-1",3.50004326309741
"AAGGCAGGTACTTCTT-1",0.742335663410549
"AAGGCAGGTGTGCCTG-1",0
"AAGGCAGTCAGATAAG-1",0
"AAGGCAGTCGGAATCT-1",0
"AAGGTTCAGTATCTCG-1",0
"AAGGTTCCATCACGTA-1",0
"AAGGTTCGTATATGGA-1",1.64323655240376
"AAGGTTCGTCCGAATT-1",1.27517113470008
"AAGGTTCGTCGACTAT-1",2.64266882083241
"AAGGTTCGTGTGACCC-1",0
"AAGGTTCTCCGTCATC-1",0
"AAGGTTCTCCTCGCAT-1",0
"AAGGTTCTCTGCGGCA-1",0
"AAGTCTGAGCCATCGC-1",0
"AAGTCTGAGTCAAGCG-1",0
"AAGTCTGCAAAGGAAG-1",0
"AAGTCTGGTCAGCTAT-1",0
"AAGTCTGTCAAACAAG-1",0
"AAGTCTGTCACTGGGC-1",0
"AAGTCTGTCAGCAACT-1",0
"AATCCAGCAAAGTGCG-1",0
"AATCCAGCAGCATACT-1",0
"AATCCAGGTAGGCATG-1",1.74188585581586
"AATCCAGGTCTCCCTA-1",3.99332022108625
"AATCCAGTCCGAATGT-1",2.05236211254894
"AATCGGTAGGCATGGT-1",1.46428914671786
"AATCGGTTCCTGTACC-1",0
"AATCGGTTCGCCGTGA-1",0
"ACACCAAAGATGAGAG-1",0
"ACACCAAAGCCCTAAT-1",4.11788579489196
"ACACCAAAGGATGGTC-1",1.79468210501893
"ACACCAAAGTGTCCAT-1",0
"ACACCAACACTTCGAA-1",0
"ACACCAACAGACGCTC-1",1.59082098285834
"ACACCAACAGCCTATA-1",1.09343917725102
"ACACCAAGTCGCGTGT-1",0
"ACACCAAGTCTAAACC-1",1.25832641494449
"ACACCAAGTTATGTGC-1",1.87328444292206
"ACACCAATCGCGTTTC-1",1.74188585581586
"ACACCCTAGCCAGGAT-1",2.05236211254894
"ACACCCTAGTACTTGC-1",0
"ACACCCTCAAGCGCTC-1",1.62563259835408
"ACACCCTCATCACAAC-1",1.62760253772604
"ACACCCTCATGCCCGA-1",1.62760253772604
"ACACCCTGTCTGGTCG-1",1.3649307493573
"ACACCCTTCCGCAAGC-1",0
"ACACCCTTCCTTGCCA-1",1.72880552249059
"ACACCCTTCTATCCTA-1",1.31005024831488
"ACACCCTTCTGGCGTG-1",1.97402936112055
"ACACCGGAGGCTCAGA-1",0
"ACACCGGAGTGACATA-1",0
"ACACCGGAGTTACCCA-1",1.78512374481266
"ACACCGGCACCAGATT-1",0
"ACACCGGCACCGAAAG-1",0
"ACACCGGCATCACAAC-1",1.54893374296269
"ACACCGGTCCGCATAA-1",1.85259490584447
"ACACCGGTCTCGGACG-1",1.79468210501893
"ACACCGGTCTCTGTCG-1",0
"ACACTGAAGCACGCCT-1",0
"ACACTGAAGGTGATTA-1",0
"ACACTGACAATAGAGT-1",0
"ACACTGACAGACTCGC-1",0
"ACACTGACATCCAACA-1",0
"ACACTGAGTCCGAAGA-1",1.66373482153261
"ACACTGAGTGTTTGTG-1",1.72880552249059
"ACACTGAGTTTGACTG-1",0
"ACAGCCGAGGAATGGA-1",1.87328444292206
"ACAGCCGAGGCCCGTT-1",3.58502279097312
"ACAGCCGAGGTGCTTT-1",0
"ACAGCCGAGTGGTAGC-1",1.64323655240376
"ACAGCCGCATATACGC-1",1.67527766992964
"ACAGCCGCATGCAACT-1",0
"ACAGCCGGTAGGGTAC-1",0
"ACAGCCGGTCGAATCT-1",3.02794509889316
"ACAGCCGGTTCACCTC-1",0
"ACAGCCGGTTCCACTC-1",0
"ACAGCCGTCCAGAAGG-1",0
"ACAGCCGTCTTTACAC-1",2.91172280550566
"ACAGCTAAGCACCGCT-1",0
"ACAGCTAAGTATCTCG-1",2.18662845170472
"ACAGCTAAGTGTTGAA-1",1.91501447476243
"ACAGCTACATCGTCGG-1",1.33323532171794
"ACAGCTAGTCGACTAT-1",3.4034157302565
"ACAGCTAGTGGTACAG-1",1.25832641494449
"ACAGCTATCACCACCT-1",0
"ACAGCTATCTGCTTGC-1",0
"ACATACGAGAGCTTCT-1",0
"ACATACGAGCGTAGTG-1",3.02794509889316
"ACATACGAGCTTCGCG-1",0
"ACATACGAGCTTTGGT-1",1.64323655240376
"ACATACGCAAACGTGG-1",0
"ACATACGCAAGCCTAT-1",0
"ACATACGCATCTCCCA-1",0
"ACATACGCATTCTCAT-1",0.742335663410549
"ACATACGGTAGGAGTC-1",0
"ACATACGGTGCACCAC-1",1.35374862108525
"ACATACGGTGGTTTCA-1",0
"ACATACGTCGTATCAG-1",1.33261857251754
"ACATCAGAGCCACTAT-1",3.33955890517736
"ACATCAGAGCCTTGAT-1",0
"ACATCAGCAACACCCG-1",0
"ACATCAGCAACGATGG-1",0
"ACATCAGCAATTGCTG-1",0
"ACATCAGCACCGGAAA-1",0
"ACATCAGCATAAAGGT-1",0
"ACATCAGCATCCCACT-1",0
"ACATCAGCATTTGCCC-1",1.26668548169973
"ACATCAGGTAAGGATT-1",1.64323655240376
"ACATCAGGTCCGTGAC-1",0
"ACATCAGGTTAAGTAG-1",1.86678477415487
"ACATCAGTCAAACCGT-1",0
"ACATGGTAGCATGGCA-1",1.42373106074152
"ACATGGTAGCTGTTCA-1",0
"ACATGGTCACTTGGAT-1",0
"ACATGGTGTCAGATAA-1",0
"ACATGGTGTCTGCGGT-1",3.99332022108625
"ACATGGTGTGCAACTT-1",1.62760253772604
"ACATGGTTCCGCAAGC-1",0
"ACATGGTTCCTCCTAG-1",0
"ACATGGTTCTGGAGCC-1",2.64266882083241
"ACATGGTTCTTCTGGC-1",0
"ACCAGTAAGATCACGG-1",0
"ACCAGTAAGCTTCGCG-1",0
"ACCAGTACACAGATTC-1",0
"ACCAGTACACAGGCCT-1",0
"ACCAGTACAGTATGCT-1",0
"ACCAGTACAGTCAGAG-1",1.38614437986727
"ACCAGTACAGTTTACG-1",0
"ACCAGTAGTCACCCAG-1",0
"ACCAGTAGTCCATCCT-1",0
"ACCAGTAGTCTTCAAG-1",0
"ACCAGTAGTGGACGAT-1",4.74965610614532
"ACCAGTATCTGCGACG-1",0
"ACCAGTATCTGCTTGC-1",0
"ACCAGTATCTGTTTGT-1",1.91501447476243
"ACCCACTAGAGGTTAT-1",0
"ACCCACTAGATCCCGC-1",1.15184771954717
"ACCCACTAGATGTGTA-1",1.50684451275357
"ACCCACTAGCCCAATT-1",1.26158247885672
"ACCCACTCAAGGGTCA-1",4.11788579489196
"ACCCACTCAAGGTTCT-1",1.42373106074152
"ACCCACTGTAAATGAC-1",1.72047038548075
"ACCCACTGTAGCCTCG-1",0
"ACCCACTGTCAAAGAT-1",0
"ACCCACTGTCAATACC-1",2.18662845170472
"ACCCACTGTGTGGTTT-1",3.50004326309741
"ACCCACTTCGCAAACT-1",1.686659743766
"ACCCACTTCTGCCAGG-1",1.3649307493573
"ACCGTAACAATCGGTT-1",0
"ACCGTAACAATCTACG-1",0
"ACCGTAACAGGTCCAC-1",0
"ACCGTAAGTACAGCAG-1",0
"ACCGTAAGTCATGCAT-1",1.62563259835408
"ACCGTAAGTGAGTGAC-1",1.78182890102545
"ACCGTAAGTTAAGAAC-1",0
"ACCGTAAGTTCCGTCT-1",0
"ACCGTAATCACATAGC-1",1.75166176372084
"ACCGTAATCATGTGGT-1",0
"ACCGTAATCTGAAAGA-1",0
"ACCTTTACAATCGGTT-1",1.95089811949327
"ACCTTTACACGGACAA-1",1.75799034376634
"ACCTTTACAGCAGTTT-1",0
"ACCTTTACATGCAACT-1",0
"ACCTTTACATTTCAGG-1",0
"ACCTTTAGTGAACCTT-1",1.87328444292206
"ACCTTTAGTTCCACTC-1",1.78512374481266
"ACCTTTATCTCTAGGA-1",0
"ACGAGCCAGGCAGGTT-1",0
"ACGAGCCCACAGGCCT-1",1.33261857251754
"ACGAGCCCATGGAATA-1",0
"ACGAGCCGTGCACGAA-1",0
"ACGAGCCGTGTGACCC-1",0
"ACGAGCCGTTGGTTTG-1",1.74188585581586
"ACGAGCCTCAGTCCCT-1",0
"ACGAGCCTCGCAAACT-1",3.4034157302565
"ACGAGGACACTACAGT-1",0
"ACGAGGACATGTAGTC-1",0
"ACGAGGAGTACACCGC-1",1.82414682357231
"ACGAGGAGTGCCTGCA-1",0
"ACGAGGAGTTCTGAAC-1",0
"ACGAGGATCTGCGGCA-1",0
"ACGATACAGAGTGACC-1",0
"ACGATACAGCGCCTTG-1",0
"ACGATACCACGTTGGC-1",0
"ACGATACCATTGGGCC-1",1.34110442770281
"ACGATACGTCGAATCT-1",1.87702456431488
"ACGATACTCTGACCTC-1",0
"ACGATGTAGTGCGATG-1",0
"ACGATGTAGTTGAGAT-1",0
"ACGATGTCAACGCACC-1",1.87843203544026
"ACGATGTCACACGCTG-1",0
"ACGATGTGTATTCTCT-1",0
"ACGATGTGTCAGTGGA-1",0
"ACGATGTGTGACTACT-1",2.00341976423649
"ACGATGTGTGTCGCTG-1",0
"ACGATGTTCGCGTAGC-1",0
"ACGATGTTCTCTTATG-1",0
"ACGCAGCAGCGGCTTC-1",2.02366296411885
"ACGCAGCAGCTGCGAA-1",0
"ACGCAGCAGTGTACGG-1",1.51565409822438
"ACGCAGCCACCTCGTT-1",1.68630118274497
"ACGCAGCCATCGACGC-1",0
"ACGCAGCCATTACCTT-1",0
"ACGCAGCGTCCATGAT-1",0
"ACGCAGCGTCTACCTC-1",1.97402936112055
"ACGCAGCGTCTGGTCG-1",0
"ACGCAGCGTGCGATAG-1",0
"ACGCCAGCAAAGCAAT-1",1.95089811949327
"ACGCCAGCAACGCACC-1",1.75799034376634
"ACGCCAGCACGAGAGT-1",0
"ACGCCAGCAGTGAGTG-1",2.18662845170472
"ACGCCAGGTGCACTTA-1",2.91172280550566
"ACGCCAGGTGTGCGTC-1",5.55905215209367
"ACGCCAGTCACAGGCC-1",0
"ACGCCAGTCAGTGTTG-1",0
"ACGCCGAAGAAACGCC-1",3.07123984018489
"ACGCCGAAGATCTGCT-1",1.33261857251754
"ACGCCGACAGCCTGTG-1",4.6187660817515
"ACGCCGAGTTCCAACA-1",1.64323655240376
"ACGCCGATCCTATGTT-1",0
"ACGCCGATCGCAGGCT-1",1.38614437986727
"ACGCCGATCTTGTATC-1",0
"ACGGAGAAGCCAGTTT-1",0
"ACGGAGACACACATGT-1",0
"ACGGAGACAGCCTGTG-1",0
"ACGGAGACAGCGTAAG-1",0
"ACGGAGACAGTAAGCG-1",0
"ACGGAGAGTGTGACGA-1",1.6398796706598
"ACGGAGATCCACGAAT-1",0
"ACGGCCACACATCCAA-1",0
"ACGGCCACACATTCGA-1",0
"ACGGCCAGTACCGTAT-1",0
"ACGGCCAGTGTATGGG-1",0
"ACGGCCATCACGGTTA-1",0
"ACGGCCATCAGTGTTG-1",0
"ACGGCCATCTACTATC-1",0
"ACGGGCTAGGATCGCA-1",0
"ACGGGCTAGGTTCCTA-1",0
"ACGGGCTAGTGGCACA-1",1.22101537185241
"ACGGGCTCATCTGGTA-1",0
"ACGGGCTGTGAGGCTA-1",3.74058983456247
"ACGGGCTTCCGAACGC-1",0
"ACGGGTCAGATGCCAG-1",0
"ACGGGTCCATGATCCA-1",3.33955890517736
"ACGGGTCCATTAGGCT-1",1.72047038548075
"ACGGGTCCATTTCACT-1",1.62760253772604
"ACGGGTCGTTAGGGTG-1",0
"ACGGGTCTCAACACCA-1",1.66373482153261
"ACGGGTCTCCACGCAG-1",1.63122916416941
"ACGTCAAAGGGCTTCC-1",0
"ACGTCAAAGTGGTAAT-1",0
"ACGTCAACAACTGCGC-1",0
"ACGTCAACACAAGACG-1",3.10641955374156
"ACGTCAAGTAGCTCCG-1",0
"ACGTCAAGTGTCGCTG-1",1.26668548169973
"ACGTCAAGTTATGCGT-1",0
"ACGTCAATCAACCAAC-1",0
"ACGTCAATCATAACCG-1",1.79468210501893
"ACGTCAATCCAGAAGG-1",1.27517113470008
"ACGTCAATCTAACTCT-1",0
"ACTATCTAGAGGTTAT-1",0
"ACTATCTAGATACACA-1",0
"ACTATCTAGGAGTAGA-1",0
"ACTATCTAGGCATGTG-1",0
"ACTATCTCAAATACAG-1",2.04445529368525
"ACTATCTCAAATTGCC-1",3.610397641731
"ACTATCTGTAGGGACT-1",1.82414682357231
"ACTATCTGTCGCGTGT-1",4.88997252664052
"ACTATCTGTGCACGAA-1",1.6827258250093
"ACTATCTGTGGTTTCA-1",2.21374942574787
"ACTATCTTCGCCGTGA-1",0
"ACTGAACAGAGTGAGA-1",1.78182890102545
"ACTGAACAGATCCCGC-1",3.99332022108625
"ACTGAACAGGTGATAT-1",0
"ACTGAACCAAAGCGGT-1",0
"ACTGAACCAAGCGAGT-1",0
"ACTGAACCAATTCCTT-1",0
"ACTGAACCAGCTGGCT-1",0
"ACTGAACCAGTCTTCC-1",1.09343917725102
"ACTGAACCATTACCTT-1",1.55010236289611
"ACTGAACGTAAGCACG-1",0
"ACTGAACGTAATCGTC-1",1.55010236289611
"ACTGAACGTCCAGTAT-1",0
"ACTGAACGTCTGATCA-1",1.87843203544026
"ACTGAACTCCCACTTG-1",1.72880552249059
"ACTGAGTAGCCGGTAA-1",1.3649307493573
"ACTGAGTCAGTGGGAT-1",0
"ACTGAGTCATTTGCCC-1",0
"ACTGAGTGTAGAGCTG-1",1.15184771954717
"ACTGAGTGTTGTGGCC-1",0
"ACTGAGTTCAGGTTCA-1",0
"ACTGATGAGACAGACC-1",0
"ACTGATGAGCGGATCA-1",0
"ACTGATGAGGTGCTTT-1",1.3649307493573
"ACTGATGCAGCAGTTT-1",0
"ACTGATGCATCACAAC-1",0
"ACTGATGGTCATGCAT-1",0
"ACTGATGTCACAATGC-1",4.55771618851143
"ACTGATGTCACTCCTG-1",0
"ACTGATGTCCCTGACT-1",1.95089811949327
"ACTGATGTCCGCTGTT-1",0
"ACTGATGTCCGGCACA-1",0
"ACTGATGTCCTATTCA-1",0
"ACTGCTCAGAGCTTCT-1",0
"ACTGCTCAGATGCCTT-1",0
"ACTGCTCCACACCGCA-1",0
"ACTGCTCCAGATGGGT-1",1.68630118274497
"ACTGCTCCATGCCTAA-1",1.33261857251754
"ACTGCTCGTAGGCATG-1",1.25832641494449
"ACTGCTCGTATCACCA-1",0.742335663410549
"ACTGCTCGTCCGAAGA-1",0
"ACTGCTCTCCGAGCCA-1",1.42373106074152
"ACTGTCCAGAGGGCTT-1",0
"ACTGTCCAGCAGCGTA-1",1.90326544635738
"ACTGTCCAGGCATGGT-1",2.91172280550566
"ACTGTCCCAAGGTTTC-1",0
"ACTGTCCCAAGTACCT-1",0
"ACTGTCCCAGTATCTG-1",0
"ACTGTCCCATAGAAAC-1",0
"ACTGTCCGTTGAGGTG-1",0
"ACTGTCCTCCACGTGG-1",0
"ACTGTCCTCCTTGGTC-1",0
"ACTGTCCTCTCTGTCG-1",1.91058675785902
"ACTTACTAGCGATAGC-1",0
"ACTTACTAGGGATGGG-1",1.95089811949327
"ACTTACTCACAGACAG-1",0
"ACTTACTCACATTTCT-1",0
"ACTTACTGTACTCAAC-1",1.68630118274497
"ACTTACTGTTCCACAA-1",4.16688949608015
"ACTTACTTCATCGGAT-1",0
"ACTTGTTAGACAAGCC-1",0
"ACTTGTTAGCTAGCCC-1",0
"ACTTGTTAGTTACCCA-1",0
"ACTTGTTCACGACGAA-1",0
"ACTTGTTCACGGCTAC-1",0
"ACTTGTTGTATCGCAT-1",0
"ACTTGTTGTGGTAACG-1",0
"ACTTGTTGTTGTGGAG-1",2.91172280550566
"ACTTGTTTCATCACCC-1",1.65340830422807
"ACTTTCACATGGTCAT-1",4.55771618851143
"ACTTTCAGTGACTACT-1",1.95661467116005
"ACTTTCATCGCCAGCA-1",0
"AGAATAGAGCTGAACG-1",0
"AGAATAGAGCTGTCTA-1",0
"AGAATAGAGGTAGCTG-1",1.91501447476243
"AGAATAGCATGGTCTA-1",2.75469498089748
"AGAATAGGTATTCTCT-1",0
"AGAATAGGTGCGGTAA-1",2.11873968172633
"AGAATAGGTTAAGAAC-1",0
"AGAATAGTCAGGCCCA-1",1.72576302731971
"AGACGTTAGAATGTGT-1",0
"AGACGTTAGCTCCTCT-1",0
"AGACGTTAGTGCCAGA-1",1.87328444292206
"AGACGTTCAGGATCGA-1",0
"AGACGTTGTAGCTGCC-1",1.70593547338393
"AGACGTTGTCTGCAAT-1",2.21374942574787
"AGACGTTGTTCTGTTT-1",1.26431044092014
"AGACGTTTCGCATGGC-1",0
"AGACGTTTCGCTTAGA-1",0
"AGAGCGACAACTTGAC-1",0
"AGAGCGACAAGTACCT-1",0
"AGAGCGACACAACGTT-1",0
"AGAGCGACATGAGCGA-1",0
"AGAGCGAGTCAGTGGA-1",0
"AGAGCGAGTCGACTGC-1",0
"AGAGCGAGTTGAGTTC-1",0
"AGAGCGATCGCGTAGC-1",0
"AGAGCGATCTATCCTA-1",0
"AGAGCGATCTCGCTTG-1",2.18662845170472
"AGAGCTTAGCCGTCGT-1",0
"AGAGCTTAGTACACCT-1",0
"AGAGCTTAGTCATGCT-1",0
"AGAGCTTGTAGAGCTG-1",0
"AGAGCTTGTATCACCA-1",3.35642272124521
"AGAGCTTTCACTATTC-1",3.07123984018489
"AGAGCTTTCCTGCAGG-1",0
"AGAGCTTTCGCAAACT-1",0
"AGAGCTTTCGCTTAGA-1",0
"AGAGTGGAGAGCCTAG-1",0
"AGAGTGGAGGCCCTTG-1",0
"AGAGTGGAGGTACTCT-1",1.69206070452363
"AGAGTGGCACAAGACG-1",5.34842458637002
"AGAGTGGCACCTCGTT-1",1.69206070452363
"AGAGTGGCATCCGGGT-1",0
"AGAGTGGCATCTGGTA-1",1.75799034376634
"AGAGTGGGTCAGCTAT-1",0
"AGAGTGGGTCCTCCAT-1",1.26431044092014
"AGAGTGGGTCTAGTCA-1",1.31005024831488
"AGAGTGGGTTACCGAT-1",0
"AGATCTGAGGTGGGTT-1",0
"AGATCTGAGTCAAGGC-1",3.33955890517736
"AGATCTGCAATGTTGC-1",1.64323655240376
"AGATCTGTCGAATCCA-1",0
"AGATCTGTCTGCAGTA-1",0
"AGATTGCAGGCTACGA-1",3.610397641731
"AGATTGCCACGACGAA-1",1.64323655240376
"AGATTGCCAGATGGGT-1",0
"AGATTGCGTAGAGCTG-1",1.18012819735336
"AGATTGCGTGATGTCT-1",0.742335663410549
"AGATTGCGTGTTCGAT-1",1.72047038548075
"AGATTGCGTTCACGGC-1",1.87843203544026
"AGATTGCTCACTGGGC-1",0
"AGATTGCTCATCTGTT-1",1.72424673944707
"AGCAGCCAGCTGATAA-1",0
"AGCAGCCCACCGAAAG-1",1.62760253772604
"AGCAGCCGTCGACTGC-1",0
"AGCAGCCGTCGCTTTC-1",0
"AGCAGCCGTCTAACGT-1",0
"AGCAGCCGTGTGAAAT-1",0
"AGCAGCCGTTTGTTGG-1",3.57854311628702
"AGCAGCCTCCAAACAC-1",0
"AGCATACAGTGGTAGC-1",0
"AGCATACAGTTGTCGT-1",0
"AGCATACGTCTTCTCG-1",1.75166176372084
"AGCATACGTTAAGTAG-1",1.686659743766
"AGCATACTCCGTTGCT-1",1.59487838953934
"AGCCTAAAGATATGGT-1",0
"AGCCTAACAAAGCGGT-1",0
"AGCCTAACAGATAATG-1",0
"AGCCTAAGTACGAAAT-1",0
"AGCCTAAGTCACCTAA-1",0
"AGCCTAAGTGTGCCTG-1",0
"AGCCTAATCACCCGAG-1",0
"AGCCTAATCCAATGGT-1",4.66898563009297
"AGCCTAATCCTTGGTC-1",0
"AGCCTAATCTGTGCAA-1",1.46428914671786
"AGCCTAATCTGTTTGT-1",0
"AGCGGTCAGCGAAGGG-1",0
"AGCGGTCAGGTACTCT-1",2.05236211254894
"AGCGGTCAGTGACTCT-1",0
"AGCGGTCCAGCCTTGG-1",0
"AGCGGTCGTCCTAGCG-1",1.72576302731971
"AGCGGTCGTGGTGTAG-1",0
"AGCGGTCGTTAAGGGC-1",3.35642272124521
"AGCGGTCGTTTGCATG-1",0
"AGCGGTCTCCGAAGAG-1",0
"AGCGGTCTCCTCAATT-1",0
"AGCGGTCTCTGGGCCA-1",2.64266882083241
"AGCGTATAGAACTGTA-1",0
"AGCGTATAGCGATGAC-1",0
"AGCGTATAGGTACTCT-1",0
"AGCGTATGTTGAGGTG-1",0
"AGCGTATTCCAGAGGA-1",0
"AGCGTCGAGTTGAGTA-1",0
"AGCGTCGCAGGGATTG-1",3.63157117972451
"AGCGTCGTCTGAAAGA-1",0
"AGCTCCTAGACCTAGG-1",0
"AGCTCCTAGCGTTTAC-1",2.11873968172633
"AGCTCCTGTGTTTGTG-1",0
"AGCTCCTGTTGTCTTT-1",1.85851196975552
"AGCTCCTTCCGAATGT-1",0
"AGCTCCTTCTTGACGA-1",0
"AGCTCTCAGCGGATCA-1",0
"AGCTCTCAGCTGTTCA-1",0
"AGCTCTCAGGTGCTAG-1",4.55771618851143
"AGCTCTCCATACAGCT-1",0
"AGCTCTCGTCAGAGGT-1",3.46999255092976
"AGCTCTCGTGGGTCAA-1",0
"AGCTCTCTCACAACGT-1",0
"AGCTCTCTCTTGACGA-1",0
"AGCTTGAAGCATCATC-1",1.3649307493573
"AGCTTGAAGTAGCGGT-1",1.26668548169973
"AGCTTGAAGTTGTCGT-1",0
"AGCTTGACAATCCAAC-1",0
"AGCTTGACACCGATAT-1",1.82414682357231
"AGCTTGAGTCTACCTC-1",2.21374942574787
"AGCTTGAGTGCGCTTG-1",1.22101537185241
"AGCTTGAGTTACGCGC-1",1.34110442770281
"AGCTTGATCCTGCCAT-1",0
"AGCTTGATCTGCAAGT-1",0
"AGGCCACAGAGTAAGG-1",1.64323655240376
"AGGCCACAGGGTCTCC-1",0
"AGGCCACAGTACTTGC-1",3.63157117972451
"AGGCCACCAGGACCCT-1",1.97402936112055
"AGGCCACCATCAGTCA-1",1.59487838953934
"AGGCCACTCATGCTCC-1",0
"AGGCCACTCATTGCGA-1",1.67527766992964
"AGGCCGTAGGATCGCA-1",1.85259490584447
"AGGCCGTCACGTAAGG-1",1.75166176372084
"AGGCCGTCAGCTCGAC-1",1.86678477415487
"AGGCCGTCATCGTCGG-1",0
"AGGCCGTTCACGGTTA-1",0
"AGGCCGTTCGAACTGT-1",0.742335663410549
"AGGCCGTTCTCAAGTG-1",1.59487838953934
"AGGCCGTTCTGCTTGC-1",1.68630118274497
"AGGGAGTAGCCCAACC-1",0
"AGGGAGTAGGAGTACC-1",0
"AGGGAGTAGGCAGGTT-1",1.50684451275357
"AGGGAGTCACGAGAGT-1",3.26499222004938
"AGGGAGTCAGAAGCAC-1",4.11788579489196
"AGGGAGTCAGATCCAT-1",1.33323532171794
"AGGGAGTCATCGACGC-1",0
"AGGGAGTCATGCTAGT-1",0
"AGGGAGTGTCCATGAT-1",1.25832641494449
"AGGGAGTTCATAACCG-1",3.99332022108625
"AGGGATGAGCTCTCGG-1",1.09343917725102
"AGGGATGAGGAGTAGA-1",0
"AGGGATGAGTAGCGGT-1",0
"AGGGATGCAATGAATG-1",0
"AGGGATGCAATGGAGC-1",0
"AGGGATGCACAAGACG-1",0
"AGGGATGCACATTTCT-1",0
"AGGGATGCATGGTCTA-1",3.4034157302565
"AGGGATGGTTAAAGTG-1",0
"AGGGATGGTTATGCGT-1",0.742335663410549
"AGGGATGTCGTGACAT-1",0
"AGGGTGAAGATGGCGT-1",2.75469498089748
"AGGGTGAAGATGGGTC-1",0
"AGGGTGAAGGCTCAGA-1",0
"AGGGTGACACGAGAGT-1",0
"AGGGTGACAGATGGCA-1",1.40487829275209
"AGGGTGACAGATTGCT-1",0
"AGGGTGAGTACTCTCC-1",1.72576302731971
"AGGGTGAGTTATCGGT-1",0
"AGGGTGAGTTCTGAAC-1",0
"AGGGTGATCTCGCTTG-1",0
"AGGTCATAGAGCCCAA-1",0
"AGGTCATAGCCAGAAC-1",1.17314534053068
"AGGTCATAGGCATGGT-1",1.82414682357231
"AGGTCATAGGGAGTAA-1",0
"AGGTCATCACTCAGGC-1",1.62563259835408
"AGGTCATCACTCTGTC-1",1.91058675785902
"AGGTCATGTTCCACTC-1",0
"AGGTCATTCTCGTTTA-1",0
"AGGTCCGAGGATGCGT-1",0
"AGGTCCGGTGATGCCC-1",0
"AGGTCCGTCCATGAAC-1",0
"AGGTCCGTCGCCCTTA-1",0
"AGGTCCGTCTGCGTAA-1",0
"AGTAGTCAGACTGTAA-1",0
"AGTAGTCAGTACGACG-1",1.934005246549
"AGTAGTCAGTTTAGGA-1",0
"AGTAGTCCAACTGGCC-1",1.68630118274497
"AGTAGTCGTGCAGACA-1",0.742335663410549
"AGTAGTCTCACCCGAG-1",0
"AGTCTTTAGGCAGTCA-1",0
"AGTCTTTCAAATCCGT-1",1.75166176372084
"AGTCTTTCATATACCG-1",2.87323852517674
"AGTCTTTGTGCTTCTC-1",1.15184771954717
"AGTCTTTGTGTCCTCT-1",0
"AGTCTTTTCGCAGGCT-1",3.07123984018489
"AGTCTTTTCGCGTAGC-1",0
"AGTCTTTTCGCTAGCG-1",0
"AGTCTTTTCGCTTGTC-1",0
"AGTCTTTTCTGACCTC-1",0
"AGTGAGGAGATAGCAT-1",0
"AGTGAGGCAGGTGCCT-1",0
"AGTGAGGGTATGAAAC-1",0
"AGTGAGGGTCACTTCC-1",0
"AGTGAGGGTCGCGAAA-1",3.56330084155736
"AGTGAGGGTTATGTGC-1",0
"AGTGAGGTCTACTATC-1",1.33261857251754
"AGTGGGAAGCAGACTG-1",1.75166176372084
"AGTGGGACAAACGCGA-1",0
"AGTGGGACAAGCCGTC-1",0
"AGTGGGACACAGGAGT-1",0
"AGTGGGACACGAGAGT-1",2.87323852517674
"AGTGGGATCATCGATG-1",0
"AGTGGGATCCACGAAT-1",2.18662845170472
"AGTGGGATCCTGCAGG-1",1.15184771954717
"AGTGTCAAGAAGCCCA-1",1.33323532171794
"AGTGTCAAGCTAGTCT-1",0
"AGTGTCAAGTACGACG-1",2.02366296411885
"AGTGTCAAGTGAACAT-1",1.67527766992964
"AGTGTCACACCATCCT-1",1.75799034376634
"AGTGTCACAGTAAGCG-1",0
"AGTGTCACAGTGGAGT-1",0
"AGTGTCAGTAAACCTC-1",3.33955890517736
"AGTGTCAGTACAGCAG-1",1.68630118274497
"AGTGTCAGTCTCCACT-1",1.34110442770281
"AGTGTCAGTTTGACTG-1",0
"AGTGTCATCAAAGTAG-1",0
"AGTGTCATCCGTCAAA-1",0
"AGTGTCATCGTTACAG-1",0
"AGTGTCATCTGTCAAG-1",2.21374942574787
"AGTTGGTAGACTGTAA-1",0
"AGTTGGTAGTACGCGA-1",2.05236211254894
"AGTTGGTCAAATTGCC-1",0
"AGTTGGTCAGGAATGC-1",1.75166176372084
"AGTTGGTCATGCGCAC-1",0.742335663410549
"AGTTGGTGTACCGTAT-1",0
"AGTTGGTGTATGCTTG-1",3.07123984018489
"AGTTGGTGTCAGGACA-1",0
"AGTTGGTGTTCAGACT-1",0
"AGTTGGTTCAGTACGT-1",0
"AGTTGGTTCCTCAACC-1",0
"AGTTGGTTCGTACCGG-1",0
"AGTTGGTTCTGTCCGT-1",0
"ATAACGCAGTTGAGTA-1",2.75469498089748
"ATAACGCCACGTGAGA-1",0
"ATAACGCGTGAACCTT-1",1.27517113470008
"ATAACGCGTGTCCTCT-1",3.4034157302565
"ATAACGCGTGTGAAAT-1",0
"ATAACGCTCTCCGGTT-1",1.27517113470008
"ATAAGAGAGTCCGGTC-1",0
"ATAAGAGCAACTGCGC-1",1.85851196975552
"ATAAGAGCAGTATCTG-1",0
"ATAAGAGGTGACGCCT-1",0
"ATAAGAGGTTAAAGTG-1",0
"ATAAGAGTCAGCACAT-1",0
"ATAAGAGTCAGTGCAT-1",0
"ATAGACCAGAGAGCTC-1",0
"ATAGACCAGCCCAATT-1",0.742335663410549
"ATAGACCCAAGCCATT-1",0
"ATAGACCCATCTGGTA-1",1.42373106074152
"ATAGACCGTATATGGA-1",0
"ATAGACCGTGGACGAT-1",0
"ATAGACCGTGGCGAAT-1",3.35642272124521
"ATAGACCGTTTCGCTC-1",1.59487838953934
"ATCACGAAGAACTCGG-1",0
"ATCACGAAGACACGAC-1",4.55771618851143
"ATCACGAAGTTACCCA-1",1.62760253772604
"ATCACGACAAGACACG-1",0
"ATCACGACAAGCGTAG-1",3.74058983456247
"ATCACGACACACATGT-1",0
"ATCACGACACCACCAG-1",0
"ATCACGACACGGTAAG-1",3.74058983456247
"ATCACGACAGCGAACA-1",1.18012819735336
"ATCACGATCCCGACTT-1",0
"ATCACGATCGGTGTCG-1",0
"ATCATCTAGCCTATGT-1",0
"ATCATCTAGGCCATAG-1",0
"ATCATCTAGTACTTGC-1",0
"ATCATCTCAGACGCCT-1",0
"ATCATCTCATCCGTGG-1",1.72576302731971
"ATCATCTGTATTACCG-1",0
"ATCATCTGTCACTTCC-1",2.02366296411885
"ATCATCTTCAGCGACC-1",3.71591521693641
"ATCATCTTCCTCAACC-1",0
"ATCATGGCAAGCGTAG-1",1.69206070452363
"ATCATGGCAAGGTTCT-1",1.69025567164657
"ATCATGGCACTACAGT-1",3.610397641731
"ATCATGGGTAAGGGAA-1",0
"ATCATGGGTTGTGGCC-1",0
"ATCATGGTCAATAAGG-1",0
"ATCATGGTCCAATGGT-1",0
"ATCATGGTCGCCATAA-1",0
"ATCATGGTCGGTTAAC-1",1.58678831255995
"ATCCACCAGCTAGTCT-1",0
"ATCCACCAGGCTCTTA-1",1.95661467116005
"ATCCACCCAAACGTGG-1",2.11873968172633
"ATCCACCCAGTTAACC-1",1.91501447476243
"ATCCACCGTCCGAAGA-1",3.610397641731
"ATCCACCGTTTGTTTC-1",0
"ATCCACCTCCTGCTTG-1",0
"ATCCACCTCCTTAATC-1",0
"ATCCACCTCTGGTATG-1",1.64054971358604
"ATCCGAAAGCGATGAC-1",0
"ATCCGAAAGCTAGGCA-1",0
"ATCCGAACAAACGTGG-1",3.99332022108625
"ATCCGAACAACAACCT-1",0
"ATCCGAACAAGGACTG-1",0
"ATCCGAACACCCATTC-1",1.87328444292206
"ATCCGAACACGGTAGA-1",0
"ATCCGAAGTAGCGCTC-1",0
"ATCCGAAGTCATTAGC-1",1.62760253772604
"ATCCGAAGTCTCTTAT-1",2.2029337810686
"ATCCGAATCCAACCAA-1",0
"ATCCGAATCCTTGACC-1",1.87328444292206
"ATCCGAATCTTGTCAT-1",0
"ATCGAGTAGACTTTCG-1",4.66898563009297
"ATCGAGTCATCCGGGT-1",1.72047038548075
"ATCGAGTGTCCCTTGT-1",0
"ATCGAGTGTCTCCCTA-1",0
"ATCGAGTTCATGCATG-1",1.72880552249059
"ATCGAGTTCCTGCCAT-1",4.66898563009297
"ATCTACTAGGTGTGGT-1",0
"ATCTACTCAGCTGTAT-1",0
"ATCTACTCAGTACACT-1",0
"ATCTACTCATGACATC-1",3.35642272124521
"ATCTACTGTAAGTAGT-1",4.11788579489196
"ATCTACTGTGTCGCTG-1",1.64323655240376
"ATCTACTTCCGCGTTT-1",0
"ATCTACTTCGCAAGCC-1",2.87323852517674
"ATCTACTTCTATCGCC-1",1.33261857251754
"ATCTACTTCTCTAAGG-1",1.99899325293938
"ATCTGCCAGGCTCAGA-1",2.04445529368525
"ATCTGCCGTACAGTTC-1",0
"ATCTGCCGTTGTGGAG-1",0
"ATCTGCCTCAGAGACG-1",1.25832641494449
"ATCTGCCTCAGCTGGC-1",0
"ATCTGCCTCGTACGGC-1",0
"ATCTGCCTCTCGAGTA-1",0
"ATCTGCCTCTGAGTGT-1",2.04445529368525
"ATCTGCCTCTTGTATC-1",3.91400772770181
"ATGAGGGAGGTCGGAT-1",1.31005024831488
"ATGAGGGCATGACGGA-1",1.79468210501893
"ATGAGGGCATTAGGCT-1",0
"ATGAGGGTCACATGCA-1",0
"ATGAGGGTCAGTCCCT-1",0
"ATGCGATAGTCAATAG-1",1.64323655240376
"ATGCGATCATGTTGAC-1",0
"ATGCGATGTGCAGTAG-1",0
"ATGCGATGTGCATCTA-1",0
"ATGCGATTCCCAAGAT-1",0
"ATGCGATTCGCCATAA-1",1.66616704959864
"ATGGGAGAGCAATATG-1",0
"ATGGGAGAGCCACGCT-1",0
"ATGGGAGAGGTGATAT-1",0
"ATGGGAGCACCAGGTC-1",3.56330084155736
"ATGGGAGCACTATCTT-1",0
"ATGGGAGCAGCATACT-1",0
"ATGGGAGCATAGAAAC-1",0
"ATGGGAGCATTACCTT-1",0
"ATGTGTGAGCGAAGGG-1",1.95089811949327
"ATGTGTGAGGGTTTCT-1",0
"ATGTGTGAGTTGAGTA-1",1.3649307493573
"ATGTGTGCACGGCGTT-1",1.87702456431488
"ATGTGTGCACGGTTTA-1",2.2029337810686
"ATGTGTGCAGTATAAG-1",1.09343917725102
"ATGTGTGTCACGCGGT-1",1.62760253772604
"ATTACTCAGATGTGTA-1",1.26158247885672
"ATTACTCAGCGTAATA-1",1.79468210501893
"ATTACTCAGGTGCACA-1",0
"ATTACTCAGTGAAGTT-1",0
"ATTACTCCAAACTGTC-1",2.04445529368525
"ATTACTCCACCATCCT-1",5.34842458637002
"ATTACTCCAGACTCGC-1",0
"ATTACTCCATATGCTG-1",3.33955890517736
"ATTACTCCATCGGTTA-1",0
"ATTACTCCATTGCGGC-1",0
"ATTACTCGTTAAAGAC-1",0
"ATTACTCTCCGAACGC-1",0
"ATTATCCAGAGTACCG-1",0
"ATTATCCAGCTTATCG-1",0
"ATTATCCCACAAGCCC-1",0
"ATTATCCCATATGAGA-1",3.44246110151902
"ATTATCCCATCTGGTA-1",1.38614437986727
"ATTATCCGTCGTTGTA-1",1.19421527587
"ATTATCCGTCTCTCTG-1",0
"ATTATCCTCAACGGGA-1",0
"ATTATCCTCCGCGCAA-1",0
"ATTATCCTCTCCGGTT-1",1.26668548169973
"ATTCTACGTCACTTCC-1",1.72047038548075
"ATTCTACGTCTAGTCA-1",1.62563259835408
"ATTCTACGTTGTCGCG-1",0
"ATTGGACAGCAGATCG-1",1.46428914671786
"ATTGGACAGGGCATGT-1",1.79468210501893
"ATTGGACAGTGGACGT-1",1.95089811949327
"ATTGGACCAAGACACG-1",2.05236211254894
"ATTGGACGTAATAGCA-1",1.66616704959864
"ATTGGACTCCTGCTTG-1",3.10641955374156
"ATTGGACTCGGCGCAT-1",1.46428914671786
"ATTGGACTCGTTTGCC-1",0
"ATTGGTGAGAATGTTG-1",0
"ATTGGTGCAAGCTGAG-1",0
"ATTGGTGCAGCAGTTT-1",0
"ATTGGTGGTTGAGTTC-1",0
"ATTGGTGTCAAAGTAG-1",0
"ATTGGTGTCGGAAACG-1",0
"ATTTCTGAGGGATACC-1",0
"ATTTCTGAGGGATCTG-1",0
"ATTTCTGAGGTGTTAA-1",1.55010236289611
"ATTTCTGAGTCGAGTG-1",1.3649307493573
"ATTTCTGAGTTCGCAT-1",0
"ATTTCTGCAAGGTGTG-1",1.69206070452363
"ATTTCTGGTAGCTCCG-1",2.75469498089748
"ATTTCTGGTGCACGAA-1",0
"ATTTCTGGTTGCCTCT-1",0
"ATTTCTGTCAAAGTAG-1",0
"ATTTCTGTCAGCTCGG-1",2.18662845170472
"ATTTCTGTCTTGGGTA-1",1.62563259835408
"CAACCAAAGAAACGCC-1",1.69206070452363
"CAACCAAAGAGGGCTT-1",0
"CAACCAAAGCTGAAAT-1",0
"CAACCAAAGGACAGCT-1",0
"CAACCAAAGGGAGTAA-1",0
"CAACCAACATACGCTA-1",1.26668548169973
"CAACCTCAGTAATCCC-1",1.64323655240376
"CAACCTCCAGACGCAA-1",1.86678477415487
"CAACCTCGTGAGTGAC-1",0
"CAACCTCGTTCCACGG-1",0
"CAACCTCTCATACGGT-1",0
"CAACCTCTCCGATATG-1",1.95089811949327
"CAACCTCTCCTTTACA-1",2.91172280550566
"CAACCTCTCTCTAGGA-1",0
"CAACTAGAGAATAGGG-1",1.38614437986727
"CAACTAGAGGATGCGT-1",1.65340830422807
"CAACTAGCACCATCCT-1",1.95089811949327
"CAACTAGCAGACTCGC-1",0
"CAACTAGCAGTTCATG-1",1.64323655240376
"CAACTAGGTACGCACC-1",1.86678477415487
"CAACTAGTCAGGCCCA-1",1.18012819735336
"CAAGAAAAGAAGGACA-1",0
"CAAGAAAAGACGCACA-1",0
"CAAGAAAAGGCCCTTG-1",1.64323655240376
"CAAGAAAAGGTGATAT-1",0
"CAAGAAAAGTCGATAA-1",0
"CAAGAAAAGTGGAGTC-1",3.56330084155736
"CAAGAAAAGTGTACCT-1",2.87323852517674
"CAAGAAACACGGTGTC-1",0
"CAAGAAATCTGCTTGC-1",1.27517113470008
"CAAGATCAGCTGAAAT-1",0
"CAAGATCGTAAGAGGA-1",0
"CAAGATCGTGCCTTGG-1",1.87702456431488
"CAAGATCTCAACACCA-1",0
"CAAGATCTCTCGATGA-1",0
"CAAGGCCAGGAGTCTG-1",1.22101537185241
"CAAGGCCAGGCTATCT-1",3.56330084155736
"CAAGGCCCACGGTAAG-1",0
"CAAGGCCCATGTTCCC-1",0
"CAAGGCCGTCCGTCAG-1",0
"CAAGGCCTCAACGGGA-1",0
"CAAGGCCTCCTTGACC-1",0
"CAAGGCCTCGTGACAT-1",0
"CAAGTTGAGACAGGCT-1",0
"CAAGTTGAGATGTCGG-1",0
"CAAGTTGAGCGTCAAG-1",0
"CAAGTTGAGCGTTTAC-1",0
"CAAGTTGCACATTAGC-1",0
"CAAGTTGCACGCTTTC-1",1.3649307493573
"CAAGTTGCACGGTGTC-1",2.22618587747542
"CAAGTTGCATTCTTAC-1",0
"CAAGTTGGTACTCAAC-1",1.95089811949327
"CAAGTTGGTCAGGACA-1",0
"CAAGTTGGTCGGCACT-1",0
"CAAGTTGTCAACGAAA-1",1.26158247885672
"CAAGTTGTCACCACCT-1",0
"CAAGTTGTCATTGCCC-1",1.59487838953934
"CAAGTTGTCGAATCCA-1",0
"CAAGTTGTCTACTTAC-1",2.00341976423649
"CACAAACAGGGCTCTC-1",1.686659743766
"CACAAACAGGGCTTGA-1",0
"CACAAACAGTGACATA-1",1.33261857251754
"CACAAACCAACTGCGC-1",1.46428914671786
"CACAAACCAATAAGCA-1",1.72880552249059
"CACAAACCAATCAGAA-1",0
"CACAAACCACTTAACG-1",3.74058983456247
"CACAAACCATGAACCT-1",0
"CACAAACCATGGTCAT-1",0
"CACAAACGTCAACTGT-1",1.95661467116005
"CACAAACGTCAGAATA-1",2.02366296411885
"CACAAACTCTTCGGTC-1",0
"CACAAACTCTTGGGTA-1",1.27517113470008
"CACACAAAGCGACGTA-1",0
"CACACAAAGGGAGTAA-1",2.04445529368525
"CACACAACAAACGTGG-1",0
"CACACAACACATGACT-1",0
"CACACAACATCGATTG-1",0
"CACACAACATTGGGCC-1",0
"CACACAAGTACGACCC-1",1.64054971358604
"CACACAAGTCAGTGGA-1",0
"CACACAAGTCATCGGC-1",1.54893374296269
"CACACAAGTTTACTCT-1",0
"CACACAATCCACGTGG-1",0
"CACACAATCCACGTTC-1",1.79468210501893
"CACACAATCGGCGCAT-1",1.69206070452363
"CACACCTAGAGACTAT-1",1.51565409822438
"CACACCTAGGACATTA-1",2.02366296411885
"CACACCTAGTGTGAAT-1",1.84313693515726
"CACACCTCACTGAAGG-1",0
"CACACCTCATAGGATA-1",3.33955890517736
"CACACCTCATAGTAAG-1",0
"CACACCTCATTGGGCC-1",1.46428914671786
"CACACCTGTACAGCAG-1",1.54893374296269
"CACACCTGTACCGCTG-1",1.85851196975552
"CACACCTGTCCAAGTT-1",0
"CACACCTGTGGACGAT-1",3.57854311628702
"CACACCTGTGGTCTCG-1",0
"CACACCTTCATGTCTT-1",0
"CACACCTTCTGGCGAC-1",3.56330084155736
"CACACTCAGGGAAACA-1",0
"CACACTCCAACACCTA-1",0
"CACACTCCAAGGGTCA-1",2.02366296411885
"CACACTCGTGACGCCT-1",1.64323655240376
"CACACTCGTTTGTGTG-1",2.65149611519828
"CACAGGCAGCCATCGC-1",0
"CACAGGCAGGGATGGG-1",0
"CACAGGCCAAGAGTCG-1",1.72047038548075
"CACAGGCCAATGGAGC-1",0
"CACAGGCGTCTAGGTT-1",0
"CACAGGCGTTACGCGC-1",0
"CACAGGCTCGGGAGTA-1",1.91501447476243
"CACAGGCTCTATGTGG-1",1.18012819735336
"CACAGTAAGACGCAAC-1",1.85851196975552
"CACAGTAAGACGCACA-1",0
"CACAGTAAGTGGGCTA-1",0
"CACAGTACAACTGGCC-1",0
"CACAGTACATCGGACC-1",1.18012819735336
"CACAGTAGTTCCATGA-1",0
"CACATAGAGCCCAATT-1",3.4034157302565
"CACATAGAGTGTACTC-1",0
"CACATAGCACTTCTGC-1",0
"CACATAGCAGGGTATG-1",1.65340830422807
"CACATAGTCCTTGCCA-1",3.50004326309741
"CACATAGTCGGCGCAT-1",0
"CACATTTAGCAGATCG-1",1.62563259835408
"CACATTTAGGGCACTA-1",1.79468210501893
"CACATTTCACGGCGTT-1",0
"CACATTTCATTACCTT-1",0
"CACATTTGTCGAACAG-1",1.91058675785902
"CACATTTGTGTTGAGG-1",0
"CACATTTTCCAGAGGA-1",1.63122916416941
"CACATTTTCCGCATCT-1",3.57854311628702
"CACATTTTCTACTATC-1",0
"CACATTTTCTGTGCAA-1",2.21374942574787
"CACCACTAGCCACGTC-1",0
"CACCACTAGTGGTAAT-1",0
"CACCACTAGTTACCCA-1",0
"CACCACTCAAGCCCAC-1",4.66898563009297
"CACCACTCAGTTCATG-1",0
"CACCACTGTTATTCTC-1",0
"CACCACTTCACCGGGT-1",0
"CACCACTTCGAATCCA-1",2.05236211254894
"CACCACTTCGACCAGC-1",0
"CACCACTTCTAACCGA-1",0
"CACCACTTCTTTAGTC-1",0
"CACCAGGCACATTAGC-1",0
"CACCAGGCACTGCCAG-1",0
"CACCAGGCATAAAGGT-1",0
"CACCAGGCATGAACCT-1",4.11788579489196
"CACCAGGGTGAAATCA-1",1.25832641494449
"CACCAGGGTGTTTGGT-1",0
"CACCAGGGTTATCACG-1",0
"CACCAGGTCATGTAGC-1",0
"CACCAGGTCTGCTTGC-1",0
"CACCTTGAGACTTGAA-1",0
"CACCTTGAGTCAATAG-1",1.65683308016806
"CACCTTGCAGGCGATA-1",0
"CACCTTGCATTCCTGC-1",0
"CACCTTGGTCATTAGC-1",1.3649307493573
"CACCTTGGTGATGTCT-1",0
"CACCTTGGTTATGTGC-1",0
"CACCTTGTCAACCATG-1",0
"CACCTTGTCATTATCC-1",3.63157117972451
"CACCTTGTCCAAAGTC-1",1.79468210501893
"CACCTTGTCTCACATT-1",0
"CACTCCAAGACAAGCC-1",1.99899325293938
"CACTCCAAGGTACTCT-1",0
"CACTCCACAATGGACG-1",0
"CACTCCAGTACATGTC-1",1.85851196975552
"CACTCCAGTTGTCGCG-1",1.15184771954717
"CACTCCATCAACACAC-1",0
"CACTCCATCCCAGGTG-1",0
"CAGAATCAGAAACCTA-1",1.85259490584447
"CAGAATCAGCCAACAG-1",1.26431044092014
"CAGAATCAGCTGGAAC-1",0
"CAGAATCAGGACTGGT-1",1.82414682357231
"CAGAATCAGTATCGAA-1",0
"CAGAATCCACAGAGGT-1",1.17314534053068
"CAGAATCCAGGGTACA-1",1.95661467116005
"CAGAATCGTAAGTGTA-1",0
"CAGAATCGTAATCACC-1",0
"CAGAATCTCAGTTTGG-1",4.79643019112622
"CAGAATCTCGCAAGCC-1",0
"CAGAATCTCGGTCCGA-1",0
"CAGAATCTCTTGCAAG-1",2.65149611519828
"CAGAATCTCTTGTACT-1",1.85259490584447
"CAGAGAGAGAATTGTG-1",0
"CAGAGAGAGCAATATG-1",3.74790970356592
"CAGAGAGCAAGAAGAG-1",0
"CAGAGAGCACCAGATT-1",0
"CAGAGAGGTAATCACC-1",2.04445529368525
"CAGAGAGGTAGCTGCC-1",0
"CAGAGAGGTAGGACAC-1",0
"CAGAGAGGTATAGGGC-1",1.97402936112055
"CAGAGAGGTCCGAATT-1",1.63122916416941
"CAGAGAGGTTGAGGTG-1",0
"CAGAGAGTCACCCGAG-1",0.742335663410549
"CAGAGAGTCATAACCG-1",0
"CAGAGAGTCCGAACGC-1",1.15184771954717
"CAGAGAGTCTGGTATG-1",0
"CAGATCAAGAGACGAA-1",1.34110442770281
"CAGATCAAGCACCGTC-1",0
"CAGATCAAGCTTCGCG-1",0
"CAGATCAAGGATTCGG-1",0.742335663410549
"CAGATCAAGTGTACCT-1",0
"CAGATCAAGTTTAGGA-1",1.31005024831488
"CAGATCACAATAACGA-1",0
"CAGATCACACACCGAC-1",0
"CAGATCACACGGTAAG-1",0
"CAGATCACACTCTGTC-1",1.87843203544026
"CAGATCACAGCATACT-1",1.65340830422807
"CAGATCACAGTGGGAT-1",1.33261857251754
"CAGATCAGTACCAGTT-1",0
"CAGATCAGTGCGGTAA-1",2.00341976423649
"CAGATCATCTGATTCT-1",0
"CAGCAGCAGATGCCAG-1",1.46428914671786
"CAGCAGCAGGGAACGG-1",0
"CAGCAGCCACCTATCC-1",1.42373106074152
"CAGCAGCCATCACAAC-1",0
"CAGCAGCTCAACACTG-1",1.27517113470008
"CAGCAGCTCGAACTGT-1",0
"CAGCAGCTCGCCGTGA-1",0
"CAGCATAAGAGACGAA-1",1.33323532171794
"CAGCATAGTCTAGGTT-1",0
"CAGCATAGTTTACTCT-1",0
"CAGCATATCACGAAGG-1",0
"CAGCATATCAGGCAAG-1",0
"CAGCATATCCTTAATC-1",0
"CAGCCGAAGCATCATC-1",0
"CAGCCGAAGTTTCCTT-1",0
"CAGCCGACACGTGAGA-1",0
"CAGCCGACATCAGTCA-1",0
"CAGCCGAGTGATGTCT-1",0
"CAGCCGATCACCAGGC-1",0
"CAGCCGATCCTCAATT-1",1.87328444292206
"CAGCGACAGAAACGCC-1",0
"CAGCGACAGCGTCAAG-1",0
"CAGCGACCAAACGTGG-1",0
"CAGCGACCAAAGCGGT-1",3.35642272124521
"CAGCGACCACGTCAGC-1",1.18012819735336
"CAGCGACCATGGGACA-1",0
"CAGCGACGTCTGATTG-1",2.00341976423649
"CAGCGACGTGGACGAT-1",1.27517113470008
"CAGCGACGTGGTTTCA-1",0
"CAGCGACGTTCGGCAC-1",0
"CAGCGACTCCGCAAGC-1",1.63122916416941
"CAGCGACTCTGGGCCA-1",1.68630118274497
"CAGCTAAAGATGTGTA-1",0
"CAGCTAAAGCAGACTG-1",0
"CAGCTAAAGCTGTTCA-1",0
"CAGCTAAAGGAGCGTT-1",1.82414682357231
"CAGCTAACACAGATTC-1",0
"CAGCTAACATCAGTAC-1",0
"CAGCTAAGTAATCGTC-1",0
"CAGCTAAGTCTCACCT-1",0
"CAGCTAAGTTCGTCTC-1",1.26158247885672
"CAGCTAATCCACGCAG-1",2.91172280550566
"CAGCTAATCCCTAACC-1",0
"CAGCTAATCTGGTTCC-1",1.74188585581586
"CAGCTAATCTTAGCCC-1",4.55771618851143
"CAGCTAATCTTCGGTC-1",0
"CAGCTGGAGACACTAA-1",0
"CAGCTGGAGATCCTGT-1",1.99899325293938
"CAGCTGGCACCAACCG-1",0
"CAGCTGGCAGTGGAGT-1",0
"CAGCTGGCATGCATGT-1",1.26158247885672
"CAGCTGGTCTACCTGC-1",1.69206070452363
"CAGGTGCAGAGACGAA-1",0
"CAGGTGCAGATCCTGT-1",0
"CAGGTGCAGGCATGTG-1",2.11873968172633
"CAGGTGCCAGGAACGT-1",1.79468210501893
"CAGGTGCCATAGTAAG-1",0
"CAGGTGCCATCGGAAG-1",0
"CAGGTGCTCAGTTGAC-1",0
"CAGGTGCTCCAAGTAC-1",1.74188585581586
"CAGGTGCTCTTGTATC-1",3.97846054023424
"CAGTAACAGATATGGT-1",1.85851196975552
"CAGTAACAGATGGCGT-1",0
"CAGTAACCAATCACAC-1",3.33955890517736
"CAGTAACCACTCGACG-1",0
"CAGTAACGTGATAAGT-1",0
"CAGTAACGTGCACCAC-1",0
"CAGTAACTCAGAGGTG-1",3.56330084155736
"CAGTAACTCGTACGGC-1",0
"CAGTAACTCGTGACAT-1",0
"CAGTAACTCTGCCAGG-1",0
"CAGTCCTAGAATCTCC-1",0
"CAGTCCTAGATCTGCT-1",1.62563259835408
"CAGTCCTCAGTATAAG-1",0
"CAGTCCTTCAACACGT-1",1.75799034376634
"CAGTCCTTCCATGAGT-1",3.610397641731
"CAGTCCTTCCCGACTT-1",0
"CAGTCCTTCCCTTGTG-1",0
"CAGTCCTTCGAACGGA-1",1.64256384034015
"CAGTCCTTCGGTTCGG-1",0
"CAGTCCTTCTACTTAC-1",0
"CATATGGAGAGATGAG-1",0
"CATATGGAGGCATGGT-1",1.68630118274497
"CATATGGAGTATTGGA-1",1.66616704959864
"CATATGGCAAGCGTAG-1",3.57854311628702
"CATATGGGTCGCATAT-1",2.24558564902964
"CATATGGTCATTATCC-1",0
"CATATGGTCATTGCGA-1",0
"CATATTCCACCACCAG-1",0
"CATATTCGTGACTACT-1",0
"CATATTCGTGGTACAG-1",0
"CATATTCGTGTGACGA-1",1.72424673944707
"CATATTCTCACAGGCC-1",1.78512374481266
"CATATTCTCGCAAACT-1",1.74188585581586
"CATCAAGAGAACTCGG-1",3.610397641731
"CATCAAGAGATGGCGT-1",0
"CATCAAGAGCCGCCTA-1",0
"CATCAAGCACGAAACG-1",1.66616704959864
"CATCAAGCAGCCTTTC-1",3.91400772770181
"CATCAAGCATGGAATA-1",1.66373482153261
"CATCAAGGTTACTGAC-1",0
"CATCAAGGTTCCATGA-1",0
"CATCAAGTCTAAGCCA-1",2.22618587747542
"CATCAAGTCTGACCTC-1",0
"CATCAGAAGCTAGTCT-1",1.17314534053068
"CATCAGACAAGCCATT-1",1.95661467116005
"CATCAGACAATGACCT-1",1.26668548169973
"CATCAGACACGGCCAT-1",0
"CATCAGACAGACAGGT-1",0
"CATCAGACATAACCTG-1",0
"CATCAGAGTAATTGGA-1",3.4034157302565
"CATCAGAGTACATGTC-1",1.95089811949327
"CATCAGAGTGTTAAGA-1",0
"CATCAGAGTTCAACCA-1",0
"CATCAGATCGTTGACA-1",1.67527766992964
"CATCCACGTAAAGTCA-1",0
"CATCCACGTACCGTAT-1",0
"CATCCACGTGCCTGTG-1",1.15184771954717
"CATCCACGTTTAAGCC-1",0
"CATCGAAAGAGTACAT-1",0
"CATCGAAAGCTGTCTA-1",0
"CATCGAACAAGAGGCT-1",2.60715975171968
"CATCGAACAAGCTGAG-1",0
"CATCGAACACATTTCT-1",0
"CATCGAACATAAAGGT-1",0
"CATCGAAGTAGTACCT-1",0
"CATCGAAGTCCGACGT-1",0
"CATCGAAGTGCACTTA-1",1.72880552249059
"CATCGAATCAAACCAC-1",0
"CATCGAATCCGCGGTA-1",1.75166176372084
"CATCGAATCCGTAGTA-1",0
"CATCGGGAGAAGCCCA-1",1.64323655240376
"CATCGGGAGCGAGAAA-1",1.55010236289611
"CATCGGGAGGGTGTGT-1",0
"CATCGGGAGGTGTTAA-1",1.25832641494449
"CATCGGGAGTGACTCT-1",2.02366296411885
"CATCGGGCACTCAGGC-1",0
"CATCGGGCAGACGCTC-1",1.87328444292206
"CATCGGGCATCACAAC-1",0
"CATCGGGGTCCTCTTG-1",0
"CATCGGGGTGAGGGAG-1",1.72047038548075
"CATCGGGGTTCGAATC-1",0
"CATCGGGTCAGGATCT-1",0
"CATCGGGTCCACGAAT-1",0
"CATCGGGTCGATGAGG-1",0
"CATGACAAGACCACGA-1",0
"CATGACAAGCTCCTCT-1",0.742335663410549
"CATGACAAGTAACCCT-1",1.64256384034015
"CATGACAAGTATCTCG-1",1.686659743766
"CATGACAGTCGTCTTC-1",1.26668548169973
"CATGACAGTGAACCTT-1",1.40673748343183
"CATGACATCAATAAGG-1",0
"CATGACATCTAACTGG-1",2.75469498089748
"CATGCCTAGACCTAGG-1",1.75799034376634
"CATGCCTAGAGTCTGG-1",1.95089811949327
"CATGCCTCACCACCAG-1",1.95557205996705
"CATGCCTGTCAAAGCG-1",1.87843203544026
"CATGCCTGTCGATTGT-1",0
"CATGCCTTCCACGACG-1",0
"CATGCCTTCCTCATTA-1",0
"CATGCCTTCGCATGAT-1",4.66898563009297
"CATGGCGAGAGCTGGT-1",1.6398796706598
"CATGGCGAGTACGACG-1",4.16688949608015
"CATGGCGTCCAAAGTC-1",0
"CATGGCGTCCCTTGTG-1",0
"CATGGCGTCGGCCGAT-1",0
"CATGGCGTCTCAAACG-1",0
"CATGGCGTCTGCCCTA-1",0
"CATTATCAGACCCACC-1",1.97136480093404
"CATTATCAGTCCCACG-1",0
"CATTATCCAAGTCTGT-1",0
"CATTATCCAGGGCATA-1",1.63122916416941
"CATTATCGTCAATGTC-1",1.72576302731971
"CATTATCTCACAAACC-1",0
"CATTATCTCAGATAAG-1",2.91172280550566
"CATTATCTCGCGTTTC-1",1.95089811949327
"CATTATCTCGTTGCCT-1",0
"CATTATCTCTATCCCG-1",2.04445529368525
"CATTATCTCTTAACCT-1",0
"CATTCGCAGGTGCTAG-1",1.74188585581586
"CATTCGCCAAGGGTCA-1",4.88997252664052
"CATTCGCCAGCCTATA-1",1.91501447476243
"CATTCGCCATACAGCT-1",2.87323852517674
"CATTCGCCATGGATGG-1",0
"CATTCGCCATGTCTCC-1",1.65340830422807
"CATTCGCCATTCACTT-1",0
"CATTCGCGTAGCACGA-1",0
"CATTCGCTCATCACCC-1",0
"CCAATCCAGACCACGA-1",3.99332022108625
"CCAATCCAGATATGGT-1",1.64256384034015
"CCAATCCAGTCGAGTG-1",0
"CCAATCCAGTCGTTTG-1",0
"CCAATCCAGTTTAGGA-1",2.11873968172633
"CCAATCCCAAGCGAGT-1",1.42373106074152
"CCAATCCTCGGACAAG-1",0
"CCACCTAAGGATGGTC-1",1.40673748343183
"CCACCTAAGTCGAGTG-1",0
"CCACCTAAGTGGGATC-1",0
"CCACCTAAGTGTGGCA-1",0
"CCACCTACAACAACCT-1",1.70593547338393
"CCACCTACAAGCCGCT-1",0.742335663410549
"CCACCTACAATCTACG-1",0
"CCACCTAGTAGTACCT-1",0
"CCACCTAGTCGCGTGT-1",0
"CCACCTAGTGGGTCAA-1",0
"CCACCTATCAGTTGAC-1",1.87328444292206
"CCACCTATCTGATACG-1",2.24558564902964
"CCACGGAAGGGAACGG-1",1.64054971358604
"CCACGGACATGTCGAT-1",1.33261857251754
"CCACGGAGTAAGGGCT-1",0
"CCACGGAGTCAGATAA-1",1.87843203544026
"CCACGGAGTCCGTGAC-1",0
"CCACGGAGTGTAATGA-1",0
"CCACGGAGTTCTGAAC-1",0
"CCACGGATCACATAGC-1",1.85851196975552
"CCACGGATCCACGTGG-1",0
"CCACGGATCTACTATC-1",0
"CCACGGATCTAGAGTC-1",0
"CCACTACAGAGTACCG-1",1.82414682357231
"CCACTACAGCTTTGGT-1",2.04445529368525
"CCACTACCAGCAGTTT-1",0
"CCACTACCAGTAGAGC-1",0
"CCACTACGTCCGAATT-1",1.42373106074152
"CCACTACGTCTCAACA-1",0
"CCACTACGTGACAAAT-1",0
"CCACTACGTGACCAAG-1",0
"CCACTACGTGCACGAA-1",2.21374942574787
"CCACTACTCACTCTTA-1",1.82414682357231
"CCACTACTCCGCATCT-1",1.62563259835408
"CCACTACTCGGAAATA-1",1.58678831255995
"CCACTACTCTCGTATT-1",0
"CCACTACTCTCGTTTA-1",1.69206070452363
"CCAGCGAAGCCCAACC-1",1.91501447476243
"CCAGCGACATCGGGTC-1",0
"CCAGCGACATGTCCTC-1",0
"CCAGCGAGTAGGCATG-1",0
"CCAGCGAGTCCGTTAA-1",0
"CCAGCGATCAGAAATG-1",0
"CCATGTCAGCGATCCC-1",3.07123984018489
"CCATGTCAGGTCGGAT-1",1.85259490584447
"CCATGTCAGGTTACCT-1",0
"CCATGTCCAAGCTGGA-1",1.42373106074152
"CCATGTCCACATCCGG-1",1.82414682357231
"CCATGTCGTCCAGTAT-1",0
"CCATGTCTCCAAGTAC-1",0
"CCATGTCTCTTGTATC-1",3.57854311628702
"CCATTCGCAGTACACT-1",0
"CCATTCGCAGTTTACG-1",0
"CCATTCGGTAATCGTC-1",1.65340830422807
"CCATTCGGTATTACCG-1",0
"CCCAATCAGTCACGCC-1",2.22618587747542
"CCCAATCCAGGTGGAT-1",0
"CCCAATCGTGAAGGCT-1",0
"CCCAATCGTTGGAGGT-1",0
"CCCAATCTCACATGCA-1",0
"CCCAATCTCCAGTATG-1",0
"CCCAATCTCGGAGCAA-1",1.63122916416941
"CCCAGTTAGAATAGGG-1",0
"CCCAGTTAGATCCCGC-1",0
"CCCAGTTAGCGTGAAC-1",1.64323655240376
"CCCAGTTAGGAATCGC-1",0
"CCCAGTTAGTCCGGTC-1",0
"CCCAGTTAGTTTGCGT-1",2.11873968172633
"CCCAGTTGTACATGTC-1",0
"CCCAGTTGTCTGCAAT-1",0
"CCCAGTTTCTGAAAGA-1",0
"CCCATACAGGGTTCCC-1",0
"CCCATACAGTGTTTGC-1",0
"CCCATACCAAAGGTGC-1",0
"CCCATACCAACACCCG-1",1.91501447476243
"CCCATACCAGCAGTTT-1",1.91501447476243
"CCCATACGTATTACCG-1",1.59487838953934
"CCCATACGTCAATACC-1",0
"CCCATACGTCTAGTCA-1",1.69206070452363
"CCCATACGTTGAGTTC-1",2.00341976423649
"CCCATACTCAATAAGG-1",1.26158247885672
"CCCATACTCAGCGACC-1",1.72047038548075
"CCCATACTCATCACCC-1",1.46428914671786
"CCCATACTCCGTAGGC-1",1.59487838953934
"CCCTCCTAGGAATCGC-1",1.15184771954717
"CCCTCCTCAGCTTAAC-1",1.54893374296269
"CCCTCCTCATATGAGA-1",0
"CCCTCCTCATCACGTA-1",4.55771618851143
"CCCTCCTGTATGGTTC-1",0
"CCCTCCTGTTAGATGA-1",0
"CCCTCCTTCAATCACG-1",0
"CCCTCCTTCCGCAGTG-1",1.62563259835408
"CCGGGATAGCTTCGCG-1",0
"CCGGGATAGGCGACAT-1",1.97402936112055
"CCGGGATAGGCTAGGT-1",0
"CCGGGATCACAGTCGC-1",0
"CCGGGATGTATAGGTA-1",1.26431044092014
"CCGGGATTCAGAGCTT-1",1.79468210501893
"CCGGGATTCGCTAGCG-1",0
"CCGGGATTCGCTTGTC-1",0
"CCGGTAGAGCGTCTAT-1",1.82414682357231
"CCGGTAGAGTACGCCC-1",0
"CCGGTAGCACATAACC-1",3.63157117972451
"CCGGTAGCACGCATCG-1",0
"CCGGTAGGTACTTCTT-1",4.11788579489196
"CCGGTAGGTCAAACTC-1",0
"CCGGTAGTCGTCCGTT-1",0
"CCGTACTAGAGAACAG-1",0
"CCGTACTAGTCCGTAT-1",1.46428914671786
"CCGTACTCAAGCCCAC-1",0
"CCGTACTCAAGCGAGT-1",0
"CCGTACTCATCCCACT-1",0
"CCGTACTGTACAGCAG-1",3.44246110151902
"CCGTACTGTGCGGTAA-1",0
"CCGTACTTCGTTACAG-1",1.46428914671786
"CCGTGGAAGACGCACA-1",0
"CCGTGGAAGAGTTGGC-1",2.04445529368525
"CCGTGGAAGGTGATAT-1",0
"CCGTGGAAGGTTCCTA-1",1.27517113470008
"CCGTGGACAGCCTTGG-1",0
"CCGTGGAGTTCCATGA-1",0
"CCGTGGATCTAACTTC-1",1.97402936112055
"CCGTTCAAGCGTAATA-1",1.38614437986727
"CCGTTCAAGTACGATA-1",1.6827258250093
"CCGTTCAAGTAGATGT-1",0
"CCGTTCACAGGATCGA-1",0
"CCGTTCAGTATAGGGC-1",0
"CCGTTCAGTCGCGAAA-1",0
"CCGTTCATCGTACCGG-1",1.75799034376634
"CCTAAAGAGAGTTGGC-1",1.64054971358604
"CCTAAAGCAAACCTAC-1",0
"CCTAAAGCATGTCTCC-1",0
"CCTAAAGGTACTCAAC-1",0
"CCTAAAGGTCGGCACT-1",2.87323852517674
"CCTAAAGGTGTAATGA-1",1.34110442770281
"CCTAAAGTCACCGTAA-1",1.68630118274497
"CCTAAAGTCAGCGATT-1",0
"CCTAAAGTCGGCGCTA-1",1.33261857251754
"CCTAAAGTCGGTCCGA-1",1.95089811949327
"CCTACACAGGACCACA-1",0
"CCTACACAGGGTGTTG-1",1.67527766992964
"CCTACACCAGTAAGAT-1",1.91058675785902
"CCTACACGTATAGTAG-1",0
"CCTACACGTCCGAACC-1",0
"CCTACACGTGGGTCAA-1",1.95661467116005
"CCTACACGTTTGACTG-1",0
"CCTACACTCGGCGCTA-1",2.04445529368525
"CCTACACTCGTGACAT-1",0
"CCTACCAAGATAGGAG-1",0
"CCTACCAAGCAAATCA-1",1.62760253772604
"CCTACCAAGCGTAGTG-1",0
"CCTACCAAGTGCGATG-1",1.95557205996705
"CCTACCAGTATCAGTC-1",1.87328444292206
"CCTACCAGTCTCTCTG-1",0
"CCTACCAGTCTTTCAT-1",0
"CCTACCATCAGCACAT-1",0
"CCTACCATCGCCAGCA-1",3.99332022108625
"CCTAGCTAGCAAATCA-1",0
"CCTAGCTAGCTCCTCT-1",1.42373106074152
"CCTAGCTAGGTTACCT-1",4.79643019112622
"CCTAGCTAGTACGCGA-1",1.70593547338393
"CCTAGCTCAATGAATG-1",1.95661467116005
"CCTAGCTCAATGGTCT-1",0
"CCTAGCTCACATCCAA-1",1.70593547338393
"CCTAGCTCAGCCAGAA-1",0
"CCTAGCTGTAGAAAGG-1",0
"CCTAGCTGTCACCCAG-1",1.85851196975552
"CCTAGCTGTCTGATTG-1",4.55771618851143
"CCTAGCTTCACGATGT-1",3.58502279097312
"CCTAGCTTCGTAGGAG-1",4.55771618851143
"CCTATTAAGAATTCCC-1",0
"CCTATTAAGCAGGCTA-1",1.33261857251754
"CCTATTAAGCAGGTCA-1",1.42373106074152
"CCTATTAAGGGAGTAA-1",1.15184771954717
"CCTATTAAGGTAGCCA-1",1.33261857251754
"CCTATTACACAACTGT-1",1.38614437986727
"CCTATTACACATCCGG-1",0
"CCTATTAGTCAATACC-1",0.742335663410549
"CCTATTATCATCACCC-1",3.02794509889316
"CCTATTATCTGCGACG-1",0
"CCTCAGTAGCTAACTC-1",0
"CCTCAGTCAGGTGGAT-1",1.68630118274497
"CCTCAGTGTCCATCCT-1",0
"CCTCAGTGTCCGACGT-1",0
"CCTCAGTGTCTTGTCC-1",1.38614437986727
"CCTCAGTGTGGGTATG-1",1.46428914671786
"CCTCTGAAGTATCGAA-1",1.75166176372084
"CCTCTGAAGTGGGTTG-1",2.65149611519828
"CCTCTGACAAGCTGTT-1",0
"CCTCTGACACCGATAT-1",1.33261857251754
"CCTCTGACAGATGAGC-1",3.35642272124521
"CCTCTGAGTCAATACC-1",0
"CCTCTGAGTCCGAACC-1",3.33955890517736
"CCTCTGAGTCGTGGCT-1",1.686659743766
"CCTCTGAGTCTGATTG-1",0
"CCTTACGCAAGCGTAG-1",4.88997252664052
"CCTTACGCACCAACCG-1",0.742335663410549
"CCTTACGGTCATCCCT-1",0
"CCTTACGGTCCTCTTG-1",1.26668548169973
"CCTTACGTCACAACGT-1",0
"CCTTACGTCATCTGCC-1",1.22101537185241
"CCTTACGTCGGAGGTA-1",0
"CCTTCCCAGAGACTAT-1",0
"CCTTCCCAGCTAGGCA-1",1.95089811949327
"CCTTCCCAGGACGAAA-1",1.62760253772604
"CCTTCCCAGGGCATGT-1",1.90326544635738
"CCTTCCCAGGTACTCT-1",0
"CCTTCCCCATGATCCA-1",1.26668548169973
"CCTTCCCTCAAGGCTT-1",1.26668548169973
"CCTTCCCTCTATCCTA-1",0
"CCTTCCCTCTATCGCC-1",0
"CCTTCGAAGGCGCTCT-1",0
"CCTTCGACAACACCCG-1",0
"CCTTCGACAGCGATCC-1",1.42373106074152
"CCTTCGAGTAAGCACG-1",1.91058675785902
"CCTTCGAGTCCATGAT-1",1.38614437986727
"CCTTCGAGTGTGACCC-1",0
"CCTTCGAGTTGGTGGA-1",1.79468210501893
"CCTTCGATCACAGTAC-1",1.40673748343183
"CCTTCGATCCTATGTT-1",1.34110442770281
"CCTTCGATCGCACTCT-1",0
"CCTTTCTAGACGCTTT-1",0
"CCTTTCTAGGGCACTA-1",3.47755512780038
"CCTTTCTAGTGGAGTC-1",0
"CCTTTCTCAGACAAGC-1",1.19421527587
"CCTTTCTCATCACGAT-1",1.95661467116005
"CCTTTCTCATGCCCGA-1",0
"CCTTTCTTCCCACTTG-1",1.86678477415487
"CCTTTCTTCTTTACGT-1",0
"CGAACATCACATGACT-1",1.59487838953934
"CGAACATCACTTGGAT-1",2.21374942574787
"CGAACATCAGTCCTTC-1",0
"CGAACATGTCTGATTG-1",1.64323655240376
"CGAACATGTGCTGTAT-1",2.02366296411885
"CGAACATTCTCAAACG-1",0
"CGAATGTAGAGGTTAT-1",0
"CGAATGTAGCGATAGC-1",0
"CGAATGTAGTTCGCAT-1",4.74965610614532
"CGAATGTCAATGCCAT-1",0
"CGAATGTGTCTAGTCA-1",2.02366296411885
"CGAATGTGTCTCACCT-1",1.79468210501893
"CGAATGTTCAACACAC-1",1.72424673944707
"CGAATGTTCATCACCC-1",0
"CGAATGTTCTGTACGA-1",3.99332022108625
"CGACCTTAGCTACCGC-1",0
"CGACCTTAGCTAGTCT-1",0
"CGACCTTCAAAGTGCG-1",1.26431044092014
"CGACCTTCACGAAATA-1",0
"CGACCTTGTAAGTGTA-1",3.10641955374156
"CGACCTTGTCAGAATA-1",0
"CGACCTTGTCTCCCTA-1",0
"CGACCTTGTCTCTTAT-1",1.91501447476243
"CGACCTTTCCGCGTTT-1",3.4034157302565
"CGACCTTTCGTTTATC-1",0
"CGACCTTTCTCCAGGG-1",0
"CGACTTCAGACACGAC-1",1.59487838953934
"CGACTTCAGGTAGCCA-1",1.97402936112055
"CGACTTCAGTCTTGCA-1",4.11788579489196
"CGACTTCCAATGGACG-1",1.42373106074152
"CGACTTCGTGGTGTAG-1",0
"CGACTTCGTTGAGTTC-1",0
"CGACTTCTCACTTACT-1",0
"CGACTTCTCTCGCTTG-1",0
"CGAGAAGAGAAACGCC-1",0
"CGAGAAGAGCCAACAG-1",0
"CGAGAAGAGCGTGTCC-1",0
"CGAGAAGCAAGTTCTG-1",0
"CGAGAAGCACATCCGG-1",1.79468210501893
"CGAGAAGCAGGCTGAA-1",0
"CGAGAAGTCGGATGGA-1",5.55905215209367
"CGAGCACAGCCAGAAC-1",0
"CGAGCACCACATGTGT-1",1.64323655240376
"CGAGCACGTAGCGTCC-1",1.87843203544026
"CGAGCACGTAGCGTGA-1",1.59487838953934
"CGAGCACGTCAGATAA-1",1.55010236289611
"CGAGCACGTGCCTTGG-1",0
"CGAGCACTCCCGGATG-1",0
"CGAGCACTCCGCTGTT-1",1.64323655240376
"CGAGCACTCGTGACAT-1",1.70593547338393
"CGAGCCAAGCTAGCCC-1",0
"CGAGCCAGTATATCCG-1",1.79468210501893
"CGAGCCAGTCAAGCGA-1",1.87843203544026
"CGATCGGAGAGCCTAG-1",0
"CGATCGGAGTACGATA-1",0
"CGATCGGCAAACGCGA-1",1.50684451275357
"CGATCGGCAAGCGATG-1",1.65683308016806
"CGATCGGCAATACGCT-1",0
"CGATCGGCAGTTAACC-1",0
"CGATCGGCATACTCTT-1",1.62760253772604
"CGATCGGGTCGACTGC-1",2.91716647492539
"CGATCGGTCAACGGGA-1",2.04445529368525
"CGATCGGTCTAGCACA-1",1.72576302731971
"CGATGGCAGCCGTCGT-1",0
"CGATGGCAGTCCAGGA-1",0
"CGATGGCCACTTAACG-1",0
"CGATGGCCAGCGTAAG-1",0
"CGATGGCCATCATCCC-1",0
"CGATGGCTCCTAGAAC-1",1.97402936112055
"CGATGGCTCGCTAGCG-1",1.25832641494449
"CGATGGCTCTGACCTC-1",0
"CGATGTAAGGCAATTA-1",0
"CGATGTAAGTTTGCGT-1",2.24558564902964
"CGATGTACACAGGCCT-1",0
"CGATGTACAGGTCTCG-1",3.50004326309741
"CGATGTAGTCCAGTGC-1",1.934005246549
"CGATGTAGTCTAGGTT-1",0
"CGATGTAGTGTGCCTG-1",1.65340830422807
"CGATGTAGTTTGCATG-1",0
"CGATTGAAGATGTGGC-1",0
"CGATTGACAGACGCAA-1",0
"CGATTGAGTATGGTTC-1",0
"CGATTGAGTTCAGACT-1",0
"CGATTGATCATGGTCA-1",0
"CGATTGATCTGCGGCA-1",0
"CGCCAAGAGAATGTTG-1",0
"CGCCAAGAGACCTTTG-1",0
"CGCCAAGAGATCGGGT-1",0
"CGCCAAGAGATCTGAA-1",1.72576302731971
"CGCCAAGAGCGTGTCC-1",0
"CGCCAAGGTCTAGGTT-1",3.4034157302565
"CGCCAAGTCAGGATCT-1",0
"CGCCAAGTCCACTCCA-1",0
"CGCCAAGTCTTGTTTG-1",0
"CGCGGTAAGCTAGCCC-1",0
"CGCGGTAAGGGTTCCC-1",0
"CGCGGTACAAACTGCT-1",0
"CGCGGTACAATGGAAT-1",1.54893374296269
"CGCGGTACAGCTGTTA-1",0
"CGCGGTAGTCAAGCGA-1",0
"CGCGGTAGTGAGGCTA-1",0
"CGCGGTAGTTTGCATG-1",0
"CGCGTTTAGTTATCGC-1",0
"CGCGTTTCAACAACCT-1",1.64054971358604
"CGCGTTTCAAGCGAGT-1",1.22101537185241
"CGCGTTTCAATGGACG-1",1.75799034376634
"CGCGTTTCACGGTGTC-1",3.50004326309741
"CGCGTTTGTGCTGTAT-1",0
"CGCGTTTGTGGACGAT-1",0
"CGCGTTTTCAAACCGT-1",3.4034157302565
"CGCGTTTTCAGCCTAA-1",1.62563259835408
"CGCGTTTTCCTATGTT-1",4.66898563009297
"CGCGTTTTCGTGGTCG-1",0
"CGCTATCAGAAACCGC-1",0
"CGCTATCAGTCATCCA-1",0
"CGCTATCCAAGCGAGT-1",2.87323852517674
"CGCTATCCAGTCGATT-1",0
"CGCTATCCATCGACGC-1",1.18012819735336
"CGCTATCCATTTCAGG-1",2.91172280550566
"CGCTATCGTACCGAGA-1",0
"CGCTATCGTTCGAATC-1",0
"CGCTATCGTTTCGCTC-1",1.64256384034015
"CGCTATCTCGTTACAG-1",0
"CGCTGGAAGGACATTA-1",0
"CGCTGGAAGGGCACTA-1",2.02366296411885
"CGCTGGAAGGTGATAT-1",1.75799034376634
"CGCTGGACAGACTCGC-1",0
"CGCTGGAGTGTAATGA-1",0
"CGCTGGAGTTCTGGTA-1",0
"CGCTGGATCCGAAGAG-1",0
"CGCTGGATCCGTTGCT-1",0
"CGCTGGATCGTAGGAG-1",0
"CGCTGGATCGTTACAG-1",1.64323655240376
"CGCTTCAAGAAGGGTA-1",0
"CGCTTCAAGGTCGGAT-1",0
"CGCTTCACACGGTGTC-1",0
"CGCTTCACAGACAAGC-1",2.91172280550566
"CGCTTCACATCACCCT-1",0
"CGCTTCAGTCGCGGTT-1",1.27517113470008
"CGCTTCATCTTAGAGC-1",1.17314534053068
"CGGACACAGCGATATA-1",0
"CGGACACAGCGATGAC-1",0
"CGGACACAGCTTCGCG-1",3.4034157302565
"CGGACACAGGTAAACT-1",0
"CGGACACAGTAGCCGA-1",0
"CGGACACCACAGGAGT-1",1.75166176372084
"CGGACACCATTCACTT-1",1.62563259835408
"CGGACACGTGAGCGAT-1",0
"CGGACACGTGCTCTTC-1",0
"CGGACACGTGTGACCC-1",0
"CGGACGTAGGTTACCT-1",3.02794509889316
"CGGACGTCATGGGACA-1",1.26431044092014
"CGGACGTGTGAAAGAG-1",0
"CGGACGTGTTGGTAAA-1",1.65340830422807
"CGGACGTTCATGTGGT-1",0
"CGGACGTTCTGTCCGT-1",1.75166176372084
"CGGACTGAGGAGCGAG-1",0
"CGGACTGAGGAGTCTG-1",0
"CGGACTGAGTGGTAGC-1",0
"CGGACTGCAACTTGAC-1",0
"CGGACTGCAATGACCT-1",1.70593547338393
"CGGACTGCACAACGTT-1",3.63157117972451
"CGGACTGCACGCCAGT-1",0
"CGGACTGCAGTATGCT-1",0
"CGGACTGGTAAAGGAG-1",1.75799034376634
"CGGACTGGTATAAACG-1",0
"CGGACTGGTGTAAGTA-1",3.30318421408057
"CGGACTGGTGTGGTTT-1",3.56330084155736
"CGGACTGGTTGACGTT-1",2.02366296411885
"CGGACTGTCCATGCTC-1",1.78512374481266
"CGGACTGTCCGTCAAA-1",3.74058983456247
"CGGACTGTCGTTTGCC-1",1.72047038548075
"CGGAGCTAGTTTAGGA-1",1.68630118274497
"CGGAGCTGTAGAAAGG-1",1.22101537185241
"CGGAGCTTCACTTATC-1",0
"CGGAGCTTCATGTAGC-1",1.70593547338393
"CGGAGCTTCCACGAAT-1",0
"CGGAGTCAGTGCGATG-1",0
"CGGAGTCAGTGTGAAT-1",0
"CGGAGTCCAGTGGGAT-1",0
"CGGAGTCCATTATCTC-1",0
"CGGAGTCGTAGCTGCC-1",0
"CGGAGTCGTGTTCGAT-1",0
"CGGAGTCTCCCAGGTG-1",0
"CGGAGTCTCCGTAGTA-1",0
"CGGCTAGAGAAACGCC-1",1.70593547338393
"CGGCTAGAGCACCGTC-1",0
"CGGCTAGAGCTAAACA-1",0
"CGGCTAGCAGACAAAT-1",2.04445529368525
"CGGCTAGGTAACGCGA-1",1.85851196975552
"CGGCTAGGTTCATGGT-1",1.68630118274497
"CGGCTAGTCAAAGACA-1",0
"CGGCTAGTCGTGGGAA-1",0
"CGGCTAGTCTTGTTTG-1",0
"CGGGTCAAGAGTCGGT-1",0
"CGGGTCAAGCACACAG-1",0
"CGGGTCAAGCTAACTC-1",1.91058675785902
"CGGGTCAAGGACACCA-1",2.21374942574787
"CGGGTCAAGTATGACA-1",1.62760253772604
"CGGGTCACAATGACCT-1",0
"CGGGTCACACCGAAAG-1",1.62563259835408
"CGGGTCACAGCCACCA-1",0
"CGGGTCACATACAGCT-1",0
"CGGGTCACATCCTTGC-1",1.70593547338393
"CGGGTCAGTAGCGCTC-1",1.72880552249059
"CGGGTCAGTCGATTGT-1",1.95089811949327
"CGGGTCAGTGCAACTT-1",3.4034157302565
"CGGGTCAGTTGTTTGG-1",0
"CGGGTCATCAACACCA-1",2.05236211254894
"CGGGTCATCACCTTAT-1",0
"CGGGTCATCCACGACG-1",0
"CGGTTAACAGGACCCT-1",1.55010236289611
"CGGTTAACATGTCCTC-1",0
"CGGTTAACATTCCTGC-1",0
"CGGTTAAGTCGACTGC-1",3.07123984018489
"CGGTTAATCCGGCACA-1",0
"CGGTTAATCCTTTCGG-1",0
"CGGTTAATCTTATCTG-1",4.88997252664052
"CGTAGCGAGATGTAAC-1",0
"CGTAGCGAGGCAATTA-1",0
"CGTAGCGCAAGCGCTC-1",4.66898563009297
"CGTAGCGTCCAACCAA-1",3.56330084155736
"CGTAGCGTCGGCGGTT-1",0
"CGTAGGCAGGGCTCTC-1",0
"CGTAGGCCAAGCGATG-1",1.72880552249059
"CGTAGGCCACTAAGTC-1",0
"CGTAGGCCAGAGTGTG-1",0
"CGTAGGCCATCCCATC-1",2.05236211254894
"CGTAGGCGTATTAGCC-1",1.62760253772604
"CGTAGGCGTCAATACC-1",0
"CGTAGGCGTGGCGAAT-1",1.67527766992964
"CGTAGGCTCCAGAAGG-1",0
"CGTCACTAGTCATGCT-1",0
"CGTCACTCAAAGCGGT-1",2.22618587747542
"CGTCACTCAGGTCCAC-1",1.68630118274497
"CGTCACTCAGTCACTA-1",0
"CGTCACTTCCTTGACC-1",0
"CGTCACTTCGGTGTTA-1",0
"CGTCACTTCTGTGCAA-1",0
"CGTCACTTCTTGAGAC-1",0
"CGTCAGGAGCTGTTCA-1",0
"CGTCAGGCAAAGCAAT-1",3.74058983456247
"CGTCAGGCAAAGCGGT-1",0
"CGTCAGGCAACACGCC-1",0
"CGTCAGGCATCCGCGA-1",0
"CGTCAGGGTCAGCTAT-1",0
"CGTCAGGGTCGTTGTA-1",3.4034157302565
"CGTCAGGGTGTAAGTA-1",0
"CGTCAGGTCCACTGGG-1",0
"CGTCAGGTCGACAGCC-1",1.26158247885672
"CGTCAGGTCGGGAGTA-1",1.72880552249059
"CGTCCATAGACCACGA-1",2.75469498089748
"CGTCCATAGCGATTCT-1",0
"CGTCCATAGGCTATCT-1",1.66373482153261
"CGTCCATAGTCTCAAC-1",5.55905215209367
"CGTCCATCACGACTCG-1",0
"CGTCCATCATTCACTT-1",0
"CGTCCATGTCTAGCGC-1",1.6827258250093
"CGTCCATGTGATAAAC-1",0
"CGTCCATGTTTGGGCC-1",0
"CGTCCATGTTTGTGTG-1",3.74790970356592
"CGTCCATTCAACACCA-1",1.46428914671786
"CGTCCATTCATTCACT-1",1.63122916416941
"CGTCTACAGTGCGTGA-1",0
"CGTCTACGTAGTAGTA-1",0
"CGTCTACTCGAGCCCA-1",1.95089811949327
"CGTCTACTCGCCATAA-1",0
"CGTCTACTCGGCCGAT-1",0
"CGTCTACTCGTCCAGG-1",0
"CGTGAGCAGATCTGAA-1",1.66616704959864
"CGTGAGCAGCAATCTC-1",0
"CGTGAGCAGCGGATCA-1",0
"CGTGAGCAGCTAGTGG-1",1.27517113470008
"CGTGAGCAGCTTCGCG-1",0
"CGTGAGCAGGGCACTA-1",0
"CGTGAGCAGGGTGTGT-1",0
"CGTGAGCAGTGGAGAA-1",0
"CGTGAGCCAAGCCGCT-1",1.78512374481266
"CGTGAGCCACGTAAGG-1",3.74058983456247
"CGTGAGCCATACGCCG-1",0
"CGTGAGCGTAGATTAG-1",2.24558564902964
"CGTGAGCGTCTCTTAT-1",0
"CGTGAGCTCACAAACC-1",0
"CGTGAGCTCCAAATGC-1",0
"CGTGAGCTCCGAGCCA-1",0
"CGTGAGCTCGTTGCCT-1",0
"CGTGAGCTCTGGGCCA-1",1.75166176372084
"CGTGTAAAGATAGTCA-1",2.04445529368525
"CGTGTAAAGGTGTTAA-1",0
"CGTGTAAAGTACATGA-1",4.62286091613232
"CGTGTAACATGGGACA-1",1.75166176372084
"CGTGTAAGTGTCTGAT-1",0
"CGTGTAATCTACTATC-1",0
"CGTGTAATCTCGATGA-1",1.31005024831488
"CGTGTAATCTTTAGTC-1",0
"CGTGTCTAGGCGCTCT-1",1.6827258250093
"CGTGTCTAGGGATGGG-1",0
"CGTGTCTCAGACAAAT-1",0
"CGTGTCTCAGACACTT-1",0
"CGTGTCTGTAAGAGGA-1",1.3649307493573
"CGTGTCTGTATATGAG-1",1.79468210501893
"CGTGTCTGTCAAAGCG-1",0
"CGTGTCTGTTCCGTCT-1",0
"CGTGTCTTCAATCACG-1",0
"CGTGTCTTCAGAGGTG-1",0
"CGTGTCTTCATAGCAC-1",0
"CGTGTCTTCCGAACGC-1",0
"CGTGTCTTCGGCATCG-1",1.74188585581586
"CGTGTCTTCGTGGACC-1",0
"CGTGTCTTCTACTTAC-1",0
"CGTGTCTTCTGAGTGT-1",1.64256384034015
"CGTTAGAAGATCTGAA-1",2.65149611519828
"CGTTAGAAGGCCCTTG-1",1.69206070452363
"CGTTAGACACGAAAGC-1",0
"CGTTAGACAGCTTCGG-1",1.87843203544026
"CGTTAGAGTTTAAGCC-1",3.10641955374156
"CGTTAGATCACTTATC-1",3.50004326309741
"CGTTAGATCAGCCTAA-1",1.09343917725102
"CGTTCTGAGAAGGGTA-1",0
"CGTTCTGAGTGAACAT-1",0
"CGTTCTGCAGCTCGCA-1",0
"CGTTCTGCATTGGCGC-1",4.11788579489196
"CGTTCTGGTGAGGGTT-1",1.34110442770281
"CGTTCTGTCTGATTCT-1",1.46428914671786
"CGTTGGGAGCTAGTTC-1",0
"CGTTGGGAGGATGCGT-1",1.95089811949327
"CGTTGGGCACATTAGC-1",0
"CGTTGGGCAGACAGGT-1",0
"CGTTGGGGTTCCCGAG-1",4.11788579489196
"CGTTGGGTCATGCTCC-1",4.6187660817515
"CGTTGGGTCCATGAAC-1",1.22101537185241
"CGTTGGGTCTACCAGA-1",1.78512374481266
"CTAACTTAGTCCTCCT-1",0
"CTAACTTCAATAGCAA-1",0
"CTAACTTCAATCGGTT-1",1.34110442770281
"CTAACTTGTGAGGCTA-1",0
"CTAACTTTCGTACGGC-1",1.55010236289611
"CTAACTTTCTGGCGTG-1",1.46428914671786
"CTAAGACAGGGAAACA-1",0
"CTAAGACAGTACATGA-1",1.40673748343183
"CTAAGACAGTTCGCGC-1",1.34110442770281
"CTAAGACCAAGTAATG-1",1.97136480093404
"CTAAGACCAGTAAGAT-1",2.18662845170472
"CTAAGACCATGCAATC-1",2.24558564902964
"CTAAGACGTAAGGATT-1",0
"CTAAGACGTATCAGTC-1",3.47755512780038
"CTAAGACGTCACCTAA-1",2.64266882083241
"CTAAGACTCGTTGCCT-1",1.27517113470008
"CTAAGACTCTTACCGC-1",0
"CTAAGACTCTTGAGGT-1",0
"CTAATGGAGCAATCTC-1",0
"CTAATGGAGCGCTCCA-1",3.35642272124521
"CTAATGGAGCTCCCAG-1",0
"CTAATGGAGCTGAAAT-1",0
"CTAATGGAGTTAGGTA-1",1.86678477415487
"CTAATGGCATGGAATA-1",0
"CTAATGGGTACCGCTG-1",1.38614437986727
"CTAATGGGTCTAGCGC-1",1.86678477415487
"CTAATGGGTGAGGGAG-1",0
"CTAATGGGTTGGTGGA-1",0
"CTAATGGTCATGCTCC-1",0
"CTAATGGTCCACTGGG-1",1.68630118274497
"CTAATGGTCCGTTGCT-1",3.07123984018489
"CTAATGGTCCTAGAAC-1",1.66373482153261
"CTACACCAGTGCGATG-1",3.12802396825047
"CTACACCCACGGACAA-1",1.86678477415487
"CTACACCGTAATAGCA-1",0
"CTACACCGTCTGATTG-1",0
"CTACACCGTTCGTCTC-1",1.34110442770281
"CTACACCTCAGAAATG-1",0
"CTACACCTCGGCTTGG-1",3.46999255092976
"CTACACCTCGGTCCGA-1",1.91058675785902
"CTACACCTCTCGCATC-1",0
"CTACACCTCTCTGCTG-1",0
"CTACATTAGATCACGG-1",0
"CTACATTCACTCGACG-1",1.85851196975552
"CTACATTCATTTCACT-1",0
"CTACATTGTGATGATA-1",0
"CTACATTGTTCGAATC-1",0
"CTACATTTCAACGCTA-1",2.22618587747542
"CTACATTTCGCCATAA-1",1.86678477415487
"CTACATTTCTAGCACA-1",1.33261857251754
"CTACCCACACAGAGGT-1",0
"CTACCCACACGACGAA-1",0
"CTACCCACATGGTTGT-1",0
"CTACCCAGTATCTGCA-1",1.72576302731971
"CTACCCAGTATGAATG-1",0
"CTACCCAGTCAGAAGC-1",3.4034157302565
"CTACCCAGTGTGACCC-1",0
"CTACCCAGTTATGTGC-1",1.62760253772604
"CTACCCATCTACGAGT-1",0
"CTACGTCAGGTGCAAC-1",1.42373106074152
"CTACGTCAGTGCGATG-1",0
"CTACGTCAGTTGTCGT-1",1.18012819735336
"CTACGTCCATATACCG-1",1.09343917725102
"CTACGTCGTATATGGA-1",1.18012819735336
"CTACGTCGTGTGGTTT-1",0
"CTACGTCTCAAAGTAG-1",0
"CTACGTCTCACGACTA-1",0
"CTACGTCTCACGGTTA-1",0
"CTACGTCTCCTAGAAC-1",0
"CTAGAGTAGCTGTCTA-1",0
"CTAGAGTAGGATCGCA-1",0
"CTAGAGTAGTCCATAC-1",0
"CTAGAGTCACATTAGC-1",0
"CTAGAGTCAGTATGCT-1",1.26431044092014
"CTAGAGTCATACTCTT-1",0
"CTAGAGTCATGTAAGA-1",0
"CTAGAGTGTGACCAAG-1",0
"CTAGAGTTCAACACCA-1",0
"CTAGAGTTCCGTCAAA-1",0
"CTAGAGTTCCTAAGTG-1",1.54893374296269
"CTAGAGTTCGCCAGCA-1",0
"CTAGAGTTCGCTTAGA-1",0
"CTAGAGTTCGTGACAT-1",3.57854311628702
"CTAGAGTTCTGATTCT-1",1.31005024831488
"CTAGCCTCACCAGATT-1",0
"CTAGCCTGTATATCCG-1",0
"CTAGCCTGTGATGCCC-1",0
"CTAGCCTTCGGGAGTA-1",0
"CTAGTGAAGCTGGAAC-1",0
"CTAGTGAAGTGTACCT-1",0
"CTAGTGACAAGTCTAC-1",0
"CTAGTGACAGGATCGA-1",1.27517113470008
"CTAGTGAGTTATGCGT-1",2.22618587747542
"CTAGTGATCAGTTGAC-1",1.64054971358604
"CTAGTGATCCAGTAGT-1",0
"CTCACACAGCTAAGAT-1",1.69025567164657
"CTCACACAGCTGCCCA-1",1.68630118274497
"CTCACACAGGATGCGT-1",0
"CTCACACCACGTAAGG-1",0
"CTCACACCACTGTTAG-1",0
"CTCACACCATATACGC-1",0
"CTCACACGTGCTGTAT-1",0
"CTCACACGTTCCATGA-1",3.58502279097312
"CTCACACGTTTGGGCC-1",2.00341976423649
"CTCACACTCACCGGGT-1",0
"CTCACACTCATCGGAT-1",0
"CTCACACTCCGCGCAA-1",0
"CTCACACTCTAACCGA-1",0
"CTCAGAAAGAGCTGCA-1",0
"CTCAGAAAGGAGTAGA-1",0
"CTCAGAACAACGCACC-1",1.25832641494449
"CTCAGAACAAGCGATG-1",0
"CTCAGAACAGGGCATA-1",0
"CTCAGAAGTGACGGTA-1",0
"CTCAGAATCTTAACCT-1",0
"CTCATTAAGAACTGTA-1",0
"CTCATTACATGGTCAT-1",1.75166176372084
"CTCATTAGTGTAACGG-1",0
"CTCATTAGTTTACTCT-1",1.66373482153261
"CTCCTAGCAAGTACCT-1",1.91058675785902
"CTCCTAGCAATTCCTT-1",0
"CTCCTAGCACTGTCGG-1",0
"CTCCTAGCAGTCCTTC-1",0
"CTCCTAGCATAACCTG-1",1.91501447476243
"CTCCTAGCATGCGCAC-1",0
"CTCCTAGGTAGAAAGG-1",1.64323655240376
"CTCCTAGGTCCGAGTC-1",1.69206070452363
"CTCCTAGGTCTAGCCG-1",1.62563259835408
"CTCCTAGGTGTTTGTG-1",3.07123984018489
"CTCCTAGGTTCGTGAT-1",4.66898563009297
"CTCCTAGGTTGTTTGG-1",0
"CTCCTAGTCACTTACT-1",0
"CTCCTAGTCTCATTCA-1",1.95661467116005
"CTCGAAAAGCCCAACC-1",0
"CTCGAAAAGCTATGCT-1",0
"CTCGAAAAGGCCCTTG-1",0
"CTCGAAAAGGGCTTCC-1",1.67527766992964
"CTCGAAACAAGCCGTC-1",0
"CTCGAAACACATTAGC-1",0
"CTCGAAACACCGAAAG-1",0
"CTCGAAACACGGCTAC-1",0
"CTCGAAACAGTAAGAT-1",1.62760253772604
"CTCGAGGAGCCATCGC-1",0
"CTCGAGGAGGGCTTCC-1",0
"CTCGAGGCAGATAATG-1",0
"CTCGAGGGTATTCTCT-1",0
"CTCGAGGGTGCCTGGT-1",1.70593547338393
"CTCGGAGAGTCCCACG-1",0
"CTCGGAGCACTTCTGC-1",2.00341976423649
"CTCGGAGCAGCTGCAC-1",1.26158247885672
"CTCGGAGCAGGATCGA-1",0
"CTCGGAGGTAGCCTAT-1",0
"CTCGGAGGTCATGCCG-1",0
"CTCGGAGTCAAACGGG-1",0
"CTCGGAGTCACATACG-1",0
"CTCGGAGTCAGCTTAG-1",0
"CTCGGGAAGACCTAGG-1",0
"CTCGGGACACAGCCCA-1",1.3649307493573
"CTCGGGACATAAAGGT-1",0
"CTCGGGACATCCCACT-1",0
"CTCGGGACATGTCGAT-1",0
"CTCGGGAGTCGCGTGT-1",1.22101537185241
"CTCGGGAGTGACTACT-1",1.15184771954717
"CTCGGGAGTTACGACT-1",1.62563259835408
"CTCGGGATCCGTACAA-1",1.87702456431488
"CTCGGGATCCTTGACC-1",0
"CTCGGGATCTTGTTTG-1",0
"CTCGTACAGCGATAGC-1",1.46428914671786
"CTCGTACCAGCGTAAG-1",0
"CTCGTACCATAGTAAG-1",2.21374942574787
"CTCGTACGTAGAGTGC-1",0
"CTCGTACGTATCACCA-1",0
"CTCGTACGTGCAGTAG-1",0
"CTCGTACTCAAAGTAG-1",0
"CTCGTACTCAATCTCT-1",0
"CTCGTACTCGTTGCCT-1",0
"CTCGTACTCTGGTTCC-1",0
"CTCGTCAAGATGCCTT-1",2.91716647492539
"CTCGTCAAGTGGAGTC-1",2.05236211254894
"CTCGTCAAGTTTGCGT-1",1.95557205996705
"CTCGTCACAACGATCT-1",1.62563259835408
"CTCGTCACACATCCGG-1",0
"CTCGTCACAGTCGTGC-1",0
"CTCGTCAGTCTCATCC-1",0
"CTCGTCAGTCTCCATC-1",3.50004326309741
"CTCGTCAGTGAGCGAT-1",0
"CTCGTCAGTTGACGTT-1",3.74058983456247
"CTCGTCAGTTGGGACA-1",0
"CTCGTCATCACTTATC-1",0
"CTCGTCATCGACCAGC-1",0
"CTCGTCATCTGCTGTC-1",2.75469498089748
"CTCTAATCACCAGGTC-1",1.54893374296269
"CTCTAATCACGGTGTC-1",1.70593547338393
"CTCTAATCAGGAATCG-1",0
"CTCTAATGTCCAAGTT-1",0
"CTCTACGAGCTAAACA-1",0
"CTCTACGAGCTAGTGG-1",0
"CTCTACGAGTACGCCC-1",1.95557205996705
"CTCTACGAGTAGGCCA-1",3.58502279097312
"CTCTACGCAATAACGA-1",0
"CTCTACGCAGACGCTC-1",0
"CTCTACGCATGACATC-1",0
"CTCTACGTCATGTCTT-1",1.70593547338393
"CTCTACGTCCCTAATT-1",0
"CTCTACGTCGGCATCG-1",0
"CTCTACGTCGGTCTAA-1",1.33323532171794
"CTCTGGTAGCGTTCCG-1",1.26158247885672
"CTCTGGTAGGCATGGT-1",0
"CTCTGGTAGTGCCAGA-1",0
"CTCTGGTCACAAGCCC-1",0
"CTCTGGTCAGCCTTTC-1",1.38614437986727
"CTCTGGTTCATCTGTT-1",0
"CTCTGGTTCTTGTACT-1",2.02366296411885
"CTGAAACAGATCCCGC-1",0
"CTGAAACAGGTGCTAG-1",0
"CTGAAACAGTCCGTAT-1",0
"CTGAAACAGTGTCTCA-1",1.65340830422807
"CTGAAACGTCATCGGC-1",0
"CTGAAACGTTAAAGAC-1",0
"CTGAAACTCATACGGT-1",0
"CTGAAGTAGTGCGTGA-1",2.69801317825752
"CTGAAGTCAGCTGTAT-1",0
"CTGAAGTGTTAAAGTG-1",0
"CTGAAGTTCAAGCCTA-1",4.88997252664052
"CTGAAGTTCGGATGTT-1",0
"CTGATAGAGGGAGTAA-1",0
"CTGATAGAGTGCAAGC-1",1.26668548169973
"CTGATAGCAGCCTTTC-1",0
"CTGATAGCATCCCATC-1",1.95557205996705
"CTGATAGCATCTCCCA-1",0
"CTGATAGGTCAAAGCG-1",0
"CTGATAGGTCGCTTTC-1",0
"CTGATAGGTTACGACT-1",1.68630118274497
"CTGATAGTCGCGATCG-1",0
"CTGATCCAGGCATTGG-1",0
"CTGATCCAGGTGACCA-1",0
"CTGATCCCACAGAGGT-1",0
"CTGATCCCAGGCTGAA-1",0
"CTGATCCGTGCCTGGT-1",1.86678477415487
"CTGATCCGTTATCCGA-1",0
"CTGATCCGTTGTGGCC-1",0
"CTGCCTAAGGGTCTCC-1",1.26668548169973
"CTGCCTAAGGTGATAT-1",1.90326544635738
"CTGCCTAAGTACGCGA-1",1.95661467116005
"CTGCCTAAGTGCGTGA-1",1.31005024831488
"CTGCCTACATCCCACT-1",2.87323852517674
"CTGCCTATCAATAAGG-1",0
"CTGCGGAAGAAGGACA-1",2.91172280550566
"CTGCGGAAGAGCTGGT-1",0
"CTGCGGAAGATGAGAG-1",3.35642272124521
"CTGCGGACAGGTCGTC-1",0
"CTGCGGACATGTCTCC-1",0
"CTGCGGAGTCACTTCC-1",1.86678477415487
"CTGCGGAGTCGTGGCT-1",0
"CTGCGGAGTTCTGTTT-1",1.3649307493573
"CTGCGGAGTTGGACCC-1",1.51565409822438
"CTGCGGATCGCCTGTT-1",3.33955890517736
"CTGCGGATCTTACCGC-1",0
"CTGCTGTAGGGTGTTG-1",0
"CTGCTGTAGTACCGGA-1",0
"CTGCTGTAGTGGAGAA-1",0
"CTGCTGTCACATCTTT-1",1.91058675785902
"CTGCTGTGTTAAAGAC-1",1.33261857251754
"CTGCTGTTCTCCAACC-1",1.87843203544026
"CTGCTGTTCTTACCGC-1",1.68630118274497
"CTGGTCTAGCGTTGCC-1",0
"CTGGTCTAGGACAGCT-1",1.09343917725102
"CTGGTCTAGGGCTTGA-1",2.87323852517674
"CTGGTCTAGTCGAGTG-1",1.87702456431488
"CTGGTCTCAAAGGAAG-1",0
"CTGGTCTCACCAGTTA-1",0
"CTGGTCTGTACCTACA-1",0
"CTGGTCTGTACGCTGC-1",0
"CTGGTCTGTCCGCTGA-1",0
"CTGGTCTGTCCGTTAA-1",1.70593547338393
"CTGGTCTGTTCATGGT-1",2.64266882083241
"CTGGTCTGTTCGTGAT-1",0
"CTGGTCTTCAACGGGA-1",1.686659743766
"CTGGTCTTCACTTACT-1",1.50684451275357
"CTGGTCTTCTTACCTA-1",0
"CTGTGCTGTATATCCG-1",1.75166176372084
"CTGTGCTGTCATCCCT-1",2.02366296411885
"CTGTGCTGTCCCTACT-1",0
"CTGTGCTGTCGGCACT-1",0
"CTGTGCTTCCATTCTA-1",0
"CTGTTTAAGAAACCGC-1",0
"CTGTTTAAGATCGATA-1",0
"CTGTTTAAGGAGTTGC-1",0
"CTGTTTAGTCAAAGCG-1",0
"CTGTTTATCAGCCTAA-1",0
"CTGTTTATCATTTGGG-1",1.64323655240376
"CTGTTTATCTCCAGGG-1",0
"CTGTTTATCTCTTGAT-1",1.78512374481266
"CTGTTTATCTTCTGGC-1",1.54893374296269
"CTTAACTAGCCAGTAG-1",0
"CTTAACTAGGCTCTTA-1",1.68630118274497
"CTTAACTAGGTGCACA-1",1.54893374296269
"CTTAACTAGTCTCGGC-1",1.75166176372084
"CTTACCGAGCGCTTAT-1",0
"CTTACCGAGGCTACGA-1",0
"CTTACCGCAGATCTGT-1",1.34110442770281
"CTTACCGCAGTCAGAG-1",2.87323852517674
"CTTACCGGTCCTGCTT-1",1.62563259835408
"CTTACCGGTCGCCATG-1",0
"CTTACCGGTCTACCTC-1",1.59487838953934
"CTTACCGTCGGACAAG-1",2.18662845170472
"CTTAGGAAGCCCAACC-1",0
"CTTAGGACACGACGAA-1",0
"CTTAGGAGTTATGTGC-1",0
"CTTAGGATCCCATTTA-1",0
"CTTAGGATCTTTACAC-1",0
"CTTCTCTAGAACTCGG-1",2.11873968172633
"CTTCTCTAGAGTGAGA-1",0
"CTTCTCTAGCAGGCTA-1",1.25832641494449
"CTTCTCTAGTTAACGA-1",0
"CTTCTCTCAAAGGTGC-1",0
"CTTCTCTGTAACGACG-1",1.18012819735336
"CTTCTCTGTGCATCTA-1",1.86678477415487
"CTTCTCTTCGAGCCCA-1",1.26668548169973
"CTTGGCTAGCGATATA-1",2.21374942574787
"CTTGGCTAGTACGTTC-1",1.42373106074152
"CTTGGCTCATTACCTT-1",0
"CTTGGCTGTCTCCATC-1",0
"CTTGGCTTCCCTAATT-1",1.58678831255995
"CTTGGCTTCGCGTAGC-1",0
"CTTGGCTTCTCGTTTA-1",0
"CTTTGCGAGCAAATCA-1",3.74058983456247
"CTTTGCGAGCGTTCCG-1",1.78512374481266
"CTTTGCGAGTATCTCG-1",0
"CTTTGCGCAATTCCTT-1",0
"CTTTGCGCACTTAAGC-1",1.09343917725102
"CTTTGCGCAGACGCAA-1",0
"CTTTGCGGTAGAGGAA-1",2.64266882083241
"CTTTGCGTCCAGGGCT-1",1.62563259835408
"GAAACTCAGAGACGAA-1",0
"GAAACTCAGAGGTTAT-1",0
"GAAACTCAGCAGCCTC-1",0
"GAAACTCAGCCCAGCT-1",1.31005024831488
"GAAACTCAGCTAAACA-1",0
"GAAACTCAGTGCTGCC-1",0
"GAAACTCCAAGCCCAC-1",0
"GAAACTCCACATGACT-1",0
"GAAACTCCAGACACTT-1",1.6827258250093
"GAAACTCCATGGATGG-1",1.75799034376634
"GAAACTCGTACTCGCG-1",0
"GAAACTCGTAGCGATG-1",0
"GAAACTCGTGTGAAAT-1",0
"GAAACTCGTTTGTGTG-1",1.85259490584447
"GAAATGAAGCCAGTTT-1",0
"GAAATGAAGCTAGTCT-1",3.02794509889316
"GAAATGAAGTACGTAA-1",3.56330084155736
"GAAATGATCATGCTCC-1",3.50004326309741
"GAAATGATCCTCGCAT-1",0
"GAACATCAGATGGCGT-1",0
"GAACATCCAACAACCT-1",1.69206070452363
"GAACATCCACATCTTT-1",0
"GAACATCCACCTATCC-1",1.62760253772604
"GAACATCCACGGACAA-1",0
"GAACATCCATGCTAGT-1",1.64323655240376
"GAACATCGTACGACCC-1",0
"GAACATCGTGGACGAT-1",1.50684451275357
"GAACATCGTTCCCGAG-1",1.72424673944707
"GAACATCTCCAAGTAC-1",0
"GAACATCTCGATCCCT-1",0
"GAACATCTCTCCAACC-1",0
"GAACCTAAGAACTGTA-1",1.3649307493573
"GAACCTAAGAGCAATT-1",0
"GAACCTAAGCCAGTAG-1",0
"GAACCTACAAGGACAC-1",4.66898563009297
"GAACCTACAGACACTT-1",1.68630118274497
"GAACCTAGTACCAGTT-1",0
"GAACCTAGTGTCAATC-1",0
"GAACCTATCACGATGT-1",1.95557205996705
"GAACGGAAGACGCAAC-1",1.62760253772604
"GAACGGAAGTAATCCC-1",0
"GAACGGAAGTCAATAG-1",1.85851196975552
"GAACGGAAGTGGACGT-1",1.85851196975552
"GAACGGACACAGCGTC-1",0
"GAACGGACACCTCGTT-1",1.54893374296269
"GAACGGACACTTAACG-1",0
"GAACGGAGTAGCGTAG-1",0
"GAACGGAGTCAGAGGT-1",0
"GAACGGAGTGGCGAAT-1",1.38614437986727
"GAACGGATCACTCCTG-1",1.64054971358604
"GAACGGATCCACGAAT-1",0
"GAACGGATCGTAGGAG-1",0
"GAACGGATCTGTCAAG-1",0
"GAAGCAGAGACTAAGT-1",1.26668548169973
"GAAGCAGAGAGACGAA-1",0
"GAAGCAGAGCCACGCT-1",0
"GAAGCAGAGTTCGCGC-1",1.72880552249059
"GAAGCAGCAATCCGAT-1",0
"GAAGCAGCAGATCTGT-1",1.65683308016806
"GAAGCAGCAGATGAGC-1",3.56330084155736
"GAAGCAGCATGAACCT-1",0
"GAAGCAGCATGGAATA-1",0
"GAAGCAGGTAACGCGA-1",0
"GAAGCAGGTCATACTG-1",3.35642272124521
"GAAGCAGTCCTAGTGA-1",0
"GAAGCAGTCTTATCTG-1",1.6398796706598
"GAATAAGCAAGGTGTG-1",0
"GAATAAGCAGACAAGC-1",0
"GAATAAGCATGCAACT-1",1.72576302731971
"GAATAAGGTCCGTTAA-1",0
"GAATAAGGTGAGTGAC-1",0
"GAATAAGGTTCCCTTG-1",1.97402936112055
"GAATAAGTCGTTTAGG-1",0
"GAATGAAAGAGTCTGG-1",0
"GAATGAAAGCTTATCG-1",0
"GAATGAAAGGCATGTG-1",3.91400772770181
"GAATGAACAAACGCGA-1",1.62760253772604
"GAATGAACAGTGAGTG-1",3.6392612142095
"GAATGAACATCATCCC-1",0
"GAATGAAGTCAACATC-1",0
"GAATGAAGTCTCACCT-1",1.78512374481266
"GAATGAAGTGGCAAAC-1",3.33955890517736
"GAATGAAGTTGCGTTA-1",0
"GAATGAATCAGTTAGC-1",0
"GAATGAATCCTGCCAT-1",0
"GACACGCAGACGCACA-1",4.74965610614532
"GACACGCAGAGTAATC-1",1.85259490584447
"GACACGCAGCCAACAG-1",1.91501447476243
"GACACGCAGGAGTTTA-1",1.15184771954717
"GACACGCAGGGCATGT-1",1.75166176372084
"GACACGCAGGTGCACA-1",0
"GACACGCAGTCCAGGA-1",0
"GACACGCAGTGGGATC-1",2.87323852517674
"GACACGCAGTGGGTTG-1",0
"GACACGCCAAGCGTAG-1",0
"GACACGCCAAGGACAC-1",3.50004326309741
"GACACGCCAGACGCTC-1",0
"GACACGCCATCCTTGC-1",0
"GACACGCGTTCACGGC-1",3.74058983456247
"GACACGCTCATGTAGC-1",2.91172280550566
"GACAGAGAGTACGATA-1",1.78512374481266
"GACAGAGCAACGATCT-1",1.22101537185241
"GACAGAGCAAGTCTAC-1",2.24558564902964
"GACAGAGCAGCTCCGA-1",1.09343917725102
"GACAGAGCAGCTGGCT-1",1.26158247885672
"GACAGAGTCAAACAAG-1",0
"GACAGAGTCAGAGACG-1",1.91501447476243
"GACAGAGTCCTTCAAT-1",0
"GACAGAGTCCTTGCCA-1",3.47755512780038
"GACAGAGTCTTCATGT-1",3.57854311628702
"GACCAATAGAAGGGTA-1",1.95557205996705
"GACCAATAGCTACCGC-1",0
"GACCAATAGCTACCTA-1",0
"GACCAATCAGGTGCCT-1",1.33261857251754
"GACCAATCATGCGCAC-1",1.67527766992964
"GACCAATGTACAGTTC-1",1.69206070452363
"GACCAATGTCGCTTCT-1",1.91501447476243
"GACCAATTCCGATATG-1",0
"GACCAATTCGAATGGG-1",0
"GACCAATTCGTCACGG-1",2.02366296411885
"GACCTGGCATCACAAC-1",0
"GACCTGGCATGTCTCC-1",0
"GACCTGGCATTGGCGC-1",0
"GACCTGGGTAAAGGAG-1",0
"GACCTGGGTCCAGTTA-1",0
"GACCTGGGTGCAGTAG-1",0
"GACCTGGTCATAGCAC-1",1.59487838953934
"GACCTGGTCCTTGCCA-1",0
"GACCTGGTCGCATGAT-1",0
"GACCTGGTCGTCACGG-1",4.6187660817515
"GACGCGTAGTGGTAAT-1",0
"GACGCGTAGTTGTAGA-1",2.00341976423649
"GACGCGTGTAAAGGAG-1",1.22101537185241
"GACGCGTGTGTGAAAT-1",3.63157117972451
"GACGCGTGTTAAGACA-1",1.51565409822438
"GACGCGTTCAAACCGT-1",1.86678477415487
"GACGCGTTCCAAATGC-1",2.87323852517674
"GACGCGTTCCGCGGTA-1",0
"GACGCGTTCCTACAGA-1",3.33955890517736
"GACGCGTTCTCCGGTT-1",0.742335663410549
"GACGGCTAGAAGATTC-1",1.91501447476243
"GACGGCTAGAGCTGGT-1",0
"GACGGCTCAAGGTTTC-1",1.72576302731971
"GACGGCTCACCGCTAG-1",1.70593547338393
"GACGGCTCATGAACCT-1",2.22618587747542
"GACGGCTCATGCAACT-1",0
"GACGGCTGTGTGTGCC-1",2.21374942574787
"GACGGCTGTTATGTGC-1",1.72047038548075
"GACGGCTGTTTGGCGC-1",1.686659743766
"GACGGCTTCTATCGCC-1",1.3649307493573
"GACGTGCAGGCAAAGA-1",0
"GACGTGCAGGGTGTGT-1",0
"GACGTGCAGGTGTTAA-1",0
"GACGTGCCAGGTCGTC-1",0
"GACGTGCGTAACGTTC-1",1.87328444292206
"GACGTGCTCACCTCGT-1",0
"GACGTTAAGCTACCGC-1",0
"GACGTTAAGGCAAAGA-1",0
"GACGTTAAGTCAAGCG-1",2.75469498089748
"GACGTTACAAGCCATT-1",0
"GACGTTACAAGGTTTC-1",0
"GACGTTACAGACACTT-1",0
"GACGTTAGTATCTGCA-1",2.11873968172633
"GACGTTAGTTTGACAC-1",0
"GACGTTAGTTTGACTG-1",1.72880552249059
"GACGTTATCACAGGCC-1",0
"GACGTTATCATTGCGA-1",1.95557205996705
"GACGTTATCCCGGATG-1",0
"GACGTTATCCGAAGAG-1",0
"GACGTTATCGCGTTTC-1",0
"GACGTTATCTGTCCGT-1",0
"GACTAACAGACAGAGA-1",0
"GACTAACAGTGGAGAA-1",0
"GACTAACCAAATCCGT-1",0
"GACTAACGTCTAGTCA-1",0
"GACTAACGTGCAACTT-1",0
"GACTAACGTTCAGACT-1",0
"GACTAACTCCTTTCTC-1",0
"GACTAACTCTTGCCGT-1",0
"GACTAACTCTTTACAC-1",0
"GACTACAAGATATGGT-1",0
"GACTACACAAATCCGT-1",0
"GACTACAGTGCTGTAT-1",1.26668548169973
"GACTACATCAGCCTAA-1",0
"GACTACATCAGGTAAA-1",1.18012819735336
"GACTACATCTGCAGTA-1",3.57854311628702
"GACTGCGAGCGTAGTG-1",0
"GACTGCGAGTTGTAGA-1",0
"GACTGCGCACTTAACG-1",1.58678831255995
"GACTGCGCATGTTCCC-1",0
"GACTGCGGTACGCACC-1",4.6187660817515
"GACTGCGGTTCTCATT-1",3.07123984018489
"GACTGCGTCAACACAC-1",1.64256384034015
"GACTGCGTCACGACTA-1",0
"GACTGCGTCGCCCTTA-1",4.11788579489196
"GACTGCGTCTCAAACG-1",0
"GAGCAGAGTAGGGTAC-1",1.90326544635738
"GAGCAGAGTCAGATAA-1",1.66373482153261
"GAGCAGAGTCATATGC-1",0
"GAGCAGAGTGAGCGAT-1",0
"GAGCAGAGTGTAACGG-1",1.72047038548075
"GAGCAGAGTGTGACCC-1",0
"GAGCAGAGTTCGGGCT-1",0
"GAGCAGAGTTTAAGCC-1",2.24558564902964
"GAGCAGAGTTTGCATG-1",0
"GAGGTGAAGCAACGGT-1",1.82414682357231
"GAGGTGAAGGCTCTTA-1",0
"GAGGTGAAGTGGTAGC-1",1.18012819735336
"GAGGTGAAGTTGTAGA-1",0
"GAGGTGACACTGTCGG-1",3.74058983456247
"GAGGTGACATCCTTGC-1",0
"GAGGTGACATGCATGT-1",0
"GAGGTGAGTACCTACA-1",0
"GAGGTGAGTCATTAGC-1",1.26668548169973
"GAGGTGAGTTCCTCCA-1",0
"GAGGTGATCATCGCTC-1",3.97846054023424
"GAGGTGATCTAGAGTC-1",1.85851196975552
"GAGGTGATCTCTAGGA-1",0
"GAGGTGATCTGCTGTC-1",1.34110442770281
"GAGGTGATCTGGGCCA-1",3.610397641731
"GAGTCCGAGGACAGAA-1",0
"GAGTCCGAGGCATGTG-1",0
"GAGTCCGAGGCGTACA-1",0
"GAGTCCGCAAACCCAT-1",0
"GAGTCCGGTCAAGCGA-1",1.95089811949327
"GAGTCCGGTGACCAAG-1",2.04445529368525
"GAGTCCGGTGACTCAT-1",0
"GAGTCCGGTGTGACCC-1",0
"GAGTCCGGTTCGGGCT-1",1.72576302731971
"GAGTCCGGTTTGCATG-1",0
"GAGTCCGTCGGCGCAT-1",1.72880552249059
"GAGTCCGTCTGATTCT-1",2.18662845170472
"GATCAGTAGATGTCGG-1",1.63122916416941
"GATCAGTAGTGGTAGC-1",2.24558564902964
"GATCAGTGTATATGAG-1",0
"GATCAGTGTCTGCGGT-1",1.86678477415487
"GATCAGTGTTATGCGT-1",0
"GATCAGTGTTGTACAC-1",0
"GATCGATAGAATGTTG-1",0
"GATCGATAGAGCTGCA-1",2.00341976423649
"GATCGATAGCATGGCA-1",0
"GATCGATCAAGCGAGT-1",1.97402936112055
"GATCGATCAAGCGTAG-1",0
"GATCGATGTCAACATC-1",2.75469498089748
"GATCGATGTTGCCTCT-1",0
"GATCGATTCCGCATCT-1",0
"GATCGCGAGATAGTCA-1",0
"GATCGCGAGCCTTGAT-1",0
"GATCGCGAGGAGCGTT-1",0
"GATCGCGCAGGTCGTC-1",0
"GATCGCGGTACAGCAG-1",0
"GATCGCGGTGAGTATA-1",0
"GATCGCGGTTGTCGCG-1",1.91501447476243
"GATCGCGTCACTCCTG-1",0
"GATCGTAAGACATAAC-1",0
"GATCGTAAGCTCAACT-1",3.74790970356592
"GATCGTACATAACCTG-1",0
"GATCGTAGTGGCTCCA-1",0
"GATCGTATCATATCGG-1",0
"GATCGTATCATGTCCC-1",0
"GATCGTATCTTACCGC-1",1.62563259835408
"GATCTAGAGCGTCTAT-1",0
"GATCTAGAGTGGAGAA-1",1.86678477415487
"GATCTAGCAACACCTA-1",0
"GATCTAGCAAGGGTCA-1",1.27517113470008
"GATCTAGGTCTAAAGA-1",3.33955890517736
"GATCTAGGTCTCACCT-1",1.91501447476243
"GATCTAGGTCTCTTTA-1",0
"GATCTAGTCACATAGC-1",1.686659743766
"GATCTAGTCTAAGCCA-1",1.63122916416941
"GATGAAAAGAGTAATC-1",0
"GATGAAAAGCTCCCAG-1",0
"GATGAAACACGGTAGA-1",0
"GATGAAACAGCTGTAT-1",1.54893374296269
"GATGAAAGTGGGTATG-1",0
"GATGAAATCACCCTCA-1",1.68630118274497
"GATGAAATCACTCCTG-1",1.91501447476243
"GATGAAATCAGCAACT-1",1.97402936112055
"GATGAAATCGAGAGCA-1",0
"GATGAGGAGATCCCGC-1",1.79468210501893
"GATGAGGAGTTCGATC-1",0
"GATGAGGCACCAGTTA-1",0
"GATGAGGGTATCACCA-1",2.18662845170472
"GATGAGGGTATTCGTG-1",1.99899325293938
"GATGAGGGTCGCGTGT-1",0
"GATGAGGGTGATGATA-1",3.33955890517736
"GATGAGGTCACAGGCC-1",0
"GATGAGGTCACATAGC-1",1.34110442770281
"GATGAGGTCCCTTGTG-1",0
"GATGAGGTCTGCTGTC-1",0
"GATGCTAAGACTAAGT-1",1.09343917725102
"GATGCTAAGGATGCGT-1",1.97402936112055
"GATGCTAAGGCTCTTA-1",0
"GATGCTAAGGGAACGG-1",2.21374942574787
"GATGCTAAGTATCTCG-1",0
"GATGCTAAGTCTCGGC-1",0
"GATGCTACATGTTGAC-1",0
"GATGCTACATTGCGGC-1",0
"GATGCTAGTCTCCATC-1",2.18662845170472
"GATGCTAGTGGAAAGA-1",0
"GATGCTAGTTAGGGTG-1",0
"GATGCTATCCTGTACC-1",0
"GATGCTATCGGCGCTA-1",1.72047038548075
"GATTCAGAGAAACCTA-1",3.02794509889316
"GATTCAGAGAGTGACC-1",0
"GATTCAGAGATTACCC-1",0
"GATTCAGAGGGTCGAT-1",1.68630118274497
"GATTCAGAGGTCGGAT-1",1.19421527587
"GATTCAGAGTCAATAG-1",0
"GATTCAGCAAGTTGTC-1",0
"GATTCAGCAATTCCTT-1",1.27517113470008
"GATTCAGCAGGGTACA-1",0
"GATTCAGCATCGACGC-1",0
"GATTCAGCATTATCTC-1",0
"GATTCAGGTAAATACG-1",2.24558564902964
"GATTCAGTCAACTCTT-1",0
"GCAAACTAGATGTTAG-1",0
"GCAAACTAGTCATGCT-1",0
"GCAAACTAGTCTCAAC-1",1.33323532171794
"GCAAACTCACAGGTTT-1",0
"GCAAACTGTCAGATAA-1",0
"GCAAACTGTCTCCATC-1",0
"GCAAACTTCGTGGTCG-1",0
"GCAATCAAGGGATCTG-1",3.57854311628702
"GCAATCAAGTATCTCG-1",0
"GCAATCAAGTGGGTTG-1",0
"GCAATCACAGCTTAAC-1",0
"GCAATCACATGTCGAT-1",1.62760253772604
"GCAATCACATTCCTCG-1",3.35642272124521
"GCAATCAGTAGGAGTC-1",1.75166176372084
"GCAATCAGTATAATGG-1",0
"GCAATCAGTTCTCATT-1",0
"GCAATCAGTTCTGGTA-1",0
"GCACATAAGAGCTATA-1",0
"GCACATAAGATGTTAG-1",0
"GCACATAAGCCTTGAT-1",0
"GCACATAAGGAGTACC-1",0
"GCACATAAGTGAAGTT-1",1.934005246549
"GCACATACACCACGTG-1",0
"GCACATACAGCTGTAT-1",0
"GCACATACAGGAACGT-1",3.50004326309741
"GCACATAGTCATCGGC-1",1.15184771954717
"GCACATAGTCCGAATT-1",3.07123984018489
"GCACATAGTCTCTTTA-1",2.21374942574787
"GCACATAGTGCGCTTG-1",1.72880552249059
"GCACATATCACCTCGT-1",1.64323655240376
"GCACATATCTGGTTCC-1",0
"GCACTCTCAAGACACG-1",1.46428914671786
"GCACTCTCAATCACAC-1",2.05236211254894
"GCACTCTCATTTCAGG-1",1.62563259835408
"GCACTCTGTAAACCTC-1",0
"GCACTCTGTACCAGTT-1",1.3649307493573
"GCACTCTGTAGAAAGG-1",0
"GCACTCTGTCGAACAG-1",4.16688949608015
"GCACTCTGTCTAGGTT-1",1.27517113470008
"GCACTCTTCAACTCTT-1",1.68630118274497
"GCACTCTTCCCTAATT-1",0
"GCACTCTTCTGCCCTA-1",0
"GCAGCCAAGCTGATAA-1",3.02794509889316
"GCAGCCACATGAGCGA-1",0
"GCAGCCAGTAATCGTC-1",5.55905215209367
"GCAGCCAGTGTCGCTG-1",1.26431044092014
"GCAGCCATCAGTTGAC-1",0
"GCAGCCATCCCAACGG-1",0
"GCAGCCATCCGTACAA-1",0.742335663410549
"GCAGTTAAGTCCATAC-1",1.38614437986727
"GCAGTTAAGTCCGTAT-1",0
"GCAGTTAAGTTAACGA-1",0
"GCAGTTAGTGGACGAT-1",1.90960639652424
"GCAGTTAGTTATTCTC-1",0
"GCAGTTATCGCGATCG-1",0
"GCATACAAGATCTGCT-1",1.26158247885672
"GCATACAAGCAACGGT-1",1.38614437986727
"GCATACACAACGCACC-1",0
"GCATACACAAGGACTG-1",0
"GCATACACAAGTCTGT-1",0
"GCATACACAGTCAGCC-1",0
"GCATACACATCCTAGA-1",1.72047038548075
"GCATACACATCGGAAG-1",1.934005246549
"GCATACAGTCCGAACC-1",1.87328444292206
"GCATACAGTTCTGGTA-1",0
"GCATACATCCACGACG-1",0
"GCATGATAGAATGTTG-1",1.72880552249059
"GCATGATAGAGTAATC-1",0
"GCATGATAGCTGATAA-1",0
"GCATGATAGGACCACA-1",0
"GCATGATAGGCTAGCA-1",0
"GCATGATAGTCAAGCG-1",0
"GCATGATAGTGGAGAA-1",2.05236211254894
"GCATGATCACACCGAC-1",0
"GCATGATCACATTTCT-1",0
"GCATGATGTCCCTACT-1",0
"GCATGATGTTGCGCAC-1",0
"GCATGATTCGTGGACC-1",0
"GCATGCGAGCATGGCA-1",1.66616704959864
"GCATGCGAGTCCAGGA-1",3.4034157302565
"GCATGCGCACTGCCAG-1",0
"GCATGCGGTAAGGATT-1",2.18662845170472
"GCATGCGGTCCTCTTG-1",4.11788579489196
"GCATGCGGTGTGAAAT-1",0
"GCATGCGTCCGCGGTA-1",0
"GCATGTAAGAACTGTA-1",0
"GCATGTAAGACAGACC-1",0
"GCATGTAAGTACTTGC-1",0
"GCATGTAAGTGCAAGC-1",0
"GCATGTACAACACGCC-1",1.26431044092014
"GCATGTATCACGAAGG-1",0.742335663410549
"GCCAAATCAAACTGTC-1",0
"GCCAAATCAAGGGTCA-1",0
"GCCAAATCAAGTTCTG-1",0
"GCCAAATCATAACCTG-1",0
"GCCAAATGTATAAACG-1",0
"GCCAAATGTGTTTGGT-1",2.05236211254894
"GCCAAATGTTTCGCTC-1",0
"GCCAAATTCAGGTAAA-1",1.95089811949327
"GCCAAATTCCGAGCCA-1",0
"GCCAAATTCCGCGGTA-1",0
"GCCAAATTCGGCTACG-1",2.21374942574787
"GCCTCTAAGAGTACCG-1",0
"GCCTCTAAGCCATCGC-1",1.75166176372084
"GCCTCTAAGCCGCCTA-1",4.11788579489196
"GCCTCTAAGCGATAGC-1",1.62563259835408
"GCCTCTAAGCTGCAAG-1",1.26668548169973
"GCCTCTAAGCTTCGCG-1",1.27517113470008
"GCCTCTAAGTCACGCC-1",0
"GCCTCTACAAGACGTG-1",0
"GCCTCTACAGCTATTG-1",0
"GCCTCTAGTAAGGATT-1",0
"GCCTCTAGTGATGATA-1",0
"GCCTCTAGTTAAGGGC-1",2.75469498089748
"GCCTCTATCAGCGACC-1",4.16688949608015
"GCCTCTATCCGATATG-1",0
"GCCTCTATCGAATCCA-1",2.22618587747542
"GCCTCTATCGAGCCCA-1",3.02794509889316
"GCCTCTATCGCTGATA-1",0
"GCCTCTATCTTTAGGG-1",0
"GCGACCAAGAGGTTAT-1",0
"GCGACCACACTTACGA-1",0
"GCGACCAGTCAGGACA-1",0
"GCGACCAGTCTAGAGG-1",0
"GCGACCATCAACGGGA-1",1.40673748343183
"GCGACCATCCCGGATG-1",0
"GCGACCATCTACTCAT-1",0
"GCGAGAAAGGTTCCTA-1",0
"GCGAGAAAGTACGATA-1",0
"GCGAGAAAGTGTCTCA-1",1.25832641494449
"GCGAGAACAAGCCCAC-1",0
"GCGAGAACACTGAAGG-1",1.91501447476243
"GCGAGAAGTAGCGCTC-1",2.04445529368525
"GCGAGAAGTCCCTACT-1",0
"GCGAGAATCCTTTCGG-1",0
"GCGAGAATCGAGAGCA-1",0
"GCGAGAATCGCACTCT-1",0
"GCGCAACAGTCCTCCT-1",0
"GCGCAACAGTGTACGG-1",1.63122916416941
"GCGCAACCAAGTCTGT-1",1.22101537185241
"GCGCAACCAGCCACCA-1",0
"GCGCAACGTAGCGCTC-1",0
"GCGCAACGTCCCTTGT-1",0
"GCGCAACGTCCTAGCG-1",1.26668548169973
"GCGCAACGTCGACTAT-1",0
"GCGCAACGTCTAGAGG-1",1.55010236289611
"GCGCAACTCAATACCG-1",1.59487838953934
"GCGCAGTCACATCCAA-1",4.88997252664052
"GCGCAGTCATTACCTT-1",0
"GCGCAGTGTTAGGGTG-1",3.74058983456247
"GCGCAGTTCGATCCCT-1",1.64054971358604
"GCGCAGTTCGCGGATC-1",0
"GCGCCAAAGACATAAC-1",1.63122916416941
"GCGCCAAAGGACAGCT-1",1.686659743766
"GCGCCAAAGGCCCTTG-1",0
"GCGCCAAAGGGCTTCC-1",0
"GCGCCAAAGGTACTCT-1",1.59082098285834
"GCGCCAACATAACCTG-1",1.75799034376634
"GCGCCAACATTGGGCC-1",0
"GCGCCAAGTACTTGAC-1",4.66898563009297
"GCGCCAAGTCGGCACT-1",1.65340830422807
"GCGCCAAGTGAAAGAG-1",1.72880552249059
"GCGCCAAGTTGTACAC-1",1.62563259835408
"GCGCCAATCCGTTGCT-1",0
"GCGCGATAGAAGGTTT-1",2.21374942574787
"GCGCGATAGCAGGTCA-1",0
"GCGCGATAGTGAATTG-1",2.64266882083241
"GCGCGATAGTTTGCGT-1",0
"GCGCGATCAGCTCGAC-1",3.56330084155736
"GCGCGATGTAAGTAGT-1",0
"GCGCGATGTCACTTCC-1",0
"GCGCGATGTTACCAGT-1",0
"GCGCGATTCAGTTAGC-1",0
"GCGCGATTCGTTTAGG-1",1.70593547338393
"GCGGGTTAGAAACGAG-1",0
"GCGGGTTAGCTATGCT-1",0
"GCGGGTTAGTGTGAAT-1",0
"GCGGGTTCACGCGAAA-1",0
"GCGGGTTCAGGCAGTA-1",1.686659743766
"GCGGGTTCAGTAACGG-1",0
"GCGGGTTGTGAGTATA-1",3.12802396825047
"GCGGGTTGTGGCGAAT-1",1.58155171601472
"GCGGGTTTCCAAAGTC-1",1.3649307493573
"GCGGGTTTCCTTTCTC-1",0
"GCGGGTTTCTCCAACC-1",1.87328444292206
"GCGGGTTTCTTGAGGT-1",0
"GCGGGTTTCTTGTATC-1",1.38614437986727
"GCTCCTACAAACTGTC-1",3.63157117972451
"GCTCCTACACCAGGTC-1",0
"GCTCCTACACCGATAT-1",0
"GCTCCTACAGGGTACA-1",1.26158247885672
"GCTCCTACATTAGCCA-1",0
"GCTCCTAGTCAGGACA-1",1.74188585581586
"GCTCCTAGTCCGTCAG-1",1.18012819735336
"GCTCCTATCAGCCTAA-1",0
"GCTCCTATCCCTAATT-1",3.74058983456247
"GCTCTGTAGAGGTAGA-1",0
"GCTCTGTAGCTGAACG-1",0
"GCTCTGTAGGAGTCTG-1",0
"GCTCTGTAGTGCTGCC-1",0
"GCTCTGTAGTGGACGT-1",1.87328444292206
"GCTCTGTTCACCTCGT-1",0
"GCTGCAGAGCGTGAGT-1",1.62563259835408
"GCTGCAGAGTCAAGCG-1",1.64323655240376
"GCTGCAGAGTCCCACG-1",0
"GCTGCAGCAATTGCTG-1",0
"GCTGCAGCATGCCCGA-1",0
"GCTGCAGCATGCCTAA-1",2.18662845170472
"GCTGCAGGTAAACCTC-1",1.75799034376634
"GCTGCAGGTACGAAAT-1",0
"GCTGCAGGTAGCGCAA-1",1.46428914671786
"GCTGCAGGTCACCCAG-1",2.91172280550566
"GCTGCAGGTCATGCCG-1",1.26431044092014
"GCTGCGAAGGAATGGA-1",1.55010236289611
"GCTGCGAGTCTAACGT-1",0
"GCTGCGAGTGTTTGGT-1",0
"GCTGCGATCTCCTATA-1",1.70593547338393
"GCTGCGATCTTGTTTG-1",1.70593547338393
"GCTGCTTAGAATTGTG-1",1.64323655240376
"GCTGCTTAGGCAATTA-1",3.35642272124521
"GCTGCTTCATCACGTA-1",1.3649307493573
"GCTGCTTCATCCAACA-1",1.63122916416941
"GCTGCTTCATGCCTAA-1",2.22618587747542
"GCTGCTTCATGGTCAT-1",2.11873968172633
"GCTGCTTGTAACGACG-1",0
"GCTGCTTGTAATCGTC-1",2.75469498089748
"GCTGCTTGTAGGGACT-1",1.25832641494449
"GCTGCTTGTGAAAGAG-1",3.59448076166033
"GCTGCTTTCCGGGTGT-1",1.90326544635738
"GCTGGGTAGACCCACC-1",0
"GCTGGGTAGCCACGCT-1",1.75799034376634
"GCTGGGTAGTCGCCGT-1",1.72047038548075
"GCTGGGTAGTCTCAAC-1",1.85851196975552
"GCTGGGTCACGGCTAC-1",2.24558564902964
"GCTGGGTCAGCCAATT-1",0
"GCTGGGTGTACAGTTC-1",2.02366296411885
"GCTGGGTGTACCGTTA-1",0
"GCTGGGTGTCGAGTTT-1",1.95661467116005
"GCTGGGTGTCTCCACT-1",0
"GCTGGGTGTGCCTGTG-1",1.95661467116005
"GCTGGGTTCAGCTTAG-1",0
"GCTGGGTTCCTTAATC-1",1.6827258250093
"GCTTCCAAGAAACCTA-1",0
"GCTTCCACACCACCAG-1",0
"GCTTCCACAGGTCGTC-1",1.99899325293938
"GCTTCCACAGTGAGTG-1",0
"GCTTCCAGTATAGGTA-1",1.58678831255995
"GCTTCCAGTTCAGCGC-1",0
"GCTTCCATCGTCCAGG-1",0
"GCTTGAAAGATGGCGT-1",0
"GCTTGAAAGCCGTCGT-1",1.95661467116005
"GCTTGAACAAACCTAC-1",2.75469498089748
"GCTTGAACACGGTGTC-1",0
"GCTTGAACATCGGAAG-1",1.40673748343183
"GCTTGAAGTGCGGTAA-1",0
"GCTTGAAGTTCTCATT-1",1.68630118274497
"GCTTGAATCAGGATCT-1",0
"GGAAAGCAGGCAGGTT-1",0
"GGAAAGCCAAACGCGA-1",0
"GGAAAGCCAAGTACCT-1",0
"GGAAAGCGTAAGCACG-1",0
"GGAAAGCGTCCTCCAT-1",0
"GGAAAGCGTCGCGTGT-1",0
"GGAAAGCGTGCTTCTC-1",1.40673748343183
"GGAAAGCTCCAGAGGA-1",1.78512374481266
"GGAACTTAGAGTAAGG-1",3.610397641731
"GGAACTTCAATGTAAG-1",0
"GGAACTTCACAGGAGT-1",0.742335663410549
"GGAACTTCACCTCGTT-1",0
"GGAACTTGTCTCTTTA-1",1.17314534053068
"GGAACTTTCATTGCCC-1",0
"GGAACTTTCATTTGGG-1",3.4034157302565
"GGAACTTTCCGTCATC-1",0
"GGAACTTTCCTCAACC-1",0
"GGAACTTTCGGATGTT-1",0
"GGAATAAAGGTACTCT-1",1.46428914671786
"GGAATAAAGTGTCCAT-1",3.30318421408057
"GGAATAACAGCGTCCA-1",4.11788579489196
"GGAATAAGTCTGGTCG-1",0
"GGAATAAGTGCAGGTA-1",0
"GGAATAATCAGCACAT-1",0
"GGAATAATCTTTACGT-1",1.64256384034015
"GGACAAGAGGTACTCT-1",2.2029337810686
"GGACAAGCAACGATGG-1",1.65340830422807
"GGACAAGCAGTCGTGC-1",1.63122916416941
"GGACAAGCATGGGACA-1",1.38614437986727
"GGACAAGGTATAAACG-1",0
"GGACAAGGTATGAAAC-1",0
"GGACAAGGTCGGCATC-1",0
"GGACAAGGTTATGCGT-1",0
"GGACAAGTCTAACGGT-1",4.16688949608015
"GGACAGAAGCTAGTCT-1",1.72880552249059
"GGACAGAAGTACTTGC-1",1.90326544635738
"GGACAGACAACACGCC-1",1.79468210501893
"GGACAGACACAAGCCC-1",0
"GGACAGAGTAAGTGGC-1",0
"GGACAGAGTCTTTCAT-1",0
"GGACAGAGTGAGGGAG-1",0
"GGACAGAGTTCCACAA-1",1.99899325293938
"GGACAGATCAACGCTA-1",1.09343917725102
"GGACATTAGAGGGCTT-1",1.69206070452363
"GGACATTAGCCACGTC-1",1.85851196975552
"GGACATTCAAACGCGA-1",3.33955890517736
"GGACATTCAATGACCT-1",1.97402936112055
"GGACATTCACCAGCAC-1",2.21374942574787
"GGACATTGTTCTGGTA-1",3.02794509889316
"GGACATTTCCTCTAGC-1",4.62286091613232
"GGACGTCAGTACTTGC-1",0
"GGACGTCAGTGGTAAT-1",0
"GGACGTCCACAGTCGC-1",0
"GGACGTCGTGAGGGAG-1",1.87328444292206
"GGACGTCGTGGCGAAT-1",0
"GGACGTCGTTACGGAG-1",3.91400772770181
"GGACGTCGTTTAAGCC-1",4.11788579489196
"GGACGTCTCCACTCCA-1",0
"GGACGTCTCGCAAACT-1",0
"GGACGTCTCTCCAGGG-1",2.02366296411885
"GGACGTCTCTCGAGTA-1",0
"GGACGTCTCTGGTGTA-1",0
"GGACGTCTCTTCGAGA-1",3.56330084155736
"GGAGCAAAGAACTCGG-1",0
"GGAGCAAAGACTGTAA-1",1.22101537185241
"GGAGCAAAGCCGCCTA-1",0
"GGAGCAAAGCTAAACA-1",1.63122916416941
"GGAGCAAAGTACGCCC-1",0
"GGAGCAACAAGCTGTT-1",3.50004326309741
"GGAGCAACAATGGACG-1",4.16688949608015
"GGAGCAACAATTCCTT-1",1.66616704959864
"GGAGCAACATGCTGGC-1",0
"GGAGCAAGTGAGTATA-1",1.40673748343183
"GGAGCAAGTTACTGAC-1",3.46999255092976
"GGAGCAATCAAGATCC-1",2.04445529368525
"GGAGCAATCCCATTTA-1",0
"GGATGTTCAAACTGTC-1",1.63122916416941
"GGATGTTTCATCACCC-1",3.97846054023424
"GGATGTTTCATGCATG-1",1.75799034376634
"GGATGTTTCCTACAGA-1",0
"GGATGTTTCCTCTAGC-1",1.62563259835408
"GGATTACAGATCCCAT-1",1.62760253772604
"GGATTACAGCTTCGCG-1",1.63122916416941
"GGATTACAGGCTAGCA-1",1.17314534053068
"GGATTACAGTATCTCG-1",1.33323532171794
"GGATTACCAAGCGTAG-1",1.17314534053068
"GGATTACCACATCCGG-1",0
"GGATTACCAGCGTAAG-1",0
"GGATTACGTAATAGCA-1",1.95661467116005
"GGATTACGTACACCGC-1",0
"GGATTACGTCTCTTTA-1",0
"GGATTACGTTGAGGTG-1",0
"GGATTACTCGCGCCAA-1",2.87323852517674
"GGATTACTCGGCGCAT-1",0
"GGATTACTCTGCCCTA-1",0
"GGCAATTCAATCGGTT-1",0
"GGCAATTCACGGCGTT-1",0
"GGCAATTCATCACCCT-1",3.56330084155736
"GGCAATTGTCGATTGT-1",0
"GGCAATTTCACTTACT-1",1.69025567164657
"GGCAATTTCAGCACAT-1",3.02794509889316
"GGCAATTTCTCCGGTT-1",1.26668548169973
"GGCCGATAGTGTCTCA-1",0
"GGCCGATCACGGACAA-1",0
"GGCCGATGTAGGACAC-1",0
"GGCCGATGTCACTGGC-1",0
"GGCCGATGTCCCTACT-1",1.27517113470008
"GGCCGATTCACCGTAA-1",0
"GGCCGATTCCGCGCAA-1",0
"GGCGACTAGAGCTGGT-1",0
"GGCGACTAGGACCACA-1",1.33323532171794
"GGCGACTAGGTTACCT-1",1.26431044092014
"GGCGACTCAAAGCGGT-1",0
"GGCGACTCAAGAGTCG-1",0
"GGCGACTCACCAGGTC-1",0
"GGCGACTCATTGTGCA-1",4.66898563009297
"GGCGACTTCAGAAATG-1",1.34110442770281
"GGCGACTTCAGAGACG-1",0
"GGCGACTTCCAGATCA-1",1.64256384034015
"GGCGACTTCTCTAGGA-1",0
"GGCGTGTAGCTAGCCC-1",0
"GGCGTGTAGGGTATCG-1",0
"GGCGTGTCAGGTCCAC-1",0
"GGCGTGTCAGTATAAG-1",2.2029337810686
"GGCGTGTCATCGTCGG-1",0
"GGCGTGTCATGGAATA-1",0
"GGCGTGTGTCTCCCTA-1",0
"GGCGTGTTCTTGAGGT-1",0
"GGCTCGAAGCCGTCGT-1",0
"GGCTCGAAGGTAAACT-1",0
"GGCTCGACAAGAAGAG-1",1.26431044092014
"GGCTCGACAATAGCAA-1",1.65683308016806
"GGCTCGACATGGTCAT-1",0
"GGCTCGAGTATATCCG-1",0
"GGCTCGAGTTACGTCA-1",0
"GGCTCGAGTTAGGGTG-1",0
"GGCTCGATCTGCAAGT-1",1.74188585581586
"GGCTGGTAGAAGAAGC-1",0
"GGCTGGTAGACCCACC-1",0
"GGCTGGTCAAGGACAC-1",1.54893374296269
"GGCTGGTCACTGCCAG-1",3.610397641731
"GGCTGGTCATTTCAGG-1",0
"GGCTGGTGTATTCTCT-1",1.54893374296269
"GGCTGGTGTCGCATCG-1",0
"GGCTGGTGTCTAGTGT-1",3.46999255092976
"GGCTGGTGTTATGCGT-1",1.85259490584447
"GGGAATGAGCGTTGCC-1",0
"GGGAATGAGTAGGTGC-1",0
"GGGAATGGTAAGGGAA-1",0
"GGGAATGTCAACGAAA-1",0
"GGGAATGTCCAGTATG-1",0
"GGGAATGTCCGGGTGT-1",0
"GGGACCTAGATGTAAC-1",3.91400772770181
"GGGACCTAGTCTTGCA-1",0
"GGGACCTCAATCAGAA-1",1.72047038548075
"GGGACCTCACTGAAGG-1",2.05236211254894
"GGGAGATAGTACGACG-1",0
"GGGAGATCAAAGTGCG-1",1.65340830422807
"GGGAGATCAAATCCGT-1",0
"GGGAGATCAAGGACTG-1",1.65340830422807
"GGGAGATCACGCGAAA-1",0
"GGGAGATGTAGCGCAA-1",0
"GGGAGATTCAACGGGA-1",0
"GGGAGATTCATCACCC-1",0
"GGGATGAAGTGACATA-1",4.11788579489196
"GGGATGACATCATCCC-1",3.02794509889316
"GGGATGAGTCACCCAG-1",0
"GGGATGAGTGGAAAGA-1",0
"GGGATGAGTTACGACT-1",1.87843203544026
"GGGATGAGTTGGTAAA-1",0
"GGGATGATCAGTTAGC-1",3.57854311628702
"GGGATGATCTATCCTA-1",0
"GGGATGATCTTTAGGG-1",0
"GGGCACTAGTCTCGGC-1",0
"GGGCACTCATCTCCCA-1",1.62563259835408
"GGGCACTTCACCTCGT-1",1.86678477415487
"GGGCACTTCTGAGGGA-1",0
"GGGCATCCAATGTAAG-1",3.47755512780038
"GGGCATCCAGTCTTCC-1",0
"GGGCATCGTGGCGAAT-1",0
"GGGCATCTCACAGTAC-1",1.26158247885672
"GGGCATCTCCCTTGTG-1",0
"GGGCATCTCCGGCACA-1",3.44714310058471
"GGGCATCTCTGTCCGT-1",1.75799034376634
"GGGCATCTCTTATCTG-1",0
"GGGTCTGAGAAGATTC-1",0
"GGGTCTGAGATCCCGC-1",2.05236211254894
"GGGTCTGAGCCAACAG-1",1.95089811949327
"GGGTCTGCACAGGCCT-1",0
"GGGTCTGCACCAGGTC-1",2.91172280550566
"GGGTCTGGTCTGGTCG-1",0
"GGGTCTGGTGATGATA-1",0
"GGGTCTGGTGTGACCC-1",0
"GGGTCTGTCAACTCTT-1",0
"GGGTCTGTCACTCCTG-1",0
"GGGTCTGTCCGTAGTA-1",0
"GGGTTGCAGACAGAGA-1",2.24558564902964
"GGGTTGCAGACCTTTG-1",0
"GGGTTGCAGATCGATA-1",1.69206070452363
"GGGTTGCAGGGTGTTG-1",1.15184771954717
"GGGTTGCAGGTGGGTT-1",0
"GGGTTGCCAATAACGA-1",1.97136480093404
"GGGTTGCCACGCCAGT-1",1.86678477415487
"GGGTTGCCATTAACCG-1",3.02794509889316
"GGGTTGCGTACATCCA-1",0
"GGGTTGCGTAGCGCAA-1",0
"GGGTTGCGTCCTCCAT-1",0
"GGGTTGCGTCGAGTTT-1",2.91172280550566
"GGGTTGCGTGAGTATA-1",0
"GGGTTGCGTGTGACCC-1",0
"GGGTTGCTCGTACCGG-1",2.75469498089748
"GGTATTGAGCACCGTC-1",2.65149611519828
"GGTATTGAGCTATGCT-1",0
"GGTATTGCACATCCAA-1",0
"GGTATTGCAGCTTCGG-1",0
"GGTATTGGTTCCGTCT-1",0
"GGTATTGTCAGAAATG-1",1.17314534053068
"GGTATTGTCCATTCTA-1",1.34110442770281
"GGTATTGTCGCCAGCA-1",3.56330084155736
"GGTGAAGAGACACGAC-1",2.18662845170472
"GGTGAAGAGATCCGAG-1",0
"GGTGAAGCAAGGTGTG-1",0
"GGTGAAGCACTCGACG-1",3.99332022108625
"GGTGAAGCAGTATGCT-1",1.42373106074152
"GGTGAAGGTATGAAAC-1",1.22101537185241
"GGTGAAGGTCAGAATA-1",1.90326544635738
"GGTGAAGGTGGTACAG-1",3.74058983456247
"GGTGAAGGTGTATGGG-1",1.18012819735336
"GGTGAAGGTGTCTGAT-1",0
"GGTGAAGGTGTGGTTT-1",1.66373482153261
"GGTGAAGGTGTGTGCC-1",1.82414682357231
"GGTGAAGTCACGATGT-1",0
"GGTGAAGTCACTCTTA-1",1.19421527587
"GGTGAAGTCTGGCGTG-1",0
"GGTGCGTAGGTGATTA-1",0
"GGTGCGTAGTACGATA-1",0
"GGTGCGTCACTTAAGC-1",0
"GGTGCGTCAGCTGTAT-1",0
"GGTGCGTGTTCGTTGA-1",0
"GGTGCGTTCCGTACAA-1",1.38614437986727
"GGTGCGTTCTTGACGA-1",0
"GGTGTTAAGGGCTCTC-1",0
"GGTGTTAAGTAGCGGT-1",0
"GGTGTTAAGTGGGATC-1",0
"GGTGTTAAGTTATCGC-1",1.34110442770281
"GGTGTTACAAATCCGT-1",0
"GGTGTTACACGGATAG-1",0
"GGTGTTAGTAATCACC-1",0
"GGTGTTAGTAGCAAAT-1",0
"GGTGTTAGTGTATGGG-1",1.934005246549
"GGTGTTAGTTGAACTC-1",0
"GGTGTTATCGGACAAG-1",2.05236211254894
"GGTGTTATCGGTGTTA-1",2.02366296411885
"GGTGTTATCTACTTAC-1",3.58502279097312
"GTAACGTAGGTGACCA-1",1.42373106074152
"GTAACGTCACAGGCCT-1",0
"GTAACGTGTACCATCA-1",0
"GTAACGTGTGAGTATA-1",1.6848688061171
"GTAACGTGTTACGGAG-1",0
"GTAACGTGTTAGGGTG-1",4.74965610614532
"GTAACGTTCGGTCCGA-1",2.00341976423649
"GTAACGTTCTCATTCA-1",1.90326544635738
"GTAACTGAGTGGGTTG-1",1.90326544635738
"GTAACTGCAATGGAAT-1",1.72047038548075
"GTAACTGCACAGGCCT-1",5.34842458637002
"GTAACTGCAGGATCGA-1",0
"GTAACTGCATCGGGTC-1",0
"GTAACTGGTATTACCG-1",0
"GTAACTGTCACGGTTA-1",2.65149611519828
"GTAACTGTCTACTATC-1",1.3649307493573
"GTACGTAAGGTGCTTT-1",0
"GTACGTACAGGAATGC-1",3.33955890517736
"GTACGTACATGGATGG-1",1.63122916416941
"GTACGTAGTGAGTGAC-1",0
"GTACGTAGTTGGTAAA-1",3.30318421408057
"GTACGTATCACCTCGT-1",0
"GTACGTATCATCGGAT-1",0
"GTACGTATCCACTGGG-1",0
"GTACTCCAGGCAGTCA-1",0
"GTACTCCCAATAGCGG-1",1.31005024831488
"GTACTCCCACAGGTTT-1",5.55905215209367
"GTACTCCTCACCTTAT-1",0
"GTACTCCTCATTGCCC-1",0
"GTACTCCTCCTTCAAT-1",3.33955890517736
"GTACTTTCAGTTAACC-1",1.78512374481266
"GTACTTTCATGTCGAT-1",1.22101537185241
"GTACTTTTCCGAAGAG-1",1.58678831255995
"GTAGGCCAGCAATCTC-1",0
"GTAGGCCCATTCGACA-1",0
"GTAGGCCGTAACGCGA-1",0
"GTAGGCCGTAAGGGCT-1",0
"GTAGGCCGTACGACCC-1",0
"GTAGGCCGTTCAGGCC-1",1.27517113470008
"GTAGGCCGTTGATTGC-1",1.26158247885672
"GTAGGCCTCAGCACAT-1",0
"GTAGTCAAGAATGTGT-1",0
"GTAGTCAAGATGCCTT-1",1.54893374296269
"GTAGTCAAGGACGAAA-1",1.72576302731971
"GTAGTCAAGTGAAGAG-1",3.33955890517736
"GTAGTCATCGTCACGG-1",2.75469498089748
"GTAGTCATCTGAAAGA-1",4.11788579489196
"GTATCTTAGAAACCAT-1",1.33261857251754
"GTATCTTAGGCTATCT-1",0
"GTATCTTAGTTGTCGT-1",1.33323532171794
"GTATCTTCACACCGCA-1",2.00341976423649
"GTATCTTCACGAAGCA-1",0
"GTATCTTGTTCGCTAA-1",0
"GTATCTTTCATGCTCC-1",1.85851196975552
"GTATCTTTCATGTAGC-1",0
"GTATTCTAGAAACCAT-1",0
"GTATTCTAGACAAAGG-1",1.75166176372084
"GTATTCTCAAAGTCAA-1",0
"GTATTCTCAACAACCT-1",0
"GTATTCTCAACTTGAC-1",3.30318421408057
"GTATTCTCAATAAGCA-1",0
"GTATTCTCAGGGTTAG-1",0
"GTATTCTCATACTACG-1",0
"GTATTCTCATGGTAGG-1",0
"GTATTCTGTAGTGAAT-1",2.22618587747542
"GTATTCTGTCTAGAGG-1",0
"GTCAAGTCATATGCTG-1",3.33955890517736
"GTCAAGTCATGGTTGT-1",0
"GTCAAGTGTCAGCTAT-1",0
"GTCAAGTGTTCCACTC-1",0
"GTCACAAAGCCGATTT-1",0
"GTCACAAAGTGGAGTC-1",1.38614437986727
"GTCACAACAGGTGGAT-1",1.09343917725102
"GTCACAAGTAAACGCG-1",3.63157117972451
"GTCACAATCAGGATCT-1",1.15184771954717
"GTCACAATCAGTTGAC-1",1.70593547338393
"GTCACAATCATGCATG-1",0
"GTCACGGAGATCACGG-1",0
"GTCACGGCATATACCG-1",1.3649307493573
"GTCACGGGTGAGTGAC-1",0
"GTCACGGGTGTGGCTC-1",0
"GTCACGGTCGAGAGCA-1",0
"GTCACGGTCTACCTGC-1",0
"GTCATTTAGAGACTAT-1",1.33323532171794
"GTCATTTCACGTGAGA-1",0
"GTCATTTGTAGAAGGA-1",0
"GTCATTTGTCAGATAA-1",1.95661467116005
"GTCATTTTCCAGAGGA-1",0
"GTCCTCAAGCCCAACC-1",1.99899325293938
"GTCCTCAAGTAGATGT-1",0
"GTCCTCAAGTGGGCTA-1",0
"GTCCTCACAATCACAC-1",0
"GTCCTCAGTGGAAAGA-1",0
"GTCCTCATCAAAGACA-1",0
"GTCCTCATCGTCCGTT-1",1.95661467116005
"GTCGGGTCACTGAAGG-1",0
"GTCGGGTCACTTCGAA-1",2.21374942574787
"GTCGGGTCATGAAGTA-1",0
"GTCGGGTGTCTCACCT-1",2.91172280550566
"GTCGGGTGTGTGACGA-1",0
"GTCGGGTGTGTGTGCC-1",0
"GTCGGGTGTTACGTCA-1",1.59082098285834
"GTCGGGTTCTGCTGTC-1",2.18662845170472
"GTCGGGTTCTGTGCAA-1",0
"GTCGTAAAGAGATGAG-1",0
"GTCGTAAAGCTGCAAG-1",3.610397641731
"GTCGTAAAGGCGACAT-1",0
"GTCGTAACATCACGAT-1",1.66373482153261
"GTCGTAAGTATCACCA-1",1.67527766992964
"GTCGTAATCCAAGTAC-1",0
"GTCTCGTAGACCACGA-1",0
"GTCTCGTCAGGAACGT-1",0
"GTCTCGTGTGGTAACG-1",0
"GTCTCGTGTTTGGCGC-1",0
"GTCTCGTTCACCGGGT-1",0
"GTCTCGTTCAGTGCAT-1",0
"GTCTTCGAGACAAGCC-1",0
"GTCTTCGAGGAATGGA-1",0
"GTCTTCGAGTCAAGCG-1",0
"GTCTTCGCACATGGGA-1",0
"GTCTTCGCACCAGGTC-1",1.75166176372084
"GTCTTCGCAGACGCAA-1",0
"GTCTTCGCATAACCTG-1",0
"GTCTTCGCATCGATGT-1",0
"GTCTTCGGTCTAGTGT-1",0
"GTCTTCGTCTCGATGA-1",0
"GTGAAGGAGAGCTGGT-1",0
"GTGAAGGAGATCGGGT-1",0
"GTGAAGGAGCCAGTTT-1",0
"GTGAAGGAGTGTTGAA-1",0
"GTGAAGGCAAAGGCGT-1",3.74058983456247
"GTGAAGGCACTTAAGC-1",1.22101537185241
"GTGAAGGCAGATTGCT-1",0
"GTGAAGGGTATATGGA-1",0
"GTGAAGGGTCTCTCTG-1",2.05236211254894
"GTGAAGGTCTCCTATA-1",0
"GTGCAGCAGACATAAC-1",0
"GTGCAGCAGTGGTCCC-1",0
"GTGCAGCCACATCTTT-1",1.3649307493573
"GTGCAGCGTGAGTATA-1",0
"GTGCAGCTCTTAGAGC-1",1.82414682357231
"GTGCATAAGGCATGGT-1",0
"GTGCATAGTTTGTTGG-1",0
"GTGCATATCAGAGCTT-1",0
"GTGCATATCATCATTC-1",0
"GTGCATATCTGCGTAA-1",0
"GTGCGGTAGCAATCTC-1",0
"GTGCGGTAGGACAGAA-1",1.72576302731971
"GTGCGGTCAAAGGTGC-1",0
"GTGCGGTGTTCAGACT-1",3.4034157302565
"GTGCGGTGTTCTGTTT-1",0
"GTGCGGTTCATCTGCC-1",0
"GTGCGGTTCCAGGGCT-1",0
"GTGCGGTTCGGATGGA-1",4.16688949608015
"GTGCGGTTCTCGTTTA-1",0
"GTGCGGTTCTGCTGTC-1",1.26668548169973
"GTGCTTCAGCCAGTTT-1",2.00341976423649
"GTGCTTCAGGATTCGG-1",2.87323852517674
"GTGCTTCAGTACACCT-1",1.95089811949327
"GTGCTTCCACTTAACG-1",0
"GTGCTTCCAGCTATTG-1",1.91501447476243
"GTGCTTCGTAGAGTGC-1",0
"GTGCTTCTCACAATGC-1",1.72880552249059
"GTGCTTCTCACTTCAT-1",1.18012819735336
"GTGGGTCAGACCGGAT-1",1.64054971358604
"GTGGGTCAGACTGTAA-1",0
"GTGGGTCAGCCGTCGT-1",0
"GTGGGTCCACCAACCG-1",0
"GTGGGTCCACCACCAG-1",3.33955890517736
"GTGTGCGAGACCGGAT-1",0
"GTGTGCGAGACTTGAA-1",0
"GTGTGCGCAGGTCGTC-1",1.95089811949327
"GTGTGCGGTGAGCGAT-1",0
"GTGTGCGTCAGTCAGT-1",0
"GTGTGCGTCCCTTGTG-1",0
"GTGTGCGTCTAACTTC-1",0
"GTGTTAGAGGACAGAA-1",0
"GTGTTAGAGGCATGGT-1",0
"GTGTTAGAGTGGAGAA-1",0
"GTGTTAGAGTTTGCGT-1",1.65340830422807
"GTGTTAGCAATGGAAT-1",0
"GTGTTAGCACCACCAG-1",0
"GTGTTAGGTGCCTGGT-1",0
"GTGTTAGGTGGAAAGA-1",0
"GTGTTAGGTTCCATGA-1",3.58502279097312
"GTGTTAGGTTGGGACA-1",1.91501447476243
"GTTAAGCAGAGCTGCA-1",0
"GTTAAGCAGATAGCAT-1",0
"GTTAAGCAGCTAACAA-1",0
"GTTAAGCAGGCTACGA-1",2.00341976423649
"GTTAAGCAGTGTACCT-1",0
"GTTAAGCAGTTTGCGT-1",3.02794509889316
"GTTAAGCCATTCACTT-1",0
"GTTAAGCGTACTCGCG-1",1.75799034376634
"GTTAAGCGTCTAGGTT-1",0
"GTTAAGCGTGGCAAAC-1",3.74058983456247
"GTTAAGCGTTGCTCCT-1",0
"GTTAAGCTCCTTTCGG-1",0
"GTTACAGAGAGCTATA-1",4.11788579489196
"GTTACAGAGTACGATA-1",0
"GTTACAGCAGACGCCT-1",1.90326544635738
"GTTACAGCATCGGTTA-1",1.26158247885672
"GTTACAGGTATGGTTC-1",0
"GTTACAGGTCGACTGC-1",0
"GTTACAGGTCTAGGTT-1",0
"GTTCATTAGCGATGAC-1",0
"GTTCATTCATATACGC-1",1.58678831255995
"GTTCATTCATTGGCGC-1",0
"GTTCATTGTGCACGAA-1",0
"GTTCATTGTGTTAAGA-1",2.11873968172633
"GTTCATTGTTCAGTAC-1",0
"GTTCGGGAGACGACGT-1",0
"GTTCGGGAGCTAAGAT-1",1.75166176372084
"GTTCGGGAGTGTCTCA-1",0
"GTTCGGGGTAGGGTAC-1",0
"GTTCGGGGTGCAGGTA-1",0
"GTTCGGGTCCACGCAG-1",3.35642272124521
"GTTCGGGTCTACTTAC-1",3.610397641731
"GTTCTCGAGACCACGA-1",1.62563259835408
"GTTCTCGAGCGATGAC-1",0
"GTTCTCGAGGCCATAG-1",0
"GTTCTCGCATCGGACC-1",0
"GTTCTCGGTAAGGGAA-1",1.87702456431488
"GTTCTCGGTAGCGTAG-1",1.74188585581586
"GTTCTCGGTCCGTGAC-1",0
"GTTCTCGGTGTTAAGA-1",0
"GTTCTCGTCAACGCTA-1",1.31005024831488
"GTTCTCGTCCTGTACC-1",0
"GTTTCTACAAACCTAC-1",2.65149611519828
"GTTTCTACAAGAAAGG-1",0
"GTTTCTAGTGTTGGGA-1",0
"GTTTCTATCCCAACGG-1",0
"GTTTCTATCCGTAGTA-1",1.26431044092014
"GTTTCTATCGGCATCG-1",0
"TAAACCGGTACTTAGC-1",1.59487838953934
"TAAACCGTCACTCTTA-1",0
"TAAACCGTCAGGCGAA-1",0
"TAAACCGTCCGTTGTC-1",1.64256384034015
"TAAACCGTCTTCCTTC-1",3.33955890517736
"TAAGAGACAAGTTGTC-1",0
"TAAGAGAGTATATCCG-1",0
"TAAGAGATCAATCACG-1",0
"TAAGAGATCTAACGGT-1",2.91172280550566
"TAAGAGATCTTTCCTC-1",0
"TAAGCGTAGTGGACGT-1",1.72047038548075
"TAAGCGTAGTGTCTCA-1",2.21374942574787
"TAAGCGTCAGCTTCGG-1",1.46428914671786
"TAAGCGTCAGGTGGAT-1",4.6187660817515
"TAAGCGTGTCCTGCTT-1",1.63122916416941
"TAAGCGTGTGCCTGGT-1",0
"TAAGCGTGTTGTTTGG-1",0
"TAAGCGTTCCTCATTA-1",0
"TAAGCGTTCGGCGCAT-1",0
"TAAGCGTTCTCGCATC-1",0
"TAAGTGCAGGCTAGGT-1",0
"TAAGTGCAGTAGCGGT-1",0
"TAAGTGCCAACGCACC-1",1.87328444292206
"TAAGTGCCATACAGCT-1",0
"TAAGTGCGTAAACACA-1",0
"TAAGTGCGTCTCACCT-1",0
"TAAGTGCGTTCAGACT-1",0
"TAAGTGCTCACCCTCA-1",3.50004326309741
"TAAGTGCTCACTGGGC-1",4.66898563009297
"TAAGTGCTCTGGCGTG-1",0
"TACACGACACCCATTC-1",3.610397641731
"TACACGAGTGATAAAC-1",2.11873968172633
"TACACGATCTGTCTCG-1",0
"TACAGTGAGATGCGAC-1",0
"TACAGTGAGCGTTGCC-1",1.63122916416941
"TACAGTGAGTGTACGG-1",0
"TACAGTGCAGGAATCG-1",0
"TACAGTGCAGGTGCCT-1",1.90326544635738
"TACAGTGGTACTCAAC-1",1.3649307493573
"TACAGTGGTTGGACCC-1",0
"TACCTATAGAGCTGGT-1",0
"TACCTATAGAGTTGGC-1",0
"TACCTATAGGCTCATT-1",0
"TACCTATAGTTAGCGG-1",2.02366296411885
"TACCTATCAAGCTGGA-1",3.58502279097312
"TACCTATGTAAATGAC-1",0
"TACCTATGTAGAGTGC-1",1.95089811949327
"TACCTATGTCACCTAA-1",0
"TACCTATGTGTTGAGG-1",0
"TACCTATGTTAAAGAC-1",1.62760253772604
"TACCTATTCTATGTGG-1",0
"TACCTATTCTTCCTTC-1",0
"TACCTTAAGAGGTTGC-1",1.87328444292206
"TACCTTAAGTCAAGCG-1",0
"TACCTTAAGTGGTCCC-1",1.72880552249059
"TACCTTACAACTGGCC-1",0
"TACCTTACAAGGGTCA-1",0
"TACCTTACACTCAGGC-1",3.99332022108625
"TACCTTACATCTACGA-1",1.70593547338393
"TACCTTAGTAGCGTCC-1",0
"TACCTTAGTCTCCACT-1",0
"TACGGATAGATGGCGT-1",3.02794509889316
"TACGGATAGGTACTCT-1",0
"TACGGATCAGGGATTG-1",1.87843203544026
"TACGGATCATCACCCT-1",2.02366296411885
"TACGGATGTCTAGCCG-1",1.25832641494449
"TACGGATTCGGTGTCG-1",2.05236211254894
"TACGGATTCTACTATC-1",1.87328444292206
"TACGGGCAGGATGCGT-1",0
"TACGGGCAGGGAACGG-1",3.63157117972451
"TACGGGCAGTATTGGA-1",0
"TACGGGCAGTCAAGCG-1",0
"TACGGGCCAAGAAGAG-1",2.24558564902964
"TACGGGCCACCAGATT-1",1.74188585581586
"TACGGGCCATCAGTAC-1",0
"TACGGGCGTAAGGGCT-1",3.10641955374156
"TACGGGCGTCTGATTG-1",1.6398796706598
"TACGGGCGTGATGTGG-1",4.16688949608015
"TACGGGCTCACCTTAT-1",0
"TACGGGCTCAGCTCTC-1",0
"TACGGGCTCCACGAAT-1",1.72047038548075
"TACGGGCTCCTATTCA-1",0
"TACGGGCTCGGTGTTA-1",0
"TACGGTAAGATATGGT-1",2.87323852517674
"TACGGTAAGCCGATTT-1",3.35642272124521
"TACGGTAAGTCATGCT-1",0
"TACGGTAAGTGCCATT-1",0
"TACGGTACACAGGCCT-1",0
"TACGGTACATTTCAGG-1",0
"TACGGTAGTATATCCG-1",2.91172280550566
"TACGGTAGTCACTTCC-1",1.64256384034015
"TACGGTAGTGCAGGTA-1",0
"TACGGTAGTGGGTATG-1",1.63122916416941
"TACGGTATCGCAGGCT-1",1.33323532171794
"TACGGTATCGGACAAG-1",0
"TACGGTATCGTTTATC-1",0
"TACTCATAGTCACGCC-1",0
"TACTCATCAATCTACG-1",0
"TACTCATCACGGTAGA-1",3.63157117972451
"TACTCATCACTTCTGC-1",4.74965610614532
"TACTCATCATCCGTGG-1",3.58502279097312
"TACTCATCATGTCGAT-1",0
"TACTCATGTACAGCAG-1",0
"TACTCATGTCTTCAAG-1",0
"TACTCATTCCTTTCTC-1",0
"TACTCGCAGGCGACAT-1",0.742335663410549
"TACTCGCGTCAGAAGC-1",0
"TACTCGCGTCTGATTG-1",1.40673748343183
"TACTCGCGTGTAACGG-1",0
"TACTCGCGTTGAGTTC-1",0
"TACTCGCTCAACGGGA-1",1.22101537185241
"TACTCGCTCCGAATGT-1",1.68630118274497
"TACTTACAGACTAGGC-1",0
"TACTTACAGCTGAACG-1",0
"TACTTACAGTACACCT-1",0
"TACTTACAGTACGCCC-1",1.26668548169973
"TACTTACAGTGATCGG-1",1.91058675785902
"TACTTACCAAGCCGTC-1",2.87323852517674
"TACTTACCACAGGTTT-1",1.3649307493573
"TACTTACTCGCGTTTC-1",0
"TACTTGTAGCGATATA-1",2.75469498089748
"TACTTGTAGTAATCCC-1",0
"TACTTGTCAAACAACA-1",0
"TACTTGTCATGCAACT-1",2.00341976423649
"TACTTGTGTAGCACGA-1",0
"TACTTGTGTATAAACG-1",0
"TACTTGTGTTCCACAA-1",1.25832641494449
"TACTTGTTCTGCAGTA-1",1.31005024831488
"TAGACCAAGAGACGAA-1",3.33955890517736
"TAGACCAAGCCTCGTG-1",0
"TAGACCAAGTCGATAA-1",1.18012819735336
"TAGACCACAACACCCG-1",0
"TAGACCAGTAGATTAG-1",0
"TAGACCAGTTCATGGT-1",0
"TAGACCATCACTTCAT-1",0
"TAGACCATCGTCACGG-1",1.26668548169973
"TAGACCATCTCCAGGG-1",0
"TAGAGCTAGAATTCCC-1",0
"TAGAGCTAGTATTGGA-1",1.79468210501893
"TAGAGCTCACTGAAGG-1",0
"TAGAGCTGTACTTGAC-1",1.54893374296269
"TAGAGCTGTCTAAAGA-1",0
"TAGCCGGAGACTGGGT-1",1.67527766992964
"TAGCCGGAGTCCCACG-1",0
"TAGCCGGAGTGACATA-1",3.02794509889316
"TAGCCGGCAGCAGTTT-1",1.91058675785902
"TAGCCGGGTACAGTGG-1",1.3649307493573
"TAGCCGGGTACCATCA-1",2.18662845170472
"TAGCCGGGTCGCGAAA-1",0
"TAGCCGGTCACGACTA-1",1.91501447476243
"TAGGCATAGAACTGTA-1",1.95661467116005
"TAGGCATAGCTAGGCA-1",4.16688949608015
"TAGGCATAGTCGTACT-1",0
"TAGGCATAGTTTAGGA-1",0
"TAGGCATCAAGCCTAT-1",0
"TAGGCATCAGACGCAA-1",0
"TAGGCATGTACGAAAT-1",0
"TAGGCATGTCCAGTTA-1",1.85259490584447
"TAGGCATGTTCCACTC-1",0
"TAGGCATTCCCTAACC-1",0
"TAGGCATTCGCTAGCG-1",0
"TAGGCATTCGTAGATC-1",1.90326544635738
"TAGGCATTCTTCATGT-1",2.2029337810686
"TAGTGGTAGATCACGG-1",0
"TAGTGGTAGCTGTTCA-1",0
"TAGTGGTCAGTATAAG-1",4.16688949608015
"TAGTGGTGTAGCGTAG-1",0
"TAGTGGTTCAGCATGT-1",0
"TAGTGGTTCGGCGCAT-1",0
"TAGTGGTTCTCAAGTG-1",0
"TAGTGGTTCTGGGCCA-1",0
"TAGTGGTTCTTTAGTC-1",0
"TAGTTGGAGATAGGAG-1",0
"TAGTTGGCAGACGCAA-1",1.90326544635738
"TAGTTGGCATGCGCAC-1",0
"TAGTTGGGTATGGTTC-1",1.42373106074152
"TAGTTGGTCCGAATGT-1",1.74188585581586
"TAGTTGGTCTACTCAT-1",1.63122916416941
"TAGTTGGTCTCTAAGG-1",3.57854311628702
"TAGTTGGTCTGATACG-1",0
"TATCAGGAGAGTAAGG-1",0
"TATCAGGAGATCCGAG-1",0
"TATCAGGAGCAGATCG-1",1.55010236289611
"TATCAGGAGGTGCTTT-1",2.00341976423649
"TATCAGGCAACTTGAC-1",1.40487829275209
"TATCAGGCACGTTGGC-1",3.10641955374156
"TATCAGGGTCCGTTAA-1",0
"TATCAGGGTCTGCAAT-1",0
"TATCAGGGTTAAAGAC-1",0
"TATCAGGTCAAGATCC-1",0
"TATCAGGTCCACTCCA-1",1.26158247885672
"TATCAGGTCGTAGGTT-1",0
"TATCTCAAGAGTTGGC-1",0
"TATCTCAAGCCACCTG-1",0
"TATCTCAAGCGTAATA-1",0
"TATCTCAAGGCTAGCA-1",0
"TATCTCAAGTGGGCTA-1",0
"TATCTCACATGTCCTC-1",0
"TATCTCAGTAACGACG-1",0
"TATCTCAGTACCTACA-1",0
"TATCTCAGTACGACCC-1",1.40673748343183
"TATCTCAGTCAATGTC-1",4.6187660817515
"TATCTCATCAAGCCTA-1",0
"TATGCCCAGAAACCGC-1",2.87323852517674
"TATGCCCAGGTAGCTG-1",0
"TATGCCCCAATGGAAT-1",0
"TATGCCCCACTTAACG-1",0
"TATGCCCCATGTTCCC-1",0
"TATGCCCGTAGCCTCG-1",0
"TATGCCCGTATAGGGC-1",0
"TATGCCCGTATGAAAC-1",0
"TATGCCCGTCGCCATG-1",0
"TATGCCCGTGCCTTGG-1",2.02366296411885
"TATGCCCGTTAAGATG-1",1.75166176372084
"TATGCCCGTTGGTGGA-1",0
"TATGCCCGTTTAGGAA-1",0
"TATTACCAGAGAGCTC-1",1.67527766992964
"TATTACCAGCAAATCA-1",1.38614437986727
"TATTACCAGCCCGAAA-1",0
"TATTACCAGTATCTCG-1",2.11873968172633
"TATTACCCAAAGTGCG-1",1.87328444292206
"TATTACCCAGACAAGC-1",1.97402936112055
"TATTACCCAGTCAGCC-1",0
"TATTACCCATAAAGGT-1",1.63122916416941
"TATTACCCATCTACGA-1",0
"TATTACCGTCCAGTAT-1",2.75469498089748
"TCAACGAAGCCGATTT-1",3.50004326309741
"TCAACGAAGCGATGAC-1",3.44714310058471
"TCAACGAAGGCATGTG-1",0
"TCAACGAAGTAGTGCG-1",1.42373106074152
"TCAACGACACCAGGCT-1",0
"TCAACGACATGCCTTC-1",0
"TCAACGAGTTACCAGT-1",0
"TCAACGAGTTCCATGA-1",0
"TCAACGAGTTCTGGTA-1",0
"TCAACGATCAGTCCCT-1",0
"TCAACGATCTGTGCAA-1",0
"TCAATCTAGATCCCGC-1",0
"TCAATCTCACAAGCCC-1",2.00341976423649
"TCAATCTCACAGCCCA-1",0
"TCAATCTCATGACGGA-1",0
"TCAATCTCATTTGCTT-1",0
"TCAATCTGTAGTGAAT-1",0
"TCAATCTGTTAGATGA-1",1.67527766992964
"TCAATCTTCAGATAAG-1",0
"TCAATCTTCATGTCCC-1",0
"TCACAAGAGACTGGGT-1",1.38614437986727
"TCACAAGAGAGAGCTC-1",1.51565409822438
"TCACAAGAGGCCCTCA-1",0
"TCACAAGAGGTGGGTT-1",1.09343917725102
"TCACAAGAGTAGATGT-1",0
"TCACAAGCAGTATGCT-1",1.31005024831488
"TCACAAGCATAACCTG-1",0
"TCACAAGCATGACATC-1",2.87323852517674
"TCACAAGGTCAGATAA-1",0
"TCACAAGGTGTGGTTT-1",0
"TCACAAGTCATCATTC-1",0
"TCACAAGTCATGCATG-1",2.02366296411885
"TCACGAAAGCTCCTTC-1",0
"TCACGAAAGGTGCTTT-1",0
"TCACGAAAGTCTCGGC-1",0
"TCACGAACACAAGACG-1",1.33261857251754
"TCACGAACACTGTCGG-1",1.82414682357231
"TCACGAAGTGGTCCGT-1",1.79468210501893
"TCACGAAGTTGGTGGA-1",0
"TCACGAATCATGCAAC-1",1.75166176372084
"TCACGAATCCCGACTT-1",0
"TCACGAATCCTCGCAT-1",0
"TCACGAATCGTCACGG-1",0
"TCAGATGAGGTGCACA-1",0
"TCAGATGGTCTTGTCC-1",2.64266882083241
"TCAGATGGTGCCTGCA-1",0
"TCAGATGGTGCTGTAT-1",1.6827258250093
"TCAGATGTCAGTTTGG-1",0
"TCAGATGTCGCATGAT-1",0
"TCAGATGTCTCCTATA-1",0.742335663410549
"TCAGCAAAGGAGTCTG-1",0
"TCAGCAAAGGCTCATT-1",1.27517113470008
"TCAGCAAAGTACGACG-1",2.00341976423649
"TCAGCAAAGTGGCACA-1",0
"TCAGCAACACGCATCG-1",1.69206070452363
"TCAGCAAGTACCGGCT-1",0
"TCAGCAATCAGCGATT-1",1.59487838953934
"TCAGCAATCGGAAACG-1",0
"TCAGCAATCTTCAACT-1",1.72047038548075
"TCAGCTCAGGTGTTAA-1",0
"TCAGCTCAGTATGACA-1",0
"TCAGCTCCAATCTGCA-1",0
"TCAGCTCCACGGTTTA-1",0
"TCAGCTCGTAATAGCA-1",2.02366296411885
"TCAGCTCGTCCGTCAG-1",0
"TCAGCTCGTTCACGGC-1",1.75799034376634
"TCAGCTCTCACGATGT-1",1.38614437986727
"TCAGCTCTCATGCATG-1",3.35642272124521
"TCAGCTCTCCTAAGTG-1",4.55771618851143
"TCAGCTCTCTCGTATT-1",0
"TCAGGATAGACAGAGA-1",0
"TCAGGATAGATATGGT-1",4.74965610614532
"TCAGGATCAAACGTGG-1",0
"TCAGGATCAAGTTCTG-1",0
"TCAGGATCACGGTGTC-1",0
"TCAGGATCACTGTGTA-1",0
"TCAGGATCAGCATACT-1",4.88997252664052
"TCAGGATCATCTGGTA-1",1.36775958647518
"TCAGGATGTAAGCACG-1",1.62760253772604
"TCAGGATGTGGCCCTA-1",1.70593547338393
"TCAGGATTCCGATATG-1",0
"TCAGGATTCTCGATGA-1",1.25832641494449
"TCAGGTAAGATGGCGT-1",0
"TCAGGTAAGTGTTTGC-1",0
"TCAGGTACACAAGTAA-1",1.26158247885672
"TCAGGTACACAGAGGT-1",0
"TCAGGTACAGCTGCTG-1",1.90326544635738
"TCAGGTAGTAAACGCG-1",0
"TCATTACAGAAACCAT-1",0
"TCATTACAGGAGTTGC-1",0
"TCATTACAGTTGCAGG-1",1.75799034376634
"TCATTACCACATCCAA-1",0
"TCATTACCAGTCAGCC-1",0
"TCATTACGTACGCACC-1",0
"TCATTACGTCTAGAGG-1",1.69206070452363
"TCATTACGTGAAGGCT-1",0
"TCATTACGTTCTGTTT-1",0
"TCATTACTCATCGATG-1",1.85851196975552
"TCATTTGAGCCAGTTT-1",1.70593547338393
"TCATTTGCACGTCTCT-1",1.60815913988132
"TCATTTGCAGTTAACC-1",1.75166176372084
"TCATTTGTCCAGAGGA-1",0
"TCATTTGTCCCTTGCA-1",1.90326544635738
"TCATTTGTCCGTCAAA-1",1.55010236289611
"TCATTTGTCGCTAGCG-1",1.72047038548075
"TCATTTGTCGTACGGC-1",0
"TCATTTGTCTCTGCTG-1",1.75166176372084
"TCCACACCAAAGAATC-1",1.85851196975552
"TCCACACCACGCCAGT-1",0
"TCCACACGTACAGCAG-1",0
"TCCACACGTAGCCTAT-1",1.42373106074152
"TCCACACGTCATCGGC-1",0
"TCCACACGTGACCAAG-1",1.70593547338393
"TCCACACGTGCGAAAC-1",1.75166176372084
"TCCACACTCAACACCA-1",0
"TCCACACTCCAGTATG-1",0
"TCCACACTCCCATTTA-1",2.21374942574787
"TCCACACTCGAACTGT-1",0
"TCCCGATAGAAGAAGC-1",0
"TCCCGATAGCACAGGT-1",0
"TCCCGATAGCCGGTAA-1",0
"TCCCGATCAAGGTTCT-1",1.59487838953934
"TCCCGATCAGCCAATT-1",3.74058983456247
"TCCCGATCATCCAACA-1",1.33261857251754
"TCCCGATGTAAGGATT-1",0
"TCCCGATGTCAATACC-1",1.85851196975552
"TCCCGATTCAGAAATG-1",1.63122916416941
"TCCCGATTCAGTCCCT-1",0
"TCCCGATTCATCTGTT-1",0
"TCCCGATTCCCTAATT-1",1.58678831255995
"TCCCGATTCTGGAGCC-1",1.95089811949327
"TCGAGGCAGCGATGAC-1",1.55010236289611
"TCGAGGCAGTGTTTGC-1",1.54893374296269
"TCGAGGCCAAAGAATC-1",0
"TCGAGGCCAAGTTCTG-1",1.85851196975552
"TCGAGGCCAGTAACGG-1",1.70593547338393
"TCGAGGCGTATATCCG-1",1.22101537185241
"TCGAGGCTCGCAAGCC-1",0
"TCGAGGCTCTTGAGAC-1",0
"TCGAGGCTCTTTCCTC-1",0
"TCGCGAGAGACAAAGG-1",0
"TCGCGAGAGTGAATTG-1",0
"TCGCGAGCAAGCGTAG-1",1.75166176372084
"TCGCGAGCACCGAATT-1",0
"TCGCGAGCAGTAAGAT-1",1.63122916416941
"TCGCGAGTCCACGAAT-1",1.58678831255995
"TCGCGAGTCTAGCACA-1",2.75469498089748
"TCGCGAGTCTCTAGGA-1",0
"TCGCGAGTCTTCATGT-1",1.75799034376634
"TCGCGTTAGTGGGCTA-1",0
"TCGCGTTCACAGGCCT-1",1.97136480093404
"TCGCGTTCATCACAAC-1",0
"TCGCGTTCATCTCGCT-1",2.11873968172633
"TCGCGTTGTTCACCTC-1",1.54893374296269
"TCGCGTTTCAAGATCC-1",0
"TCGCGTTTCAGGTAAA-1",0
"TCGCGTTTCATTCACT-1",1.64323655240376
"TCGCGTTTCCTGTACC-1",0
"TCGCGTTTCGCCCTTA-1",0
"TCGGGACCACACATGT-1",1.95557205996705
"TCGGGACTCCTTGCCA-1",0
"TCGGGACTCTGCGGCA-1",3.35642272124521
"TCGGGACTCTTGTCAT-1",0
"TCGGTAAAGACAGGCT-1",0
"TCGGTAAAGCTCAACT-1",0
"TCGGTAACAAGCTGAG-1",0
"TCGGTAACAGGAATGC-1",0
"TCGGTAAGTATATGGA-1",0
"TCGGTAAGTCTAGTCA-1",3.74058983456247
"TCGGTAATCCCGGATG-1",1.38614437986727
"TCGTACCAGCAGGCTA-1",0
"TCGTACCAGTTTCCTT-1",1.87843203544026
"TCGTACCGTTTGCATG-1",3.46999255092976
"TCGTACCTCGGGAGTA-1",0
"TCGTAGAAGCTAACTC-1",1.26158247885672
"TCGTAGAAGGCGACAT-1",2.87323852517674
"TCGTAGAAGGGAACGG-1",0
"TCGTAGAAGTCCATAC-1",0
"TCGTAGACAATCCAAC-1",2.24558564902964
"TCGTAGACACTCAGGC-1",1.72880552249059
"TCGTAGAGTATGAATG-1",0
"TCGTAGAGTGAGCGAT-1",3.91400772770181
"TCGTAGAGTGTGTGCC-1",0
"TCGTAGAGTTCAACCA-1",0
"TCGTAGAGTTCCATGA-1",2.05236211254894
"TCGTAGATCCAAGCCG-1",0
"TCGTAGATCTTAGCCC-1",0
"TCTATTGAGCGATTCT-1",0
"TCTATTGAGTGCCATT-1",0
"TCTATTGCACATCTTT-1",0
"TCTATTGGTAAGTGTA-1",3.4034157302565
"TCTATTGGTCCAACTA-1",0
"TCTATTGGTCTGCCAG-1",0
"TCTATTGGTTGCTCCT-1",0
"TCTATTGTCGGCGCTA-1",1.09343917725102
"TCTCATAAGCTAAACA-1",1.72576302731971
"TCTCATAAGCTAGTCT-1",1.64054971358604
"TCTCATAAGTGCCATT-1",0
"TCTCATAGTACCGGCT-1",0
"TCTCATAGTGTAAGTA-1",0
"TCTCATATCAAGCCTA-1",0
"TCTCATATCACCTTAT-1",0
"TCTCATATCCTGTACC-1",0
"TCTCTAAAGACCGGAT-1",0
"TCTCTAAAGGGTGTTG-1",1.22101537185241
"TCTCTAACAGCCTATA-1",0
"TCTCTAAGTCCAGTAT-1",0
"TCTCTAAGTCCATGAT-1",0
"TCTCTAAGTCTCATCC-1",0
"TCTCTAAGTGGAAAGA-1",0
"TCTCTAATCAAACCAC-1",1.90326544635738
"TCTCTAATCACAGGCC-1",1.75799034376634
"TCTCTAATCACATACG-1",0
"TCTCTAATCCGTAGGC-1",0
"TCTCTAATCGTATCAG-1",0
"TCTGAGACAAACCTAC-1",0
"TCTGAGACAGAGTGTG-1",0
"TCTGAGAGTAAGGGAA-1",0
"TCTGAGATCCTTGACC-1",0
"TCTGAGATCTATCCTA-1",1.95661467116005
"TCTGGAAAGCGATGAC-1",1.22101537185241
"TCTGGAAAGCTCTCGG-1",0
"TCTGGAAAGGAGCGAG-1",1.95661467116005
"TCTGGAACACAAGACG-1",0
"TCTGGAACACACTGCG-1",0
"TCTGGAACACTTCTGC-1",1.17314534053068
"TCTGGAAGTGAGTATA-1",0
"TCTTCGGAGGTTCCTA-1",0
"TCTTCGGAGTTCGATC-1",0
"TCTTCGGCAAAGCAAT-1",0
"TCTTCGGCAAAGGTGC-1",2.64266882083241
"TCTTCGGCAATAGCAA-1",0
"TCTTCGGCAATGTAAG-1",4.55771618851143
"TCTTCGGCACACCGAC-1",0
"TCTTCGGCAGCCAATT-1",0
"TCTTCGGGTCATTAGC-1",0
"TCTTCGGTCGTAGGTT-1",0
"TCTTCGGTCTCTAAGG-1",4.11788579489196
"TCTTTCCAGAGAGCTC-1",0
"TCTTTCCAGTCATCCA-1",1.75166176372084
"TCTTTCCCATCTCCCA-1",0
"TCTTTCCGTAATCACC-1",0
"TCTTTCCGTAGTACCT-1",3.56330084155736
"TCTTTCCTCACAACGT-1",0
"TCTTTCCTCAGCTGGC-1",1.86678477415487
"TCTTTCCTCCAAGTAC-1",0
"TCTTTCCTCCTCGCAT-1",3.02794509889316
"TGAAAGAAGCTAAGAT-1",0
"TGAAAGACAAGCCGTC-1",3.56330084155736
"TGAAAGACACATTCGA-1",0
"TGAAAGACATGAGCGA-1",0
"TGAAAGAGTCTAGCGC-1",1.38614437986727
"TGAAAGAGTCTCATCC-1",1.26431044092014
"TGAAAGATCCCGACTT-1",2.21374942574787
"TGAAAGATCTATGTGG-1",0
"TGACAACCAAGCGAGT-1",3.99332022108625
"TGACAACGTAGGGACT-1",1.42373106074152
"TGACAACGTGCGCTTG-1",1.69025567164657
"TGACAACGTGGTTTCA-1",2.11873968172633
"TGACAACTCACAAACC-1",1.97402936112055
"TGACAACTCCACGTGG-1",1.95089811949327
"TGACAACTCGAATGCT-1",0
"TGACGGCAGCGCCTCA-1",1.54893374296269
"TGACGGCAGGCTCAGA-1",1.65340830422807
"TGACGGCAGTCAAGCG-1",2.21374942574787
"TGACGGCCACAGACTT-1",0
"TGACGGCGTCATCCCT-1",0
"TGACGGCTCAGGCGAA-1",3.58502279097312
"TGACGGCTCCACTGGG-1",1.99899325293938
"TGACTAGAGACCCACC-1",0
"TGACTAGAGGGCATGT-1",0
"TGACTAGAGTCTCAAC-1",0
"TGACTAGAGTTGAGAT-1",2.24558564902964
"TGACTAGCAGCATACT-1",0
"TGACTAGCAGTCAGAG-1",0
"TGACTAGCATTTCACT-1",0
"TGACTAGGTAAATACG-1",0
"TGACTAGGTGAAAGAG-1",1.70593547338393
"TGACTAGGTGCAGTAG-1",1.6398796706598
"TGACTAGTCATGCATG-1",0
"TGACTAGTCCATGCTC-1",1.686659743766
"TGACTAGTCTGTTGAG-1",0
"TGACTTTAGAACAATC-1",0
"TGACTTTAGTCTCGGC-1",0
"TGACTTTAGTTAGGTA-1",0
"TGACTTTCAGTCCTTC-1",0
"TGACTTTCATTATCTC-1",1.65340830422807
"TGACTTTGTCACACGC-1",0
"TGACTTTTCCTCAATT-1",0
"TGACTTTTCTGCCCTA-1",1.79468210501893
"TGAGAGGAGGCTCATT-1",0
"TGAGAGGCAAAGTCAA-1",0
"TGAGAGGCAAGCCATT-1",0
"TGAGAGGCACCATGTA-1",0
"TGAGAGGGTCACTGGC-1",0
"TGAGAGGGTCTAAACC-1",1.85851196975552
"TGAGAGGTCGAACTGT-1",3.44246110151902
"TGAGAGGTCGCGTTTC-1",0
"TGAGAGGTCTGACCTC-1",1.26158247885672
"TGAGCATAGAAACGAG-1",1.72880552249059
"TGAGCATAGAAGCCCA-1",0
"TGAGCATAGATGTCGG-1",0
"TGAGCATAGGAATGGA-1",3.4034157302565
"TGAGCATCACCAGGCT-1",1.26431044092014
"TGAGCATCAGATGAGC-1",1.19421527587
"TGAGCATCAGCGTAAG-1",1.97402936112055
"TGAGCATCAGCTGTAT-1",0
"TGAGCATGTGGCCCTA-1",1.58678831255995
"TGAGCATTCCACGTTC-1",0
"TGAGCATTCCGATATG-1",0
"TGAGCATTCGGCCGAT-1",0
"TGAGCCGCATCGGGTC-1",0
"TGAGCCGGTCGAACAG-1",3.35642272124521
"TGAGCCGGTGTAATGA-1",1.72576302731971
"TGAGCCGGTTGATTCG-1",1.70593547338393
"TGAGCCGTCATCTGCC-1",3.99332022108625
"TGAGCCGTCGTCACGG-1",0
"TGAGCCGTCTTGAGGT-1",1.33261857251754
"TGAGGGAAGAGACTAT-1",1.69206070452363
"TGAGGGAAGGAGTACC-1",2.91716647492539
"TGAGGGAAGTCATCCA-1",1.75799034376634
"TGAGGGAAGTCATGCT-1",1.46428914671786
"TGAGGGACACCAGTTA-1",2.00341976423649
"TGAGGGACATAAGACA-1",0
"TGAGGGAGTAAACGCG-1",1.15184771954717
"TGAGGGAGTTAGGGTG-1",0
"TGAGGGATCAACGGGA-1",0
"TGAGGGATCTAGCACA-1",2.24558564902964
"TGAGGGATCTCTTATG-1",0
"TGATTTCCATCCGGGT-1",1.64054971358604
"TGATTTCGTAGGCATG-1",0
"TGATTTCGTTAAGACA-1",0
"TGATTTCTCTGATTCT-1",0
"TGCACCTAGACCTTTG-1",0
"TGCACCTAGGACGAAA-1",2.11873968172633
"TGCACCTCAAGTTGTC-1",0.742335663410549
"TGCACCTCAATAGAGT-1",1.62563259835408
"TGCACCTCATCCGGGT-1",1.64323655240376
"TGCACCTGTAATCACC-1",0
"TGCACCTGTCACACGC-1",1.54893374296269
"TGCACCTTCACGGTTA-1",0
"TGCACCTTCATCGGAT-1",0
"TGCACCTTCCGCGGTA-1",1.75799034376634
"TGCACCTTCGAACTGT-1",0
"TGCACCTTCTCTTGAT-1",0
"TGCCAAACAATGTAAG-1",0
"TGCCAAACAATTCCTT-1",2.87323852517674
"TGCCAAAGTTCGCGAC-1",0.742335663410549
"TGCCAAATCCAAACTG-1",0
"TGCCAAATCCCTGACT-1",0
"TGCCAAATCGGCGGTT-1",0
"TGCCCATAGACTAGGC-1",0
"TGCCCATAGCGTCAAG-1",0
"TGCCCATAGCGTGAAC-1",3.02794509889316
"TGCCCATAGCTGTTCA-1",0
"TGCCCATAGGATGGAA-1",0
"TGCCCATAGTACGCCC-1",0
"TGCCCATAGTTGAGTA-1",1.91501447476243
"TGCCCATCACCAGGTC-1",1.34110442770281
"TGCCCATCACGAAATA-1",0
"TGCCCATCAGGACGTA-1",0
"TGCCCATCATGGAATA-1",3.610397641731
"TGCCCATCATGGATGG-1",0
"TGCCCATGTAGCCTCG-1",0
"TGCCCATTCAAACCGT-1",0
"TGCCCATTCAGGCCCA-1",0
"TGCCCATTCCTTCAAT-1",0
"TGCCCATTCGGAAATA-1",1.68630118274497
"TGCCCTAAGGTCGGAT-1",2.11873968172633
"TGCCCTAAGGTTCCTA-1",0
"TGCCCTACACCACCAG-1",0
"TGCCCTACAGCCACCA-1",0
"TGCCCTACAGTGAGTG-1",2.18662845170472
"TGCCCTAGTCCGAGTC-1",0
"TGCCCTAGTGGTTTCA-1",1.95089811949327
"TGCCCTAGTTTCGCTC-1",0
"TGCCCTATCGACGGAA-1",1.3649307493573
"TGCCCTATCTTCGGTC-1",1.72047038548075
"TGCGCAGAGACTAGGC-1",1.6398796706598
"TGCGCAGAGCACACAG-1",1.72576302731971
"TGCGCAGAGCGTCTAT-1",0
"TGCGCAGAGGAGCGAG-1",0
"TGCGCAGCAAACGTGG-1",0
"TGCGCAGCAGCTCGCA-1",1.69206070452363
"TGCGCAGCAGTAGAGC-1",1.85851196975552
"TGCGCAGTCCTACAGA-1",0
"TGCGGGTAGAGACTTA-1",1.22101537185241
"TGCGGGTAGATCGATA-1",0
"TGCGGGTAGCTCTCGG-1",0
"TGCGGGTAGGTGTGGT-1",0
"TGCGGGTAGTACTTGC-1",0
"TGCGGGTCAATGGAAT-1",0
"TGCGGGTCACACGCTG-1",0
"TGCGGGTCATTGGGCC-1",2.18662845170472
"TGCGGGTGTAGAAAGG-1",0
"TGCGGGTGTCACCTAA-1",4.16688949608015
"TGCGGGTGTCAGATAA-1",0
"TGCGGGTGTTAGAACA-1",0
"TGCGGGTTCAGTTCGA-1",0
"TGCGGGTTCGTAGATC-1",0
"TGCGGGTTCTCTTGAT-1",0
"TGCGTGGAGACGCAAC-1",0
"TGCGTGGAGACTGGGT-1",0
"TGCGTGGCAATTCCTT-1",1.46428914671786
"TGCGTGGGTGCACCAC-1",0
"TGCGTGGTCCGCGCAA-1",0
"TGCGTGGTCGCCCTTA-1",3.30318421408057
"TGCGTGGTCTGGCGAC-1",3.07123984018489
"TGCTACCAGAAAGTGG-1",4.6187660817515
"TGCTACCAGATGGCGT-1",1.58678831255995
"TGCTACCAGCAAATCA-1",0
"TGCTACCAGTCCGTAT-1",2.02366296411885
"TGCTACCCAAGAGGCT-1",3.99332022108625
"TGCTACCCACTTAACG-1",3.33955890517736
"TGCTACCCATCGTCGG-1",0
"TGCTACCCATGGTTGT-1",2.00341976423649
"TGCTACCGTGTGACGA-1",1.09343917725102
"TGCTACCTCCTCGCAT-1",1.38614437986727
"TGCTACCTCTTCTGGC-1",0
"TGCTGCTAGACTAAGT-1",0
"TGCTGCTAGGTGATAT-1",0
"TGCTGCTCAATAGAGT-1",2.65149611519828
"TGCTGCTCACAGACAG-1",0
"TGCTGCTCATCCCATC-1",1.75799034376634
"TGCTGCTCATGGTTGT-1",1.15184771954717
"TGCTGCTGTCATACTG-1",0
"TGCTGCTGTGAAGGCT-1",1.86678477415487
"TGCTGCTTCATTGCGA-1",0
"TGGACGCAGAGGTACC-1",1.34110442770281
"TGGACGCAGTCAAGGC-1",2.18662845170472
"TGGACGCCACAGAGGT-1",1.82414682357231
"TGGACGCCATGGTAGG-1",0
"TGGACGCGTCCGAACC-1",1.26668548169973
"TGGACGCGTCTCCCTA-1",0
"TGGCCAGAGAAGGTGA-1",1.54893374296269
"TGGCCAGAGAGTACAT-1",0
"TGGCCAGAGGCGATAC-1",0
"TGGCCAGAGGCGTACA-1",2.22618587747542
"TGGCCAGCAACTGCGC-1",0
"TGGCCAGCACGACTCG-1",1.66373482153261
"TGGCCAGGTCAATACC-1",3.46999255092976
"TGGCCAGTCGTAGATC-1",0
"TGGCCAGTCTATCCCG-1",0
"TGGCGCAAGCTACCTA-1",0
"TGGCGCAAGCTATGCT-1",1.95089811949327
"TGGCGCAAGTGTGGCA-1",0
"TGGCGCAAGTTACCCA-1",1.15184771954717
"TGGCGCACACAGGCCT-1",4.88997252664052
"TGGCGCACACGGATAG-1",0
"TGGCGCACAGCGATCC-1",1.74188585581586
"TGGCGCACATAGGATA-1",1.95089811949327
"TGGCGCAGTACTCTCC-1",2.87323852517674
"TGGCGCAGTGGACGAT-1",2.05236211254894
"TGGCGCAGTTATGTGC-1",0
"TGGCGCATCAAGAAGT-1",3.46999255092976
"TGGCGCATCATGCTCC-1",0
"TGGCGCATCATGTGGT-1",0
"TGGCGCATCATTATCC-1",0
"TGGCGCATCGTGGTCG-1",0
"TGGCTGGAGCGGATCA-1",0
"TGGCTGGAGTGCAAGC-1",0
"TGGCTGGCAAGTTAAG-1",0
"TGGCTGGCACGGATAG-1",2.21374942574787
"TGGCTGGCAGGAACGT-1",0
"TGGCTGGGTCGAGTTT-1",0
"TGGCTGGGTCGGCATC-1",0
"TGGCTGGGTCTAGCCG-1",0
"TGGCTGGGTTACGCGC-1",0
"TGGCTGGGTTGGACCC-1",0
"TGGCTGGTCTCGTTTA-1",0
"TGGGAAGAGATATACG-1",0
"TGGGAAGAGCCCAATT-1",0
"TGGGAAGAGCGCTCCA-1",2.22618587747542
"TGGGAAGAGGGCTTCC-1",2.2029337810686
"TGGGAAGAGTAAGTAC-1",2.05236211254894
"TGGGAAGAGTTAACGA-1",0
"TGGGAAGCAAGGTGTG-1",0
"TGGGAAGCAGATCCAT-1",0
"TGGGAAGCAGCGAACA-1",0
"TGGGAAGGTAAGTTCC-1",0
"TGGGAAGGTTAGATGA-1",0
"TGGGAAGGTTATTCTC-1",2.87323852517674
"TGGGAAGTCCCAAGAT-1",0
"TGGGAAGTCCTTCAAT-1",1.97402936112055
"TGGGAAGTCGTGGACC-1",0
"TGGGAAGTCTCCTATA-1",0
"TGGGCGTAGTCTCCTC-1",1.79468210501893
"TGGGCGTCAGACGTAG-1",2.65149611519828
"TGGGCGTCAGGGATTG-1",3.02794509889316
"TGGGCGTGTCCAAGTT-1",0
"TGGGCGTGTCTAGAGG-1",0
"TGGGCGTGTGGCTCCA-1",0
"TGGGCGTGTTTCGCTC-1",2.11873968172633
"TGGGCGTTCAGCTTAG-1",0
"TGGTTAGAGCTACCTA-1",1.65340830422807
"TGGTTAGAGTTAGGTA-1",0
"TGGTTAGGTGATGATA-1",0
"TGGTTAGGTTCACGGC-1",3.35642272124521
"TGGTTAGTCCCGACTT-1",0
"TGGTTAGTCTTGTATC-1",0
"TGGTTCCAGCCGTCGT-1",3.47755512780038
"TGGTTCCAGTAATCCC-1",1.55010236289611
"TGGTTCCCAAGTTGTC-1",1.33261857251754
"TGGTTCCCAGACAAAT-1",0
"TGGTTCCCAGACAGGT-1",0
"TGGTTCCCAGCTCGAC-1",1.65340830422807
"TGGTTCCCATGTCCTC-1",0
"TGGTTCCCATTTCACT-1",0
"TGGTTCCGTCCAAGTT-1",1.90326544635738
"TGGTTCCTCACATACG-1",0
"TGGTTCCTCAGCTTAG-1",0
"TGGTTCCTCTAACTTC-1",0
"TGGTTCCTCTAGAGTC-1",0
"TGGTTCCTCTGGGCCA-1",2.18662845170472
"TGTATTCAGCCCGAAA-1",4.11788579489196
"TGTATTCAGCGATCCC-1",0
"TGTATTCCAGGGCATA-1",0
"TGTATTCGTAAGAGAG-1",0
"TGTATTCGTTTGTTTC-1",0
"TGTATTCTCAGCATGT-1",1.54893374296269
"TGTATTCTCATCTGTT-1",0
"TGTCCCAAGCAGATCG-1",2.05236211254894
"TGTCCCAAGCTAGTTC-1",0
"TGTCCCAAGCTGAACG-1",0
"TGTCCCAAGTTGTCGT-1",4.6187660817515
"TGTCCCACAGTAAGCG-1",1.72880552249059
"TGTCCCACATCACGTA-1",1.6848688061171
"TGTCCCAGTAAGAGGA-1",0
"TGTCCCAGTAAGTGGC-1",4.16688949608015
"TGTCCCAGTCGGATCC-1",0
"TGTCCCATCATTTGGG-1",1.87328444292206
"TGTCCCATCTGCAAGT-1",0
"TGTCCCATCTGCGTAA-1",0
"TGTGGTAGTCCCGACA-1",1.46428914671786
"TGTGGTAGTGTGAAAT-1",0
"TGTGGTAGTGTGACGA-1",1.72576302731971
"TGTGGTATCCAGGGCT-1",0
"TGTGGTATCTTGCATT-1",1.70593547338393
"TGTGTTTAGAGGTTAT-1",0
"TGTGTTTAGCGTGAGT-1",0
"TGTGTTTAGTGCGTGA-1",2.64266882083241
"TGTGTTTCATGCGCAC-1",0
"TGTGTTTTCTCATTCA-1",0
"TGTGTTTTCTTTCCTC-1",0
"TGTTCCGAGAGCAATT-1",2.24558564902964
"TGTTCCGAGCAACGGT-1",0
"TGTTCCGAGGAATTAC-1",0
"TGTTCCGAGGACTGGT-1",0
"TGTTCCGCAGTGAGTG-1",0
"TGTTCCGGTGAGTATA-1",0
"TGTTCCGTCAAGCCTA-1",0
"TGTTCCGTCAGTTCGA-1",1.3649307493573
"TGTTCCGTCGGCGGTT-1",1.64323655240376
"TGTTCCGTCTGAAAGA-1",3.50004326309741
"TGTTCCGTCTGGTATG-1",0
"TTAACTCAGTGTACGG-1",0
"TTAACTCCAAGCGCTC-1",0
"TTAACTCCAGGCAGTA-1",0
"TTAACTCGTTCCACAA-1",0
"TTAACTCTCATAAAGG-1",0
"TTAACTCTCCCTCAGT-1",2.11873968172633
"TTAGGACAGCAGGCTA-1",1.66616704959864
"TTAGGACAGCTCTCGG-1",0
"TTAGGACCAAGCCATT-1",1.95089811949327
"TTAGGACCAGTCAGAG-1",0
"TTAGGACGTTTGTTTC-1",3.30318421408057
"TTAGGCAAGAAGATTC-1",0
"TTAGGCAAGAGCCCAA-1",4.6187660817515
"TTAGGCAAGAGTGACC-1",1.97402936112055
"TTAGGCAAGGTTCCTA-1",0
"TTAGGCAAGTCGTTTG-1",0
"TTAGGCAAGTGTACCT-1",0.742335663410549
"TTAGGCACAGACGCTC-1",2.24558564902964
"TTAGGCACATGTTCCC-1",1.34110442770281
"TTAGGCAGTAAGGATT-1",2.22618587747542
"TTAGGCAGTAAGTAGT-1",3.610397641731
"TTAGGCAGTCTTGATG-1",2.21374942574787
"TTAGGCATCACGCATA-1",1.40673748343183
"TTAGGCATCAGTCAGT-1",0.742335663410549
"TTAGGCATCCAGTATG-1",2.24558564902964
"TTAGGCATCGTTACGA-1",0
"TTAGTTCAGGTGCAAC-1",1.72576302731971
"TTAGTTCCAATGTAAG-1",0
"TTAGTTCCATCCTTGC-1",0
"TTAGTTCGTAGCCTAT-1",1.686659743766
"TTAGTTCGTGCAGACA-1",1.85851196975552
"TTAGTTCGTGTCAATC-1",0
"TTAGTTCGTTGCCTCT-1",1.40673748343183
"TTAGTTCTCAGGCCCA-1",1.70593547338393
"TTAGTTCTCGCAGGCT-1",1.26431044092014
"TTAGTTCTCTACTATC-1",1.6827258250093
"TTATGCTAGAATGTGT-1",3.33955890517736
"TTATGCTAGCACACAG-1",0
"TTATGCTAGCAGCCTC-1",0
"TTATGCTAGTCCCACG-1",1.54893374296269
"TTATGCTCAGCCAGAA-1",1.51565409822438
"TTATGCTCATACCATG-1",0
"TTATGCTCATGTAGTC-1",3.4034157302565
"TTATGCTGTCCGAGTC-1",1.68630118274497
"TTATGCTTCGATAGAA-1",0
"TTCCCAGAGAATTCCC-1",1.97402936112055
"TTCCCAGAGACTAGAT-1",0
"TTCCCAGAGTATCGAA-1",1.79468210501893
"TTCCCAGCAGATGGGT-1",1.66373482153261
"TTCCCAGCATCAGTAC-1",1.69206070452363
"TTCCCAGCATCTCCCA-1",0
"TTCCCAGCATTACCTT-1",0
"TTCCCAGTCAACACTG-1",1.934005246549
"TTCCCAGTCGAGAGCA-1",1.09343917725102
"TTCGAAGAGTCTCAAC-1",1.78182890102545
"TTCGAAGCAAGCGCTC-1",1.62760253772604
"TTCGAAGCACATTAGC-1",0
"TTCGAAGCACGGTGTC-1",0
"TTCGGTCAGAGGACGG-1",0
"TTCGGTCAGCACACAG-1",1.42373106074152
"TTCGGTCAGGCCCTCA-1",0
"TTCGGTCAGTGAATTG-1",0
"TTCGGTCAGTTGAGAT-1",1.15184771954717
"TTCGGTCCAAGGGTCA-1",3.63157117972451
"TTCGGTCCACGTCAGC-1",4.55771618851143
"TTCGGTCGTAACGTTC-1",0
"TTCGGTCGTAGAGTGC-1",1.69025567164657
"TTCGGTCGTTCATGGT-1",0
"TTCGGTCGTTCTGTTT-1",0
"TTCGGTCTCAAAGACA-1",0
"TTCGGTCTCCAGTATG-1",0
"TTCGGTCTCGCGTTTC-1",0
"TTCGGTCTCGTCTGAA-1",0
"TTCTACAAGACTAAGT-1",0
"TTCTACAAGCAGCCTC-1",4.16688949608015
"TTCTACAAGCCTTGAT-1",0
"TTCTACAAGGCAGGTT-1",0
"TTCTACAAGGTAAACT-1",0
"TTCTACAAGTTAGGTA-1",1.17314534053068
"TTCTACACACGTGAGA-1",0
"TTCTACACAGCTGTTA-1",0
"TTCTACACATCGATTG-1",3.4034157302565
"TTCTACACATTACGAC-1",0
"TTCTACAGTACCGTTA-1",1.40673748343183
"TTCTACAGTATATGAG-1",2.91172280550566
"TTCTACAGTGGCTCCA-1",0
"TTCTACATCAACGGGA-1",0
"TTCTACATCCGCGTTT-1",3.74790970356592
"TTCTCAAAGAAAGTGG-1",0
"TTCTCAAAGAATCTCC-1",1.15184771954717
"TTCTCAAAGAGGTTAT-1",0
"TTCTCAAAGCAGCCTC-1",3.07123984018489
"TTCTCAAAGCCGCCTA-1",3.610397641731
"TTCTCAAAGTCAATAG-1",0
"TTCTCAAAGTTGAGAT-1",0
"TTCTCAACACCCAGTG-1",0
"TTCTCAACATTGTGCA-1",0
"TTCTCAAGTATAAACG-1",0
"TTCTCAAGTCCCTTGT-1",0
"TTCTCAAGTCGAGATG-1",1.64054971358604
"TTCTCAATCATCGCTC-1",0
"TTCTCAATCCCTAACC-1",0
"TTCTCAATCGTAGGAG-1",0
"TTCTCCTAGAGTAAGG-1",0
"TTCTCCTAGCGACGTA-1",0
"TTCTCCTAGCGTGAGT-1",1.17314534053068
"TTCTCCTAGTCTCGGC-1",0
"TTCTCCTCAACACGCC-1",0
"TTCTCCTCAATAACGA-1",1.17314534053068
"TTCTCCTGTTAAGAAC-1",0
"TTCTCCTTCAGTTCGA-1",0
"TTCTCCTTCCGTAGGC-1",1.15184771954717
"TTCTCCTTCCTTTCTC-1",1.3649307493573
"TTCTCCTTCTGCAAGT-1",3.4034157302565
"TTCTCCTTCTTCAACT-1",0
"TTCTCCTTCTTGTACT-1",1.69206070452363
"TTCTTAGAGGACTGGT-1",0
"TTCTTAGCAAGGTGTG-1",0
"TTCTTAGCATCGGAAG-1",1.72880552249059
"TTCTTAGGTAGAAGGA-1",0
"TTCTTAGGTCATATGC-1",0
"TTCTTAGTCAGTTCGA-1",0
"TTGAACGGTCACTTCC-1",3.50004326309741
"TTGAACGTCATGTCCC-1",0
"TTGACTTAGCCACGTC-1",0
"TTGACTTAGCGACGTA-1",1.27517113470008
"TTGACTTAGTTAACGA-1",0
"TTGACTTCACTTACGA-1",0
"TTGACTTGTCTCTCTG-1",0
"TTGACTTGTGCGATAG-1",1.79468210501893
"TTGACTTTCCAGAGGA-1",0
"TTGACTTTCTGTCCGT-1",0
"TTGCCGTAGGAGCGTT-1",1.59487838953934
"TTGCCGTAGGTGGGTT-1",0
"TTGCCGTCATGGTCAT-1",1.72880552249059
"TTGCGTCAGACAGAGA-1",0
"TTGCGTCAGCTCCTTC-1",0
"TTGCGTCAGTCCATAC-1",0
"TTGCGTCAGTGAATTG-1",0
"TTGCGTCCAAATTGCC-1",0
"TTGCGTCCACTGTGTA-1",1.95557205996705
"TTGCGTCCAGTCACTA-1",1.38614437986727
"TTGCGTCGTCTGATTG-1",1.70593547338393
"TTGGAACAGCCCAATT-1",3.63157117972451
"TTGGAACAGCGTCTAT-1",0
"TTGGAACAGGCGTACA-1",0
"TTGGAACGTATTACCG-1",0
"TTGGAACTCCCATTAT-1",0
"TTGGAACTCCGTAGTA-1",0
"TTGGAACTCGTCCAGG-1",0
"TTGGCAAAGTTAGGTA-1",0
"TTGGCAAGTATAGGTA-1",0
"TTGGCAATCACATGCA-1",4.55771618851143
"TTGGCAATCAGAGCTT-1",1.69206070452363
"TTGGCAATCGCATGAT-1",1.72576302731971
"TTGGCAATCTAGAGTC-1",1.66373482153261
"TTGTAGGAGGTGCTAG-1",0
"TTGTAGGCACACGCTG-1",1.97402936112055
"TTGTAGGGTCTCCCTA-1",1.79468210501893
"TTGTAGGGTGGTAACG-1",0
"TTGTAGGTCGGCGCTA-1",1.97402936112055
"TTGTAGGTCTGCCAGG-1",0
"TTTACTGAGATCACGG-1",1.82414682357231
"TTTACTGCAAAGCAAT-1",0
"TTTACTGCACATGGGA-1",0
"TTTACTGCACCACGTG-1",1.34110442770281
"TTTACTGCATGGGACA-1",2.22618587747542
"TTTACTGCATGTCCTC-1",0
"TTTACTGGTAACGTTC-1",3.91400772770181
"TTTACTGGTGGTGTAG-1",3.97846054023424
"TTTACTGGTTCGCTAA-1",1.59487838953934
"TTTACTGTCTGGAGCC-1",0
"TTTATGCAGACTGTAA-1",0
"TTTATGCAGATGCGAC-1",1.85259490584447
"TTTATGCAGGCAAAGA-1",0
"TTTATGCAGGCCCGTT-1",1.51565409822438
"TTTATGCAGTTCCACA-1",0
"TTTATGCCAAACGCGA-1",1.95661467116005
"TTTATGCCAATCTGCA-1",1.3649307493573
"TTTATGCCACAGGTTT-1",0
"TTTATGCCAGCCAATT-1",0
"TTTATGCCAGGTCGTC-1",0
"TTTATGCCATGGTCAT-1",1.86678477415487
"TTTATGCTCACATAGC-1",4.66898563009297
"TTTATGCTCACCTTAT-1",0
"TTTATGCTCGGCGGTT-1",0
"TTTATGCTCTCGCTTG-1",0
"TTTCCTCAGCGTGAAC-1",3.58502279097312
"TTTCCTCAGGACTGGT-1",1.78182890102545
"TTTCCTCCAAAGTGCG-1",0
"TTTCCTCCAGGAATGC-1",1.22101537185241
"TTTCCTCCATTAGCCA-1",0
"TTTCCTCGTCCGAAGA-1",2.75469498089748
"TTTCCTCGTCGCTTTC-1",0
"TTTCCTCTCGGCCGAT-1",3.07123984018489
"TTTCCTCTCGTGTAGT-1",0
"TTTGCGCAGCTAAACA-1",0
"TTTGCGCAGCTAGTCT-1",1.85851196975552
"TTTGCGCAGGCCGAAT-1",0
"TTTGCGCAGTCAAGGC-1",0
"TTTGCGCCAAGTAGTA-1",1.85851196975552
"TTTGCGCCAGGTGCCT-1",1.3649307493573
"TTTGCGCGTCTAAACC-1",1.85851196975552
"TTTGCGCTCAAAGTAG-1",0
"TTTGCGCTCATGTAGC-1",2.75469498089748
"TTTGGTTAGAATGTGT-1",2.22618587747542
"TTTGGTTAGACAATAC-1",3.63157117972451
"TTTGGTTAGCGATTCT-1",0
"TTTGGTTAGGCTCAGA-1",0
"TTTGGTTAGTTACCCA-1",1.75799034376634
"TTTGGTTCAAACTGCT-1",1.26431044092014
"TTTGGTTCAAGCTGTT-1",0
"TTTGGTTCAGATCGGA-1",1.75799034376634
"TTTGGTTCATCACAAC-1",0
"TTTGGTTGTACTTCTT-1",1.26431044092014
"TTTGGTTGTATGCTTG-1",0
"TTTGGTTGTGCTTCTC-1",1.63122916416941
"TTTGGTTTCATGCTCC-1",1.17314534053068
"TTTGGTTTCCCTGACT-1",1.58678831255995
"TTTGTCAAGAGTCGGT-1",1.87328444292206
"TTTGTCACAAGTTCTG-1",2.04445529368525
"TTTGTCACAAGTTGTC-1",0
"TTTGTCATCACCTTAT-1",0
"TTTGTCATCCATTCTA-1",3.02794509889316
"TTTGTCATCCTTAATC-1",0
"TTTGTCATCTTATCTG-1",0
