"cell_barcode","expression"
"AAACCTGAGACAGAGA-1",3.77752514877899
"AAACCTGAGACTTTCG-1",19.6004814191444
"AAACCTGAGAGTAAGG-1",13.5158792739251
"AAACCTGAGAGTCGGT-1",32.9683654982693
"AAACCTGAGGATGGAA-1",14.1375783607185
"AAACCTGAGTAGATGT-1",1.5365023226786
"AAACCTGCAATCAGAA-1",5.83361201240885
"AAACCTGCACCGATAT-1",1.61361093831174
"AAACCTGCAGACGTAG-1",0
"AAACCTGCAGTATCTG-1",20.141679751005
"AAACCTGCATAGTAAG-1",3.90682937556156
"AAACCTGCATGAACCT-1",16.8304731709962
"AAACCTGGTAAGAGGA-1",11.0994111266272
"AAACCTGGTCCAACTA-1",0.974519170111612
"AAACCTGTCCGTAGTA-1",0
"AAACCTGTCGAGAGCA-1",0
"AAACGGGAGTACGACG-1",0
"AAACGGGCAAGGTTTC-1",0
"AAACGGGCACGTCAGC-1",10.8017305816084
"AAACGGGCAGCGTTCG-1",10.8017305816084
"AAACGGGGTAGCCTCG-1",1.56041831239381
"AAACGGGGTCTACCTC-1",0
"AAACGGGGTGCGGTAA-1",14.5642809147431
"AAACGGGGTTGTCGCG-1",0
"AAACGGGTCCATGAGT-1",1.43192314015944
"AAACGGGTCCCAACGG-1",5.20746224370948
"AAACGGGTCCCATTAT-1",10.4079617178963
"AAAGATGCAGTCAGCC-1",3.67483313135851
"AAAGATGCATCTACGA-1",0
"AAAGCAAAGCGTCTAT-1",19.0486099627681
"AAAGCAACATGTCGAT-1",3.83202443579046
"AAAGCAAGTAGCTGCC-1",8.61644619869624
"AAAGCAAGTAGGCATG-1",18.4917917828973
"AAAGCAAGTGCGCTTG-1",0
"AAAGCAAGTTATTCTC-1",19.1780422246515
"AAAGCAATCCGTAGTA-1",7.80798293192993
"AAAGTAGAGATGTGTA-1",37.7370843313603
"AAAGTAGAGTGGGCTA-1",0
"AAAGTAGGTATATGGA-1",0
"AAAGTAGGTGAGCGAT-1",31.1942992017882
"AAAGTAGGTTGAGGTG-1",26.4402552064956
"AAATGCCAGCCCTAAT-1",0
"AAATGCCAGCGTGTCC-1",0
"AAATGCCCAACACCTA-1",2.0785670335349
"AAATGCCGTAGGAGTC-1",0
"AAATGCCGTCTTTCAT-1",0
"AAATGCCGTGGTCCGT-1",10.8344831410292
"AAATGCCGTTCCCGAG-1",30.4119318809099
"AAATGCCTCATAGCAC-1",0
"AAATGCCTCGCTTAGA-1",1.61361093831174
"AACACGTAGAATTCCC-1",0
"AACACGTAGCCCTAAT-1",0
"AACACGTAGGGTGTGT-1",28.4268607221095
"AACACGTCACTGTCGG-1",12.4410606600087
"AACACGTCATCCCATC-1",0
"AACACGTGTGCAACGA-1",4.4682244074384
"AACACGTGTGTCGCTG-1",0
"AACCATGAGCGCTTAT-1",16.1125100398879
"AACCATGGTCCGTTAA-1",8.61644619869624
"AACCATGTCAGTTCGA-1",2.80796477636142
"AACCATGTCATCGATG-1",17.9680561041379
"AACCATGTCCCAAGTA-1",15.1964574565791
"AACCGCGAGAAGCCCA-1",0
"AACCGCGAGACTGGGT-1",18.3374345353598
"AACCGCGAGAGGTACC-1",18.3434020282119
"AACCGCGAGTTAGGTA-1",0
"AACCGCGAGTTGCAGG-1",25.1386341404368
"AACCGCGCACGGTAGA-1",36.1011403376557
"AACCGCGCAGCATGAG-1",1.32974901546006
"AACCGCGCAGCCTGTG-1",13.1623388789646
"AACCGCGCAGCTGTGC-1",3.87473664882885
"AACCGCGCAGTATGCT-1",0
"AACCGCGGTACTTGAC-1",0
"AACCGCGGTCTGCAAT-1",1.39088687813202
"AACCGCGTCACATGCA-1",29.9849393598838
"AACCGCGTCACCGTAA-1",23.5216010722469
"AACCGCGTCCAGAGGA-1",3.59876556531074
"AACCGCGTCCGAAGAG-1",25.8541717645775
"AACGTTGAGCGATAGC-1",21.2294353085983
"AACGTTGAGCGATCCC-1",12.9116913822774
"AACGTTGAGCTTATCG-1",3.87473664882885
"AACGTTGCAAGTTGTC-1",0
"AACGTTGCAATAGAGT-1",0.974519170111612
"AACGTTGCAATGGATA-1",0
"AACGTTGCATGGATGG-1",0
"AACGTTGCATTCTCAT-1",3.57044181037561
"AACGTTGTCAACACGT-1",0.955905465767875
"AACGTTGTCGAGGTAG-1",0
"AACGTTGTCGGTCCGA-1",0
"AACTCAGAGAGCTATA-1",0
"AACTCAGAGAGTCGGT-1",0
"AACTCAGAGCCACCTG-1",0
"AACTCAGAGCCCAATT-1",1.43192314015944
"AACTCAGCAAACAACA-1",16.0944889031355
"AACTCAGCACAAGCCC-1",2.13303872768881
"AACTCAGCACGGTTTA-1",3.1407324715585
"AACTCAGCAGGATCGA-1",0
"AACTCAGCATAAAGGT-1",3.94549319446234
"AACTCAGGTTCCACAA-1",14.9943299884939
"AACTCAGTCGTACCGG-1",21.2294353085983
"AACTCCCAGCCCAGCT-1",12.5290996143536
"AACTCCCAGCTAAGAT-1",13.5413112291941
"AACTCCCCATGGTCTA-1",1.39088687813202
"AACTCCCGTTGCGCAC-1",31.1942992017882
"AACTCCCTCAAGAAGT-1",1.57392569303943
"AACTCCCTCAAGCCTA-1",6.2342865718947
"AACTCCCTCATCGCTC-1",0
"AACTCCCTCTGCAGTA-1",0
"AACTCCCTCTGGCGTG-1",0
"AACTCTTAGCAGACTG-1",1.16625372558609
"AACTCTTAGTCCGGTC-1",38.7103664905493
"AACTCTTCATGCTAGT-1",8.40916016355555
"AACTCTTGTCGAATCT-1",11.4719050080337
"AACTCTTGTCGGGTCT-1",14.5642809147431
"AACTCTTTCTCAAACG-1",8.29102621013492
"AACTCTTTCTCCAGGG-1",0
"AACTCTTTCTCTGCTG-1",12.311525906863
"AACTGGTAGAAGATTC-1",2.8628139487241
"AACTGGTAGAGACTAT-1",0
"AACTGGTAGCCAACAG-1",32.9683654982693
"AACTGGTAGTGTACTC-1",16.5246911964243
"AACTGGTCACTGAAGG-1",12.9343685159363
"AACTGGTGTCCGAACC-1",35.6882981161639
"AACTGGTTCGGAGCAA-1",0
"AACTGGTTCGTGGGAA-1",22.0022610416261
"AACTGGTTCTGCTTGC-1",12.1378970030719
"AACTTTCAGCGTGAAC-1",15.4938764750635
"AACTTTCAGTATCTCG-1",18.3302639497253
"AACTTTCAGTTTCCTT-1",16.0278895750842
"AACTTTCCATCCTTGC-1",10.3125330841038
"AACTTTCGTCTAGAGG-1",24.1021934536126
"AACTTTCGTCTCTTTA-1",0
"AACTTTCGTTTGTTTC-1",0
"AAGACCTAGGGCTTCC-1",8.40916016355555
"AAGACCTAGTACACCT-1",18.0859975685219
"AAGACCTGTATATGAG-1",20.1481647139173
"AAGACCTGTATCAGTC-1",10.503281382798
"AAGACCTGTCCGTGAC-1",10.4079617178963
"AAGACCTGTCGAAAGC-1",13.5158792739251
"AAGACCTTCGCCATAA-1",0
"AAGCCGCAGATCTGAA-1",4.50115786928025
"AAGCCGCAGGGTGTTG-1",8.61644619869624
"AAGCCGCAGTGGACGT-1",10.8620297247051
"AAGCCGCAGTGTACTC-1",0
"AAGCCGCCACGCTTTC-1",0
"AAGCCGCCAGGACGTA-1",0
"AAGCCGCGTACAGTTC-1",0
"AAGCCGCGTCATTAGC-1",2.0785670335349
"AAGCCGCTCACGAAGG-1",0
"AAGCCGCTCAGTTAGC-1",0
"AAGCCGCTCGCAAACT-1",9.95255748188655
"AAGCCGCTCGTCGTTC-1",0
"AAGCCGCTCTTACCGC-1",1.16625372558609
"AAGGAGCAGAAACCGC-1",13.387735061831
"AAGGAGCAGGCATGTG-1",0
"AAGGAGCAGGCGCTCT-1",6.09835827635864
"AAGGAGCAGTTGAGTA-1",0
"AAGGAGCCACGGCGTT-1",9.95157633950367
"AAGGAGCGTCTGCAAT-1",27.5184992160069
"AAGGAGCTCGTCTGCT-1",35.1555037349775
"AAGGCAGAGAACTGTA-1",0
"AAGGCAGAGAGATGAG-1",3.87473664882885
"AAGGCAGAGGTGATAT-1",6.55376896116102
"AAGGCAGCATAGTAAG-1",12.9399036508804
"AAGGCAGGTACTTCTT-1",0
"AAGGCAGGTGTGCCTG-1",1.47537638654094
"AAGGCAGTCAGATAAG-1",1.43192314015944
"AAGGCAGTCGGAATCT-1",3.39004022056664
"AAGGTTCAGTATCTCG-1",2.13303872768881
"AAGGTTCCATCACGTA-1",0
"AAGGTTCGTATATGGA-1",1.16625372558609
"AAGGTTCGTCCGAATT-1",0
"AAGGTTCGTCGACTAT-1",7.17151903472253
"AAGGTTCGTGTGACCC-1",26.0749703046365
"AAGGTTCTCCGTCATC-1",30.0130153502569
"AAGGTTCTCCTCGCAT-1",1.39088687813202
"AAGGTTCTCTGCGGCA-1",1.16625372558609
"AAGTCTGAGCCATCGC-1",0
"AAGTCTGAGTCAAGCG-1",16.5246911964243
"AAGTCTGCAAAGGAAG-1",0
"AAGTCTGGTCAGCTAT-1",6.2602072697027
"AAGTCTGTCAAACAAG-1",13.387735061831
"AAGTCTGTCACTGGGC-1",10.4079617178963
"AAGTCTGTCAGCAACT-1",5.04125231486159
"AATCCAGCAAAGTGCG-1",0
"AATCCAGCAGCATACT-1",1.22609565110309
"AATCCAGGTAGGCATG-1",0
"AATCCAGGTCTCCCTA-1",27.7802750290155
"AATCCAGTCCGAATGT-1",0
"AATCGGTAGGCATGGT-1",1.5365023226786
"AATCGGTTCCTGTACC-1",9.88048173129446
"AATCGGTTCGCCGTGA-1",0
"ACACCAAAGATGAGAG-1",0
"ACACCAAAGCCCTAAT-1",5.92070805516777
"ACACCAAAGGATGGTC-1",21.2616876060188
"ACACCAAAGTGTCCAT-1",11.7150621172034
"ACACCAACACTTCGAA-1",5.83361201240885
"ACACCAACAGACGCTC-1",14.5870017452936
"ACACCAACAGCCTATA-1",0
"ACACCAAGTCGCGTGT-1",10.1663274432797
"ACACCAAGTCTAAACC-1",16.0944889031355
"ACACCAAGTTATGTGC-1",18.1930779369009
"ACACCAATCGCGTTTC-1",0
"ACACCCTAGCCAGGAT-1",0
"ACACCCTAGTACTTGC-1",0.974519170111612
"ACACCCTCAAGCGCTC-1",24.1021934536126
"ACACCCTCATCACAAC-1",24.5973414071343
"ACACCCTCATGCCCGA-1",27.0339531241693
"ACACCCTGTCTGGTCG-1",3.09661107097366
"ACACCCTTCCGCAAGC-1",0
"ACACCCTTCCTTGCCA-1",3.70256242100256
"ACACCCTTCTATCCTA-1",6.8232552730928
"ACACCCTTCTGGCGTG-1",30.4119318809099
"ACACCGGAGGCTCAGA-1",18.4917917828973
"ACACCGGAGTGACATA-1",25.391515467869
"ACACCGGAGTTACCCA-1",4.91112458279462
"ACACCGGCACCAGATT-1",0
"ACACCGGCACCGAAAG-1",1.58678831255995
"ACACCGGCATCACAAC-1",0
"ACACCGGTCCGCATAA-1",39.0065391152624
"ACACCGGTCTCGGACG-1",21.2616876060188
"ACACCGGTCTCTGTCG-1",1.51482301960555
"ACACTGAAGCACGCCT-1",13.387735061831
"ACACTGAAGGTGATTA-1",0
"ACACTGACAATAGAGT-1",31.4721351590555
"ACACTGACAGACTCGC-1",0
"ACACTGACATCCAACA-1",11.2888010673989
"ACACTGAGTCCGAAGA-1",0
"ACACTGAGTGTTTGTG-1",3.70256242100256
"ACACTGAGTTTGACTG-1",6.10136947985607
"ACAGCCGAGGAATGGA-1",18.1930779369009
"ACAGCCGAGGCCCGTT-1",32.7464191151097
"ACAGCCGAGGTGCTTT-1",14.9873881577731
"ACAGCCGAGTGGTAGC-1",0
"ACAGCCGCATATACGC-1",8.79328387558173
"ACAGCCGCATGCAACT-1",1.32974901546006
"ACAGCCGGTAGGGTAC-1",16.6854718983364
"ACAGCCGGTCGAATCT-1",15.1198359185526
"ACAGCCGGTTCACCTC-1",1.32974901546006
"ACAGCCGGTTCCACTC-1",4.4682244074384
"ACAGCCGTCCAGAAGG-1",20.141679751005
"ACAGCCGTCTTTACAC-1",0
"ACAGCTAAGCACCGCT-1",25.391515467869
"ACAGCTAAGTATCTCG-1",1.94010412181633
"ACAGCTAAGTGTTGAA-1",20.0339220029148
"ACAGCTACATCGTCGG-1",12.1459037103518
"ACAGCTAGTCGACTAT-1",18.1389184281458
"ACAGCTAGTGGTACAG-1",16.0944889031355
"ACAGCTATCACCACCT-1",16.3296991132468
"ACAGCTATCTGCTTGC-1",5.04125231486159
"ACATACGAGAGCTTCT-1",0
"ACATACGAGCGTAGTG-1",15.1198359185526
"ACATACGAGCTTCGCG-1",21.2294353085983
"ACATACGAGCTTTGGT-1",1.70335857875318
"ACATACGCAAACGTGG-1",0
"ACATACGCAAGCCTAT-1",4.1545297955535
"ACATACGCATCTCCCA-1",14.9483279611407
"ACATACGCATTCTCAT-1",0
"ACATACGGTAGGAGTC-1",25.0285701914136
"ACATACGGTGCACCAC-1",0
"ACATACGGTGGTTTCA-1",3.27544040942809
"ACATACGTCGTATCAG-1",7.17151903472253
"ACATCAGAGCCACTAT-1",1.49977531468034
"ACATCAGAGCCTTGAT-1",0
"ACATCAGCAACACCCG-1",0
"ACATCAGCAACGATGG-1",11.7150621172034
"ACATCAGCAATTGCTG-1",20.6250119589278
"ACATCAGCACCGGAAA-1",0
"ACATCAGCATAAAGGT-1",18.4917917828973
"ACATCAGCATCCCACT-1",1.51482301960555
"ACATCAGCATTTGCCC-1",0
"ACATCAGGTAAGGATT-1",1.16625372558609
"ACATCAGGTCCGTGAC-1",0
"ACATCAGGTTAAGTAG-1",26.9336835028296
"ACATCAGTCAAACCGT-1",10.4079617178963
"ACATGGTAGCATGGCA-1",4.50115786928025
"ACATGGTAGCTGTTCA-1",37.3121691375347
"ACATGGTCACTTGGAT-1",19.3351292899065
"ACATGGTGTCAGATAA-1",0
"ACATGGTGTCTGCGGT-1",27.7802750290155
"ACATGGTGTGCAACTT-1",30.2181819035968
"ACATGGTTCCGCAAGC-1",11.6182321394157
"ACATGGTTCCTCCTAG-1",3.15606276561771
"ACATGGTTCTGGAGCC-1",7.17151903472253
"ACATGGTTCTTCTGGC-1",18.149848798766
"ACCAGTAAGATCACGG-1",12.4217579703096
"ACCAGTAAGCTTCGCG-1",16.3558473816792
"ACCAGTACACAGATTC-1",3.61875068954329
"ACCAGTACACAGGCCT-1",26.403879257529
"ACCAGTACAGTATGCT-1",2.66258782702545
"ACCAGTACAGTCAGAG-1",0
"ACCAGTACAGTTTACG-1",1.39088687813202
"ACCAGTAGTCACCCAG-1",6.2342865718947
"ACCAGTAGTCCATCCT-1",1.93097436563771
"ACCAGTAGTCTTCAAG-1",5.83361201240885
"ACCAGTAGTGGACGAT-1",3.24726725004352
"ACCAGTATCTGCGACG-1",22.8130632616633
"ACCAGTATCTGCTTGC-1",14.3357862244653
"ACCAGTATCTGTTTGT-1",24.4957484936253
"ACCCACTAGAGGTTAT-1",0
"ACCCACTAGATCCCGC-1",0
"ACCCACTAGATGTGTA-1",0
"ACCCACTAGCCCAATT-1",1.47537638654094
"ACCCACTCAAGGGTCA-1",2.30592188645848
"ACCCACTCAAGGTTCT-1",4.50115786928025
"ACCCACTGTAAATGAC-1",36.1011403376557
"ACCCACTGTAGCCTCG-1",38.7103664905493
"ACCCACTGTCAAAGAT-1",10.2507944192654
"ACCCACTGTCAATACC-1",1.94010412181633
"ACCCACTGTGTGGTTT-1",9.38900713387653
"ACCCACTTCGCAAACT-1",0
"ACCCACTTCTGCCAGG-1",1.40743615219821
"ACCGTAACAATCGGTT-1",28.9345588449795
"ACCGTAACAATCTACG-1",0
"ACCGTAACAGGTCCAC-1",8.90527851434316
"ACCGTAAGTACAGCAG-1",8.68075945249317
"ACCGTAAGTCATGCAT-1",20.6758876330687
"ACCGTAAGTGAGTGAC-1",11.0725189187562
"ACCGTAAGTTAAGAAC-1",0
"ACCGTAAGTTCCGTCT-1",18.5205084099829
"ACCGTAATCACATAGC-1",0
"ACCGTAATCATGTGGT-1",1.51482301960555
"ACCGTAATCTGAAAGA-1",2.31821325043082
"ACCTTTACAATCGGTT-1",11.9951301388238
"ACCTTTACACGGACAA-1",17.9592509618583
"ACCTTTACAGCAGTTT-1",29.0841127794283
"ACCTTTACATGCAACT-1",1.62760253772604
"ACCTTTACATTTCAGG-1",0
"ACCTTTAGTGAACCTT-1",18.1930779369009
"ACCTTTAGTTCCACTC-1",4.91112458279462
"ACCTTTATCTCTAGGA-1",0
"ACGAGCCAGGCAGGTT-1",0
"ACGAGCCCACAGGCCT-1",7.17151903472253
"ACGAGCCCATGGAATA-1",13.387735061831
"ACGAGCCGTGCACGAA-1",0
"ACGAGCCGTGTGACCC-1",21.2792314732794
"ACGAGCCGTTGGTTTG-1",0
"ACGAGCCTCAGTCCCT-1",5.52783047628952
"ACGAGCCTCGCAAACT-1",19.2752910282415
"ACGAGGACACTACAGT-1",20.141679751005
"ACGAGGACATGTAGTC-1",0
"ACGAGGAGTACACCGC-1",20.1481647139173
"ACGAGGAGTGCCTGCA-1",26.0749703046365
"ACGAGGAGTTCTGAAC-1",1.22609565110309
"ACGAGGATCTGCGGCA-1",6.2342865718947
"ACGATACAGAGTGACC-1",13.0589564318381
"ACGATACAGCGCCTTG-1",16.2197262227046
"ACGATACCACGTTGGC-1",26.0749703046365
"ACGATACCATTGGGCC-1",1.32974901546006
"ACGATACGTCGAATCT-1",3.56532424234924
"ACGATACTCTGACCTC-1",0
"ACGATGTAGTGCGATG-1",1.43192314015944
"ACGATGTAGTTGAGAT-1",17.5231317517523
"ACGATGTCAACGCACC-1",19.9868303957692
"ACGATGTCACACGCTG-1",21.2294353085983
"ACGATGTGTATTCTCT-1",0
"ACGATGTGTCAGTGGA-1",13.387735061831
"ACGATGTGTGACTACT-1",17.4079047292192
"ACGATGTGTGTCGCTG-1",8.14727584585746
"ACGATGTTCGCGTAGC-1",4.12418968661808
"ACGATGTTCTCTTATG-1",4.1545297955535
"ACGCAGCAGCGGCTTC-1",5.51677469462939
"ACGCAGCAGCTGCGAA-1",0
"ACGCAGCAGTGTACGG-1",1.58678831255995
"ACGCAGCCACCTCGTT-1",16.980647209778
"ACGCAGCCATCGACGC-1",6.10136947985607
"ACGCAGCCATTACCTT-1",19.5866371672242
"ACGCAGCGTCCATGAT-1",23.4393579817467
"ACGCAGCGTCTACCTC-1",28.5115748201928
"ACGCAGCGTCTGGTCG-1",0
"ACGCAGCGTGCGATAG-1",10.6345702877083
"ACGCCAGCAAAGCAAT-1",18.4564066051605
"ACGCCAGCAACGCACC-1",20.5588597403121
"ACGCCAGCACGAGAGT-1",3.59876556531074
"ACGCCAGCAGTGAGTG-1",1.98695148479768
"ACGCCAGGTGCACTTA-1",0
"ACGCCAGGTGTGCGTC-1",32.755050081057
"ACGCCAGTCACAGGCC-1",1.16625372558609
"ACGCCAGTCAGTGTTG-1",0
"ACGCCGAAGAAACGCC-1",1.71000434612725
"ACGCCGAAGATCTGCT-1",7.17151903472253
"ACGCCGACAGCCTGTG-1",9.4900810786329
"ACGCCGAGTTCCAACA-1",1.16625372558609
"ACGCCGATCCTATGTT-1",0
"ACGCCGATCGCAGGCT-1",0
"ACGCCGATCTTGTATC-1",17.8096142473812
"ACGGAGAAGCCAGTTT-1",0
"ACGGAGACACACATGT-1",3.27544040942809
"ACGGAGACAGCCTGTG-1",27.0839230551557
"ACGGAGACAGCGTAAG-1",13.0589564318381
"ACGGAGACAGTAAGCG-1",1.51482301960555
"ACGGAGAGTGTGACGA-1",1.56041831239381
"ACGGAGATCCACGAAT-1",14.352964751042
"ACGGCCACACATCCAA-1",1.40627215097039
"ACGGCCACACATTCGA-1",0
"ACGGCCAGTACCGTAT-1",19.2596647451111
"ACGGCCAGTGTATGGG-1",0
"ACGGCCATCACGGTTA-1",16.6905989672696
"ACGGCCATCAGTGTTG-1",22.0022610416261
"ACGGCCATCTACTATC-1",0
"ACGGGCTAGGATCGCA-1",3.37408351093633
"ACGGGCTAGGTTCCTA-1",8.77397286002594
"ACGGGCTAGTGGCACA-1",0
"ACGGGCTCATCTGGTA-1",12.4217579703096
"ACGGGCTGTGAGGCTA-1",1.93097436563771
"ACGGGCTTCCGAACGC-1",32.9683654982693
"ACGGGTCAGATGCCAG-1",0
"ACGGGTCCATGATCCA-1",0
"ACGGGTCCATTAGGCT-1",38.9883454664691
"ACGGGTCCATTTCACT-1",27.0339531241693
"ACGGGTCGTTAGGGTG-1",10.5250344707837
"ACGGGTCTCAACACCA-1",0
"ACGGGTCTCCACGCAG-1",0
"ACGTCAAAGGGCTTCC-1",0
"ACGTCAAAGTGGTAAT-1",19.1780422246515
"ACGTCAACAACTGCGC-1",3.7504357946254
"ACGTCAACACAAGACG-1",4.46158184667981
"ACGTCAAGTAGCTCCG-1",0
"ACGTCAAGTGTCGCTG-1",0
"ACGTCAAGTTATGCGT-1",15.2902990466289
"ACGTCAATCAACCAAC-1",20.141679751005
"ACGTCAATCATAACCG-1",19.868377902755
"ACGTCAATCCAGAAGG-1",0
"ACGTCAATCTAACTCT-1",2.61551605470547
"ACTATCTAGAGGTTAT-1",19.3351292899065
"ACTATCTAGATACACA-1",13.387735061831
"ACTATCTAGGAGTAGA-1",31.5185085767416
"ACTATCTAGGCATGTG-1",23.6838778814873
"ACTATCTCAAATACAG-1",14.8552725599548
"ACTATCTCAAATTGCC-1",18.2750024416617
"ACTATCTGTAGGGACT-1",20.1481647139173
"ACTATCTGTCGCGTGT-1",0
"ACTATCTGTGCACGAA-1",0
"ACTATCTGTGGTTTCA-1",12.2562179669207
"ACTATCTTCGCCGTGA-1",14.0085324039928
"ACTGAACAGAGTGAGA-1",10.0395940851201
"ACTGAACAGATCCCGC-1",29.3619465500803
"ACTGAACAGGTGATAT-1",14.8335249634664
"ACTGAACCAAAGCGGT-1",14.0085324039928
"ACTGAACCAAGCGAGT-1",1.43192314015944
"ACTGAACCAATTCCTT-1",23.4393579817467
"ACTGAACCAGCTGGCT-1",0
"ACTGAACCAGTCTTCC-1",0
"ACTGAACCATTACCTT-1",9.85149624373771
"ACTGAACGTAAGCACG-1",0
"ACTGAACGTAATCGTC-1",8.98791452871747
"ACTGAACGTCCAGTAT-1",0
"ACTGAACGTCTGATCA-1",24.7541417293136
"ACTGAACTCCCACTTG-1",1.62399538746766
"ACTGAGTAGCCGGTAA-1",1.40743615219821
"ACTGAGTCAGTGGGAT-1",0
"ACTGAGTCATTTGCCC-1",0.974519170111612
"ACTGAGTGTAGAGCTG-1",1.0194944229027
"ACTGAGTGTTGTGGCC-1",16.3296991132468
"ACTGAGTTCAGGTTCA-1",13.0589564318381
"ACTGATGAGACAGACC-1",18.4952807340071
"ACTGATGAGCGGATCA-1",1.40627215097039
"ACTGATGAGGTGCTTT-1",1.40743615219821
"ACTGATGCAGCAGTTT-1",0
"ACTGATGCATCACAAC-1",0
"ACTGATGGTCATGCAT-1",0
"ACTGATGTCACAATGC-1",0
"ACTGATGTCACTCCTG-1",14.7891848041011
"ACTGATGTCCCTGACT-1",18.4564066051605
"ACTGATGTCCGCTGTT-1",16.5246911964243
"ACTGATGTCCGGCACA-1",0
"ACTGATGTCCTATTCA-1",9.23761723530197
"ACTGCTCAGAGCTTCT-1",0
"ACTGCTCAGATGCCTT-1",18.1880346748003
"ACTGCTCCACACCGCA-1",0
"ACTGCTCCAGATGGGT-1",19.425294571311
"ACTGCTCCATGCCTAA-1",7.17151903472253
"ACTGCTCGTAGGCATG-1",12.2736413009016
"ACTGCTCGTATCACCA-1",0
"ACTGCTCGTCCGAAGA-1",16.6905989672696
"ACTGCTCTCCGAGCCA-1",7.80798293192993
"ACTGTCCAGAGGGCTT-1",3.59876556531074
"ACTGTCCAGCAGCGTA-1",2.00787212911214
"ACTGTCCAGGCATGGT-1",0
"ACTGTCCCAAGGTTTC-1",0
"ACTGTCCCAAGTACCT-1",23.4393579817467
"ACTGTCCCAGTATCTG-1",16.3834961676843
"ACTGTCCCATAGAAAC-1",0
"ACTGTCCGTTGAGGTG-1",1.79217625746399
"ACTGTCCTCCACGTGG-1",13.387735061831
"ACTGTCCTCCTTGGTC-1",16.5246911964243
"ACTGTCCTCTCTGTCG-1",0
"ACTTACTAGCGATAGC-1",14.0085324039928
"ACTTACTAGGGATGGG-1",19.3240359805902
"ACTTACTCACAGACAG-1",0
"ACTTACTCACATTTCT-1",14.5051417550205
"ACTTACTGTACTCAAC-1",19.6004814191444
"ACTTACTGTTCCACAA-1",37.066027785043
"ACTTACTTCATCGGAT-1",3.68068496948538
"ACTTGTTAGACAAGCC-1",2.31821325043082
"ACTTGTTAGCTAGCCC-1",0
"ACTTGTTAGTTACCCA-1",0
"ACTTGTTCACGACGAA-1",17.8096142473812
"ACTTGTTCACGGCTAC-1",3.64080675077576
"ACTTGTTGTATCGCAT-1",2.61551605470547
"ACTTGTTGTGGTAACG-1",0
"ACTTGTTGTTGTGGAG-1",0
"ACTTGTTTCATCACCC-1",7.25012465990337
"ACTTTCACATGGTCAT-1",0
"ACTTTCAGTGACTACT-1",7.5141226282655
"ACTTTCATCGCCAGCA-1",9.23761723530197
"AGAATAGAGCTGAACG-1",14.3691655416704
"AGAATAGAGCTGTCTA-1",20.473454194238
"AGAATAGAGGTAGCTG-1",21.7986992122359
"AGAATAGCATGGTCTA-1",0
"AGAATAGGTATTCTCT-1",10.4079617178963
"AGAATAGGTGCGGTAA-1",0
"AGAATAGGTTAAGAAC-1",5.95702101092997
"AGAATAGTCAGGCCCA-1",0
"AGACGTTAGAATGTGT-1",16.6854718983364
"AGACGTTAGCTCCTCT-1",0
"AGACGTTAGTGCCAGA-1",18.1930779369009
"AGACGTTCAGGATCGA-1",12.1953356020155
"AGACGTTGTAGCTGCC-1",4.27818362282818
"AGACGTTGTCTGCAAT-1",10.3125330841038
"AGACGTTGTTCTGTTT-1",0
"AGACGTTTCGCATGGC-1",1.22609565110309
"AGACGTTTCGCTTAGA-1",11.6182321394157
"AGAGCGACAACTTGAC-1",1.73109612299393
"AGAGCGACAAGTACCT-1",10.6051486626167
"AGAGCGACACAACGTT-1",0
"AGAGCGACATGAGCGA-1",15.1451159169123
"AGAGCGAGTCAGTGGA-1",0
"AGAGCGAGTCGACTGC-1",0
"AGAGCGAGTTGAGTTC-1",37.468886893779
"AGAGCGATCGCGTAGC-1",38.7103664905493
"AGAGCGATCTATCCTA-1",29.0841127794283
"AGAGCGATCTCGCTTG-1",0
"AGAGCTTAGCCGTCGT-1",2.31821325043082
"AGAGCTTAGTACACCT-1",16.8477872467082
"AGAGCTTAGTCATGCT-1",1.81033167280907
"AGAGCTTGTAGAGCTG-1",0
"AGAGCTTGTATCACCA-1",7.21927180008067
"AGAGCTTTCACTATTC-1",3.74082328655948
"AGAGCTTTCCTGCAGG-1",18.3374345353598
"AGAGCTTTCGCAAACT-1",26.0749703046365
"AGAGCTTTCGCTTAGA-1",30.8936587459917
"AGAGTGGAGAGCCTAG-1",28.0780887305805
"AGAGTGGAGGCCCTTG-1",20.473454194238
"AGAGTGGAGGTACTCT-1",15.6126552717832
"AGAGTGGCACAAGACG-1",15.2471024111783
"AGAGTGGCACCTCGTT-1",15.6126552717832
"AGAGTGGCATCCGGGT-1",1.32974901546006
"AGAGTGGCATCTGGTA-1",17.7246419073621
"AGAGTGGGTCAGCTAT-1",0
"AGAGTGGGTCCTCCAT-1",0
"AGAGTGGGTCTAGTCA-1",4.89978204190554
"AGAGTGGGTTACCGAT-1",9.74185152941241
"AGATCTGAGGTGGGTT-1",16.6854718983364
"AGATCTGAGTCAAGGC-1",1.49977531468034
"AGATCTGCAATGTTGC-1",0
"AGATCTGTCGAATCCA-1",22.7891355399979
"AGATCTGTCTGCAGTA-1",19.3351292899064
"AGATTGCAGGCTACGA-1",14.8762915921322
"AGATTGCCACGACGAA-1",1.70335857875318
"AGATTGCCAGATGGGT-1",28.9345588449795
"AGATTGCGTAGAGCTG-1",2.37125299780861
"AGATTGCGTGATGTCT-1",0
"AGATTGCGTGTTCGAT-1",39.5577954019063
"AGATTGCGTTCACGGC-1",19.3132752144635
"AGATTGCTCACTGGGC-1",31.1942992017882
"AGATTGCTCATCTGTT-1",12.0727840296544
"AGCAGCCAGCTGATAA-1",26.0749703046365
"AGCAGCCCACCGAAAG-1",25.1386341404368
"AGCAGCCGTCGACTGC-1",6.22898886739543
"AGCAGCCGTCGCTTTC-1",0
"AGCAGCCGTCTAACGT-1",18.149848798766
"AGCAGCCGTGTGAAAT-1",0
"AGCAGCCGTTTGTTGG-1",3.68068496948538
"AGCAGCCTCCAAACAC-1",14.4085388259231
"AGCATACAGTGGTAGC-1",3.27544040942809
"AGCATACAGTTGTCGT-1",16.3296991132468
"AGCATACGTCTTCTCG-1",0
"AGCATACGTTAAGTAG-1",0
"AGCATACTCCGTTGCT-1",5.59991066786472
"AGCCTAAAGATATGGT-1",21.2792314732794
"AGCCTAACAAAGCGGT-1",28.8021374172276
"AGCCTAACAGATAATG-1",20.4379691476825
"AGCCTAAGTACGAAAT-1",11.0624498334154
"AGCCTAAGTCACCTAA-1",41.1774719738363
"AGCCTAAGTGTGCCTG-1",0
"AGCCTAATCACCCGAG-1",11.6182321394157
"AGCCTAATCCAATGGT-1",8.40916016355555
"AGCCTAATCCTTGGTC-1",0
"AGCCTAATCTGTGCAA-1",1.5365023226786
"AGCCTAATCTGTTTGT-1",0
"AGCGGTCAGCGAAGGG-1",12.1378970030719
"AGCGGTCAGGTACTCT-1",0
"AGCGGTCAGTGACTCT-1",1.56041831239381
"AGCGGTCCAGCCTTGG-1",30.1591049663217
"AGCGGTCGTCCTAGCG-1",0
"AGCGGTCGTGGTGTAG-1",0
"AGCGGTCGTTAAGGGC-1",7.21927180008067
"AGCGGTCGTTTGCATG-1",14.5051417550205
"AGCGGTCTCCGAAGAG-1",18.3374345353598
"AGCGGTCTCCTCAATT-1",1.22609565110309
"AGCGGTCTCTGGGCCA-1",7.17151903472253
"AGCGTATAGAACTGTA-1",18.3302639497253
"AGCGTATAGCGATGAC-1",2.48600736536419
"AGCGTATAGGTACTCT-1",18.3374345353598
"AGCGTATGTTGAGGTG-1",21.2792314732794
"AGCGTATTCCAGAGGA-1",3.59876556531074
"AGCGTCGAGTTGAGTA-1",16.1038394229951
"AGCGTCGCAGGGATTG-1",9.95499841883388
"AGCGTCGTCTGAAAGA-1",16.6854718983364
"AGCTCCTAGACCTAGG-1",11.6313321950488
"AGCTCCTAGCGTTTAC-1",0
"AGCTCCTGTGTTTGTG-1",0
"AGCTCCTGTTGTCTTT-1",8.61644619869624
"AGCTCCTTCCGAATGT-1",20.141679751005
"AGCTCCTTCTTGACGA-1",0
"AGCTCTCAGCGGATCA-1",22.3748498671212
"AGCTCTCAGCTGTTCA-1",0
"AGCTCTCAGGTGCTAG-1",0
"AGCTCTCCATACAGCT-1",3.59876556531074
"AGCTCTCGTCAGAGGT-1",11.7714230455452
"AGCTCTCGTGGGTCAA-1",18.149848798766
"AGCTCTCTCACAACGT-1",0
"AGCTCTCTCTTGACGA-1",29.6059368238398
"AGCTTGAAGCATCATC-1",1.40743615219821
"AGCTTGAAGTAGCGGT-1",0
"AGCTTGAAGTTGTCGT-1",1.32974901546006
"AGCTTGACAATCCAAC-1",2.66258782702545
"AGCTTGACACCGATAT-1",20.7830764565508
"AGCTTGAGTCTACCTC-1",16.5656459728004
"AGCTTGAGTGCGCTTG-1",0
"AGCTTGAGTTACGCGC-1",0
"AGCTTGATCCTGCCAT-1",6.59082590602529
"AGCTTGATCTGCAAGT-1",16.1038394229951
"AGGCCACAGAGTAAGG-1",1.16625372558609
"AGGCCACAGGGTCTCC-1",0
"AGGCCACAGTACTTGC-1",9.95499841883388
"AGGCCACCAGGACCCT-1",30.4119318809099
"AGGCCACCATCAGTCA-1",3.91073574908926
"AGGCCACTCATGCTCC-1",28.9345588449795
"AGGCCACTCATTGCGA-1",5.04125231486159
"AGGCCGTAGGATCGCA-1",30.0136506360519
"AGGCCGTCACGTAAGG-1",0
"AGGCCGTCAGCTCGAC-1",25.8940819910196
"AGGCCGTCATCGTCGG-1",10.770216783888
"AGGCCGTTCACGGTTA-1",0
"AGGCCGTTCGAACTGT-1",0
"AGGCCGTTCTCAAGTG-1",3.91073574908926
"AGGCCGTTCTGCTTGC-1",19.6004814191444
"AGGGAGTAGCCCAACC-1",28.0780887305805
"AGGGAGTAGGAGTACC-1",1.47537638654094
"AGGGAGTAGGCAGGTT-1",0
"AGGGAGTCACGAGAGT-1",1.49977531468034
"AGGGAGTCAGAAGCAC-1",1.99733992184537
"AGGGAGTCAGATCCAT-1",12.1459037103518
"AGGGAGTCATCGACGC-1",2.13303872768881
"AGGGAGTCATGCTAGT-1",32.2402254872258
"AGGGAGTGTCCATGAT-1",16.0944889031355
"AGGGAGTTCATAACCG-1",27.7802750290155
"AGGGATGAGCTCTCGG-1",0
"AGGGATGAGGAGTAGA-1",3.59876556531074
"AGGGATGAGTAGCGGT-1",4.63875408002823
"AGGGATGCAATGAATG-1",0
"AGGGATGCAATGGAGC-1",0
"AGGGATGCACAAGACG-1",31.5185085767416
"AGGGATGCACATTTCT-1",18.0887667795743
"AGGGATGCATGGTCTA-1",14.3429676810619
"AGGGATGGTTAAAGTG-1",13.5158792739251
"AGGGATGGTTATGCGT-1",0
"AGGGATGTCGTGACAT-1",0
"AGGGTGAAGATGGCGT-1",0
"AGGGTGAAGATGGGTC-1",28.7553361666769
"AGGGTGAAGGCTCAGA-1",0
"AGGGTGACACGAGAGT-1",2.66258782702545
"AGGGTGACAGATGGCA-1",0
"AGGGTGACAGATTGCT-1",19.3351292899064
"AGGGTGAGTACTCTCC-1",0
"AGGGTGAGTTATCGGT-1",12.311525906863
"AGGGTGAGTTCTGAAC-1",0.974519170111612
"AGGGTGATCTCGCTTG-1",0
"AGGTCATAGAGCCCAA-1",0
"AGGTCATAGCCAGAAC-1",14.9943299884939
"AGGTCATAGGCATGGT-1",11.8477627692221
"AGGTCATAGGGAGTAA-1",3.61875068954329
"AGGTCATCACTCAGGC-1",24.1021934536126
"AGGTCATCACTCTGTC-1",0
"AGGTCATGTTCCACTC-1",3.27544040942809
"AGGTCATTCTCGTTTA-1",2.13303872768881
"AGGTCCGAGGATGCGT-1",9.48256208569546
"AGGTCCGGTGATGCCC-1",19.3351292899064
"AGGTCCGTCCATGAAC-1",0
"AGGTCCGTCGCCCTTA-1",14.9483279611407
"AGGTCCGTCTGCGTAA-1",28.4268607221095
"AGTAGTCAGACTGTAA-1",3.94549319446234
"AGTAGTCAGTACGACG-1",9.11321930107819
"AGTAGTCAGTTTAGGA-1",13.387735061831
"AGTAGTCCAACTGGCC-1",19.6004814191444
"AGTAGTCGTGCAGACA-1",0
"AGTAGTCTCACCCGAG-1",7.73903461463169
"AGTCTTTAGGCAGTCA-1",11.6586236697506
"AGTCTTTCAAATCCGT-1",0
"AGTCTTTCATATACCG-1",3.1407324715585
"AGTCTTTGTGCTTCTC-1",1.0194944229027
"AGTCTTTGTGTCCTCT-1",1.56041831239381
"AGTCTTTTCGCAGGCT-1",3.74082328655948
"AGTCTTTTCGCGTAGC-1",20.473454194238
"AGTCTTTTCGCTAGCG-1",6.10136947985607
"AGTCTTTTCGCTTGTC-1",10.4079617178963
"AGTCTTTTCTGACCTC-1",0
"AGTGAGGAGATAGCAT-1",1.56041831239381
"AGTGAGGCAGGTGCCT-1",16.6854718983364
"AGTGAGGGTATGAAAC-1",5.04125231486159
"AGTGAGGGTCACTTCC-1",32.9438249708703
"AGTGAGGGTCGCGAAA-1",22.4390163445319
"AGTGAGGGTTATGTGC-1",1.51482301960555
"AGTGAGGTCTACTATC-1",7.17151903472253
"AGTGGGAAGCAGACTG-1",2.8628139487241
"AGTGGGACAAACGCGA-1",9.88048173129446
"AGTGGGACAAGCCGTC-1",22.0022610416261
"AGTGGGACACAGGAGT-1",16.1125100398879
"AGTGGGACACGAGAGT-1",3.1407324715585
"AGTGGGATCATCGATG-1",0
"AGTGGGATCCACGAAT-1",1.94010412181633
"AGTGGGATCCTGCAGG-1",0
"AGTGTCAAGAAGCCCA-1",12.0334557409488
"AGTGTCAAGCTAGTCT-1",0
"AGTGTCAAGTACGACG-1",5.51677469462939
"AGTGTCAAGTGAACAT-1",4.63875408002823
"AGTGTCACACCATCCT-1",15.1250331289082
"AGTGTCACAGTAAGCG-1",24.5069461734836
"AGTGTCACAGTGGAGT-1",16.8919187314614
"AGTGTCAGTAAACCTC-1",0
"AGTGTCAGTACAGCAG-1",16.980647209778
"AGTGTCAGTCTCCACT-1",1.32974901546006
"AGTGTCAGTTTGACTG-1",6.10136947985607
"AGTGTCATCAAAGTAG-1",30.8936587459917
"AGTGTCATCCGTCAAA-1",0
"AGTGTCATCGTTACAG-1",1.58678831255995
"AGTGTCATCTGTCAAG-1",10.3125330841038
"AGTTGGTAGACTGTAA-1",0
"AGTTGGTAGTACGCGA-1",0
"AGTTGGTCAAATTGCC-1",5.95702101092997
"AGTTGGTCAGGAATGC-1",0
"AGTTGGTCATGCGCAC-1",0
"AGTTGGTGTACCGTAT-1",0.974519170111612
"AGTTGGTGTATGCTTG-1",3.74082328655948
"AGTTGGTGTCAGGACA-1",0
"AGTTGGTGTTCAGACT-1",33.4972489615697
"AGTTGGTTCAGTACGT-1",29.6059368238398
"AGTTGGTTCCTCAACC-1",0
"AGTTGGTTCGTACCGG-1",0
"AGTTGGTTCTGTCCGT-1",23.4393579817467
"ATAACGCAGTTGAGTA-1",0
"ATAACGCCACGTGAGA-1",0
"ATAACGCGTGAACCTT-1",0
"ATAACGCGTGTCCTCT-1",19.9929834230409
"ATAACGCGTGTGAAAT-1",13.387735061831
"ATAACGCTCTCCGGTT-1",0
"ATAAGAGAGTCCGGTC-1",28.4268607221095
"ATAAGAGCAACTGCGC-1",8.61644619869624
"ATAAGAGCAGTATCTG-1",30.9674627981669
"ATAAGAGGTGACGCCT-1",0
"ATAAGAGGTTAAAGTG-1",0
"ATAAGAGTCAGCACAT-1",1.47537638654094
"ATAAGAGTCAGTGCAT-1",19.5866371672242
"ATAGACCAGAGAGCTC-1",6.2342865718947
"ATAGACCAGCCCAATT-1",0
"ATAGACCCAAGCCATT-1",1.22609565110309
"ATAGACCCATCTGGTA-1",4.50115786928025
"ATAGACCGTATATGGA-1",5.42908236235235
"ATAGACCGTGGACGAT-1",3.37408351093633
"ATAGACCGTGGCGAAT-1",5.64139161065963
"ATAGACCGTTTCGCTC-1",5.59991066786472
"ATCACGAAGAACTCGG-1",1.62760253772604
"ATCACGAAGACACGAC-1",0
"ATCACGAAGTTACCCA-1",24.5973414071343
"ATCACGACAAGACACG-1",15.7363540171248
"ATCACGACAAGCGTAG-1",3.67483313135851
"ATCACGACACACATGT-1",36.6783634189563
"ATCACGACACCACCAG-1",2.61551605470547
"ATCACGACACGGTAAG-1",1.93097436563771
"ATCACGACAGCGAACA-1",2.37125299780861
"ATCACGATCCCGACTT-1",12.1411868309487
"ATCACGATCGGTGTCG-1",8.68075945249317
"ATCATCTAGCCTATGT-1",23.6838778814873
"ATCATCTAGGCCATAG-1",0.974519170111612
"ATCATCTAGTACTTGC-1",16.1859409772951
"ATCATCTCAGACGCCT-1",9.95255748188655
"ATCATCTCATCCGTGG-1",0
"ATCATCTGTATTACCG-1",32.1319057593733
"ATCATCTGTCACTTCC-1",5.51677469462939
"ATCATCTTCAGCGACC-1",35.4112747889756
"ATCATCTTCCTCAACC-1",1.56041831239381
"ATCATGGCAAGCGTAG-1",15.6126552717832
"ATCATGGCAAGGTTCT-1",9.15784653582775
"ATCATGGCACTACAGT-1",14.8762915921322
"ATCATGGGTAAGGGAA-1",0
"ATCATGGGTTGTGGCC-1",29.0841127794283
"ATCATGGTCAATAAGG-1",14.0085324039928
"ATCATGGTCCAATGGT-1",16.5246911964243
"ATCATGGTCGCCATAA-1",0
"ATCATGGTCGGTTAAC-1",0
"ATCCACCAGCTAGTCT-1",3.15606276561771
"ATCCACCAGGCTCTTA-1",9.95157633950367
"ATCCACCCAAACGTGG-1",0
"ATCCACCCAGTTAACC-1",24.4957484936253
"ATCCACCGTCCGAAGA-1",18.2750024416617
"ATCCACCGTTTGTTTC-1",16.2197262227046
"ATCCACCTCCTGCTTG-1",18.4952807340071
"ATCCACCTCCTTAATC-1",1.39088687813202
"ATCCACCTCTGGTATG-1",0
"ATCCGAAAGCGATGAC-1",21.2792314732794
"ATCCGAAAGCTAGGCA-1",1.39088687813202
"ATCCGAACAAACGTGG-1",27.7802750290155
"ATCCGAACAACAACCT-1",23.4393579817467
"ATCCGAACAAGGACTG-1",20.473454194238
"ATCCGAACACCCATTC-1",18.1930779369009
"ATCCGAACACGGTAGA-1",23.3736650114955
"ATCCGAAGTAGCGCTC-1",0
"ATCCGAAGTCATTAGC-1",27.0339531241693
"ATCCGAAGTCTCTTAT-1",10.9376858557801
"ATCCGAATCCAACCAA-1",24.3732106182702
"ATCCGAATCCTTGACC-1",20.1882189900573
"ATCCGAATCTTGTCAT-1",3.61875068954329
"ATCGAGTAGACTTTCG-1",8.40916016355555
"ATCGAGTCATCCGGGT-1",38.9883454664691
"ATCGAGTGTCCCTTGT-1",0
"ATCGAGTGTCTCCCTA-1",13.387735061831
"ATCGAGTTCATGCATG-1",1.62399538746766
"ATCGAGTTCCTGCCAT-1",8.40916016355555
"ATCTACTAGGTGTGGT-1",1.58678831255995
"ATCTACTCAGCTGTAT-1",1.22609565110309
"ATCTACTCAGTACACT-1",23.1471274936683
"ATCTACTCATGACATC-1",7.21927180008067
"ATCTACTGTAAGTAGT-1",5.92070805516777
"ATCTACTGTGTCGCTG-1",1.16625372558609
"ATCTACTTCCGCGTTT-1",1.16625372558609
"ATCTACTTCGCAAGCC-1",1.52712153324676
"ATCTACTTCTATCGCC-1",7.17151903472253
"ATCTACTTCTCTAAGG-1",19.5459883202307
"ATCTGCCAGGCTCAGA-1",14.4626281506566
"ATCTGCCGTACAGTTC-1",26.4402552064956
"ATCTGCCGTTGTGGAG-1",20.141679751005
"ATCTGCCTCAGAGACG-1",12.2736413009016
"ATCTGCCTCAGCTGGC-1",23.1471274936683
"ATCTGCCTCGTACGGC-1",0
"ATCTGCCTCTCGAGTA-1",1.86863594734354
"ATCTGCCTCTGAGTGT-1",14.4626281506566
"ATCTGCCTCTTGTATC-1",25.8541717645775
"ATGAGGGAGGTCGGAT-1",3.57044181037561
"ATGAGGGCATGACGGA-1",21.2616876060188
"ATGAGGGCATTAGGCT-1",26.5458835396338
"ATGAGGGTCACATGCA-1",38.7103664905493
"ATGAGGGTCAGTCCCT-1",12.311525906863
"ATGCGATAGTCAATAG-1",1.70335857875318
"ATGCGATCATGTTGAC-1",0
"ATGCGATGTGCAGTAG-1",2.80796477636142
"ATGCGATGTGCATCTA-1",1.32974901546006
"ATGCGATTCCCAAGAT-1",20.141679751005
"ATGCGATTCGCCATAA-1",0
"ATGGGAGAGCAATATG-1",3.59876556531074
"ATGGGAGAGCCACGCT-1",0
"ATGGGAGAGGTGATAT-1",9.88048173129446
"ATGGGAGCACCAGGTC-1",22.5902430609139
"ATGGGAGCACTATCTT-1",0
"ATGGGAGCAGCATACT-1",14.5658427807583
"ATGGGAGCATAGAAAC-1",30.0130153502568
"ATGGGAGCATTACCTT-1",13.5158792739251
"ATGTGTGAGCGAAGGG-1",19.3240359805902
"ATGTGTGAGGGTTTCT-1",26.0749703046365
"ATGTGTGAGTTGAGTA-1",1.40743615219821
"ATGTGTGCACGGCGTT-1",6.34875842615548
"ATGTGTGCACGGTTTA-1",9.1907334941074
"ATGTGTGCAGTATAAG-1",0
"ATGTGTGTCACGCGGT-1",27.0339531241693
"ATTACTCAGATGTGTA-1",1.47537638654094
"ATTACTCAGCGTAATA-1",16.7794568465001
"ATTACTCAGGTGCACA-1",10.8017305816084
"ATTACTCAGTGAAGTT-1",32.1319057593733
"ATTACTCCAAACTGTC-1",20.2816318281266
"ATTACTCCACCATCCT-1",15.7954821210504
"ATTACTCCAGACTCGC-1",9.23761723530197
"ATTACTCCATATGCTG-1",0
"ATTACTCCATCGGTTA-1",0
"ATTACTCCATTGCGGC-1",32.9438249708703
"ATTACTCGTTAAAGAC-1",0
"ATTACTCTCCGAACGC-1",0
"ATTATCCAGAGTACCG-1",26.3519872131483
"ATTATCCAGCTTATCG-1",11.9311365398331
"ATTATCCCACAAGCCC-1",18.4917917828973
"ATTATCCCATATGAGA-1",12.8516774950837
"ATTATCCCATCTGGTA-1",0
"ATTATCCGTCGTTGTA-1",3.74082328655948
"ATTATCCGTCTCTCTG-1",18.149848798766
"ATTATCCTCAACGGGA-1",26.0749703046365
"ATTATCCTCCGCGCAA-1",0
"ATTATCCTCTCCGGTT-1",0
"ATTCTACGTCACTTCC-1",38.9883454664691
"ATTCTACGTCTAGTCA-1",22.4853645994191
"ATTCTACGTTGTCGCG-1",14.0085324039928
"ATTGGACAGCAGATCG-1",1.5365023226786
"ATTGGACAGGGCATGT-1",16.7794568465001
"ATTGGACAGTGGACGT-1",14.1375783607185
"ATTGGACCAAGACACG-1",0
"ATTGGACGTAATAGCA-1",1.57392569303943
"ATTGGACTCCTGCTTG-1",7.19285506556958
"ATTGGACTCGGCGCAT-1",1.5365023226786
"ATTGGACTCGTTTGCC-1",15.7189250960576
"ATTGGTGAGAATGTTG-1",12.9343685159363
"ATTGGTGCAAGCTGAG-1",11.3456571602098
"ATTGGTGCAGCAGTTT-1",20.4379691476825
"ATTGGTGGTTGAGTTC-1",22.0022610416261
"ATTGGTGTCAAAGTAG-1",17.8096142473812
"ATTGGTGTCGGAAACG-1",23.4393579817467
"ATTTCTGAGGGATACC-1",32.1319057593733
"ATTTCTGAGGGATCTG-1",13.0589564318381
"ATTTCTGAGGTGTTAA-1",11.2250013603042
"ATTTCTGAGTCGAGTG-1",1.40743615219821
"ATTTCTGAGTTCGCAT-1",1.83601257654151
"ATTTCTGCAAGGTGTG-1",15.6126552717832
"ATTTCTGGTAGCTCCG-1",0
"ATTTCTGGTGCACGAA-1",4.4682244074384
"ATTTCTGGTTGCCTCT-1",10.9196874513827
"ATTTCTGTCAAAGTAG-1",0
"ATTTCTGTCAGCTCGG-1",0
"ATTTCTGTCTTGGGTA-1",21.3130279951451
"CAACCAAAGAAACGCC-1",15.6126552717832
"CAACCAAAGAGGGCTT-1",1.39088687813202
"CAACCAAAGCTGAAAT-1",3.15606276561771
"CAACCAAAGGACAGCT-1",10.9906836331194
"CAACCAAAGGGAGTAA-1",0
"CAACCAACATACGCTA-1",0
"CAACCTCAGTAATCCC-1",1.16625372558609
"CAACCTCCAGACGCAA-1",30.3133676094799
"CAACCTCGTGAGTGAC-1",6.94077966027705
"CAACCTCGTTCCACGG-1",0
"CAACCTCTCATACGGT-1",23.9566683803412
"CAACCTCTCCGATATG-1",13.5323586177627
"CAACCTCTCCTTTACA-1",0
"CAACCTCTCTCTAGGA-1",0
"CAACTAGAGAATAGGG-1",0
"CAACTAGAGGATGCGT-1",13.1544769728178
"CAACTAGCACCATCCT-1",18.4564066051605
"CAACTAGCAGACTCGC-1",20.4379691476825
"CAACTAGCAGTTCATG-1",0
"CAACTAGGTACGCACC-1",30.3133676094799
"CAACTAGTCAGGCCCA-1",3.77752514877899
"CAAGAAAAGAAGGACA-1",6.64585360013078
"CAAGAAAAGACGCACA-1",30.5085338333368
"CAAGAAAAGGCCCTTG-1",0
"CAAGAAAAGGTGATAT-1",2.80796477636142
"CAAGAAAAGTCGATAA-1",3.87473664882885
"CAAGAAAAGTGGAGTC-1",22.5902430609139
"CAAGAAAAGTGTACCT-1",0
"CAAGAAACACGGTGTC-1",11.6313321950488
"CAAGAAATCTGCTTGC-1",0
"CAAGATCAGCTGAAAT-1",19.1015959689913
"CAAGATCGTAAGAGGA-1",15.7363540171248
"CAAGATCGTGCCTTGG-1",1.71000434612725
"CAAGATCTCAACACCA-1",26.5458835396338
"CAAGATCTCTCGATGA-1",20.473454194238
"CAAGGCCAGGAGTCTG-1",0
"CAAGGCCAGGCTATCT-1",22.5902430609139
"CAAGGCCCACGGTAAG-1",1.22609565110309
"CAAGGCCCATGTTCCC-1",19.3351292899065
"CAAGGCCGTCCGTCAG-1",21.2294353085983
"CAAGGCCTCAACGGGA-1",1.32974901546006
"CAAGGCCTCCTTGACC-1",2.31821325043082
"CAAGGCCTCGTGACAT-1",30.1591049663217
"CAAGTTGAGACAGGCT-1",31.4879173047177
"CAAGTTGAGATGTCGG-1",29.0841127794283
"CAAGTTGAGCGTCAAG-1",10.8344831410292
"CAAGTTGAGCGTTTAC-1",2.61551605470547
"CAAGTTGCACATTAGC-1",17.0821442741968
"CAAGTTGCACGCTTTC-1",1.68917491877546
"CAAGTTGCACGGTGTC-1",5.92070805516777
"CAAGTTGCATTCTTAC-1",3.27544040942809
"CAAGTTGGTACTCAAC-1",19.3240359805902
"CAAGTTGGTCAGGACA-1",17.8096142473812
"CAAGTTGGTCGGCACT-1",0
"CAAGTTGTCAACGAAA-1",0
"CAAGTTGTCACCACCT-1",22.2623656221431
"CAAGTTGTCATTGCCC-1",3.91073574908926
"CAAGTTGTCGAATCCA-1",8.92173832991039
"CAAGTTGTCTACTTAC-1",17.4079047292192
"CACAAACAGGGCTCTC-1",0
"CACAAACAGGGCTTGA-1",13.2049352849449
"CACAAACAGTGACATA-1",2.68645056989105
"CACAAACCAACTGCGC-1",1.5365023226786
"CACAAACCAATAAGCA-1",1.62399538746766
"CACAAACCAATCAGAA-1",28.8021374172276
"CACAAACCACTTAACG-1",3.67483313135851
"CACAAACCATGAACCT-1",37.7382011847754
"CACAAACCATGGTCAT-1",2.48600736536419
"CACAAACGTCAACTGT-1",9.95157633950367
"CACAAACGTCAGAATA-1",7.49133809670733
"CACAAACTCTTCGGTC-1",13.5158792739251
"CACAAACTCTTGGGTA-1",0
"CACACAAAGCGACGTA-1",23.5216010722469
"CACACAAAGGGAGTAA-1",14.4626281506566
"CACACAACAAACGTGG-1",16.3245738179455
"CACACAACACATGACT-1",3.44110046912119
"CACACAACATCGATTG-1",0
"CACACAACATTGGGCC-1",0
"CACACAAGTACGACCC-1",0
"CACACAAGTCAGTGGA-1",2.48600736536419
"CACACAAGTCATCGGC-1",0
"CACACAAGTTTACTCT-1",17.9102678432777
"CACACAATCCACGTGG-1",0
"CACACAATCCACGTTC-1",21.30380151404
"CACACAATCGGCGCAT-1",15.6126552717832
"CACACCTAGAGACTAT-1",1.62399538746766
"CACACCTAGGACATTA-1",10.1660612653491
"CACACCTAGTGTGAAT-1",31.4200214421622
"CACACCTCACTGAAGG-1",0
"CACACCTCATAGGATA-1",1.49977531468034
"CACACCTCATAGTAAG-1",3.27862373864736
"CACACCTCATTGGGCC-1",1.5365023226786
"CACACCTGTACAGCAG-1",0
"CACACCTGTACCGCTG-1",11.0663828377079
"CACACCTGTCCAAGTT-1",12.1378970030719
"CACACCTGTGGACGAT-1",3.68068496948538
"CACACCTGTGGTCTCG-1",3.94549319446234
"CACACCTTCATGTCTT-1",31.1942992017882
"CACACCTTCTGGCGAC-1",22.5902430609139
"CACACTCAGGGAAACA-1",1.62760253772604
"CACACTCCAACACCTA-1",0
"CACACTCCAAGGGTCA-1",5.51677469462939
"CACACTCGTGACGCCT-1",0
"CACACTCGTTTGTGTG-1",18.692031023216
"CACAGGCAGCCATCGC-1",16.8304731709962
"CACAGGCAGGGATGGG-1",2.61248962515015
"CACAGGCCAAGAGTCG-1",39.5577954019063
"CACAGGCCAATGGAGC-1",2.66258782702545
"CACAGGCGTCTAGGTT-1",14.0085324039928
"CACAGGCGTTACGCGC-1",1.47537638654094
"CACAGGCTCGGGAGTA-1",18.0573035284384
"CACAGGCTCTATGTGG-1",3.77752514877899
"CACAGTAAGACGCAAC-1",8.61644619869624
"CACAGTAAGACGCACA-1",30.2474600910086
"CACAGTAAGTGGGCTA-1",0
"CACAGTACAACTGGCC-1",28.9345588449795
"CACAGTACATCGGACC-1",3.77752514877899
"CACAGTAGTTCCATGA-1",0.974519170111612
"CACATAGAGCCCAATT-1",18.1389184281458
"CACATAGAGTGTACTC-1",0
"CACATAGCACTTCTGC-1",31.1592382680109
"CACATAGCAGGGTATG-1",11.0994111266272
"CACATAGTCCTTGCCA-1",12.9399036508804
"CACATAGTCGGCGCAT-1",8.77397286002594
"CACATTTAGCAGATCG-1",22.4853645994191
"CACATTTAGGGCACTA-1",21.30380151404
"CACATTTCACGGCGTT-1",3.44887373257659
"CACATTTCATTACCTT-1",38.9907880273269
"CACATTTGTCGAACAG-1",0
"CACATTTGTGTTGAGG-1",0
"CACATTTTCCAGAGGA-1",0
"CACATTTTCCGCATCT-1",3.68068496948538
"CACATTTTCTACTATC-1",14.1147441894769
"CACATTTTCTGTGCAA-1",16.5656459728004
"CACCACTAGCCACGTC-1",0
"CACCACTAGTGGTAAT-1",12.311525906863
"CACCACTAGTTACCCA-1",28.4268607221095
"CACCACTCAAGCCCAC-1",8.40916016355555
"CACCACTCAGTTCATG-1",16.6905989672696
"CACCACTGTTATTCTC-1",1.16625372558609
"CACCACTTCACCGGGT-1",11.6417364044346
"CACCACTTCGAATCCA-1",0
"CACCACTTCGACCAGC-1",6.10136947985607
"CACCACTTCTAACCGA-1",0
"CACCACTTCTTTAGTC-1",2.48600736536419
"CACCAGGCACATTAGC-1",0.974519170111612
"CACCAGGCACTGCCAG-1",16.6854718983364
"CACCAGGCATAAAGGT-1",4.4682244074384
"CACCAGGCATGAACCT-1",1.99733992184537
"CACCAGGGTGAAATCA-1",15.1964574565791
"CACCAGGGTGTTTGGT-1",30.8936587459917
"CACCAGGGTTATCACG-1",26.5458835396338
"CACCAGGTCATGTAGC-1",1.38255603900928
"CACCAGGTCTGCTTGC-1",30.1591049663217
"CACCTTGAGACTTGAA-1",0
"CACCTTGAGTCAATAG-1",1.32974901546006
"CACCTTGCAGGCGATA-1",6.95311479250851
"CACCTTGCATTCCTGC-1",0
"CACCTTGGTCATTAGC-1",1.40743615219821
"CACCTTGGTGATGTCT-1",0
"CACCTTGGTTATGTGC-1",9.48256208569546
"CACCTTGTCAACCATG-1",14.2285421299607
"CACCTTGTCATTATCC-1",9.95499841883388
"CACCTTGTCCAAAGTC-1",21.2616876060188
"CACCTTGTCTCACATT-1",16.2197262227046
"CACTCCAAGACAAGCC-1",21.0337846788917
"CACTCCAAGGTACTCT-1",16.8089044555746
"CACTCCACAATGGACG-1",2.61551605470547
"CACTCCAGTACATGTC-1",6.57794797378234
"CACTCCAGTTGTCGCG-1",1.0194944229027
"CACTCCATCAACACAC-1",30.5934940880747
"CACTCCATCCCAGGTG-1",1.43192314015944
"CAGAATCAGAAACCTA-1",30.0136506360519
"CAGAATCAGCCAACAG-1",0
"CAGAATCAGCTGGAAC-1",3.64080675077576
"CAGAATCAGGACTGGT-1",16.8435332484763
"CAGAATCAGTATCGAA-1",0.974519170111612
"CAGAATCCACAGAGGT-1",13.5413112291941
"CAGAATCCAGGGTACA-1",9.95157633950367
"CAGAATCGTAAGTGTA-1",37.3121691375347
"CAGAATCGTAATCACC-1",0
"CAGAATCTCAGTTTGG-1",23.0420503690331
"CAGAATCTCGCAAGCC-1",19.1015959689913
"CAGAATCTCGGTCCGA-1",0
"CAGAATCTCTTGCAAG-1",18.692031023216
"CAGAATCTCTTGTACT-1",35.061526833983
"CAGAGAGAGAATTGTG-1",0
"CAGAGAGAGCAATATG-1",5.96916425469838
"CAGAGAGCAAGAAGAG-1",30.8936587459917
"CAGAGAGCACCAGATT-1",0
"CAGAGAGGTAATCACC-1",14.4626281506566
"CAGAGAGGTAGCTGCC-1",19.3351292899065
"CAGAGAGGTAGGACAC-1",3.59876556531074
"CAGAGAGGTATAGGGC-1",28.5115748201928
"CAGAGAGGTCCGAATT-1",0
"CAGAGAGGTTGAGGTG-1",6.2342865718947
"CAGAGAGTCACCCGAG-1",0
"CAGAGAGTCATAACCG-1",0
"CAGAGAGTCCGAACGC-1",1.0194944229027
"CAGAGAGTCTGGTATG-1",0
"CAGATCAAGAGACGAA-1",1.32974901546006
"CAGATCAAGCACCGTC-1",38.0682651449882
"CAGATCAAGCTTCGCG-1",0
"CAGATCAAGGATTCGG-1",0
"CAGATCAAGTGTACCT-1",3.61875068954329
"CAGATCAAGTTTAGGA-1",2.63702395861058
"CAGATCACAATAACGA-1",1.73109612299393
"CAGATCACACACCGAC-1",0
"CAGATCACACGGTAAG-1",0
"CAGATCACACTCTGTC-1",19.3132752144635
"CAGATCACAGCATACT-1",12.5290996143536
"CAGATCACAGTGGGAT-1",7.17151903472253
"CAGATCAGTACCAGTT-1",32.9438249708703
"CAGATCAGTGCGGTAA-1",13.7228230903759
"CAGATCATCTGATTCT-1",1.22609565110309
"CAGCAGCAGATGCCAG-1",1.5365023226786
"CAGCAGCAGGGAACGG-1",2.31821325043082
"CAGCAGCCACCTATCC-1",4.50115786928025
"CAGCAGCCATCACAAC-1",10.9906836331194
"CAGCAGCTCAACACTG-1",0
"CAGCAGCTCGAACTGT-1",16.3834961676843
"CAGCAGCTCGCCGTGA-1",1.32974901546006
"CAGCATAAGAGACGAA-1",12.1459037103518
"CAGCATAGTCTAGGTT-1",1.32974901546006
"CAGCATAGTTTACTCT-1",16.3296991132468
"CAGCATATCACGAAGG-1",19.3351292899065
"CAGCATATCAGGCAAG-1",0
"CAGCATATCCTTAATC-1",1.47537638654094
"CAGCCGAAGCATCATC-1",0
"CAGCCGAAGTTTCCTT-1",14.0085324039928
"CAGCCGACACGTGAGA-1",1.43192314015944
"CAGCCGACATCAGTCA-1",30.0130153502568
"CAGCCGAGTGATGTCT-1",3.61875068954329
"CAGCCGATCACCAGGC-1",0
"CAGCCGATCCTCAATT-1",17.8197877809407
"CAGCGACAGAAACGCC-1",15.7363540171248
"CAGCGACAGCGTCAAG-1",23.4393579817467
"CAGCGACCAAACGTGG-1",0
"CAGCGACCAAAGCGGT-1",7.21927180008067
"CAGCGACCACGTCAGC-1",3.77752514877899
"CAGCGACCATGGGACA-1",4.1545297955535
"CAGCGACGTCTGATTG-1",19.3656053532427
"CAGCGACGTGGACGAT-1",0
"CAGCGACGTGGTTTCA-1",11.3564883265153
"CAGCGACGTTCGGCAC-1",7.00438289487557
"CAGCGACTCCGCAAGC-1",0
"CAGCGACTCTGGGCCA-1",19.6004814191444
"CAGCTAAAGATGTGTA-1",12.8963694470552
"CAGCTAAAGCAGACTG-1",0
"CAGCTAAAGCTGTTCA-1",1.28529841676794
"CAGCTAAAGGAGCGTT-1",20.1481647139173
"CAGCTAACACAGATTC-1",7.56180919701327
"CAGCTAACATCAGTAC-1",26.0749703046365
"CAGCTAAGTAATCGTC-1",25.8020460866587
"CAGCTAAGTCTCACCT-1",37.3121691375347
"CAGCTAAGTTCGTCTC-1",1.47537638654094
"CAGCTAATCCACGCAG-1",0
"CAGCTAATCCCTAACC-1",0
"CAGCTAATCTGGTTCC-1",0
"CAGCTAATCTTAGCCC-1",0
"CAGCTAATCTTCGGTC-1",0
"CAGCTGGAGACACTAA-1",3.27544040942809
"CAGCTGGAGATCCTGT-1",15.6974988734079
"CAGCTGGCACCAACCG-1",3.64080675077576
"CAGCTGGCAGTGGAGT-1",0
"CAGCTGGCATGCATGT-1",1.47537638654094
"CAGCTGGTCTACCTGC-1",15.6126552717832
"CAGGTGCAGAGACGAA-1",10.4079617178963
"CAGGTGCAGATCCTGT-1",0
"CAGGTGCAGGCATGTG-1",0
"CAGGTGCCAGGAACGT-1",21.30380151404
"CAGGTGCCATAGTAAG-1",14.8335249634664
"CAGGTGCCATCGGAAG-1",37.926716862013
"CAGGTGCTCAGTTGAC-1",26.4402552064956
"CAGGTGCTCCAAGTAC-1",0
"CAGGTGCTCTTGTATC-1",16.4517597254356
"CAGTAACAGATATGGT-1",8.61644619869624
"CAGTAACAGATGGCGT-1",1.47537638654094
"CAGTAACCAATCACAC-1",1.49977531468034
"CAGTAACCACTCGACG-1",4.4682244074384
"CAGTAACGTGATAAGT-1",18.8399759233504
"CAGTAACGTGCACCAC-1",2.13303872768881
"CAGTAACTCAGAGGTG-1",22.4390163445319
"CAGTAACTCGTACGGC-1",12.8963694470552
"CAGTAACTCGTGACAT-1",0
"CAGTAACTCTGCCAGG-1",19.8108743194335
"CAGTCCTAGAATCTCC-1",16.5697357378424
"CAGTCCTAGATCTGCT-1",20.6758876330687
"CAGTCCTCAGTATAAG-1",32.9683654982693
"CAGTCCTTCAACACGT-1",18.7679331186378
"CAGTCCTTCCATGAGT-1",18.2750024416617
"CAGTCCTTCCCGACTT-1",30.0130153502568
"CAGTCCTTCCCTTGTG-1",14.0085324039928
"CAGTCCTTCGAACGGA-1",0
"CAGTCCTTCGGTTCGG-1",21.2294353085983
"CAGTCCTTCTACTTAC-1",10.6345702877083
"CATATGGAGAGATGAG-1",2.66258782702545
"CATATGGAGGCATGGT-1",19.6004814191444
"CATATGGAGTATTGGA-1",0
"CATATGGCAAGCGTAG-1",3.68068496948538
"CATATGGGTCGCATAT-1",0
"CATATGGTCATTATCC-1",28.2506973326587
"CATATGGTCATTGCGA-1",1.62760253772604
"CATATTCCACCACCAG-1",38.7103664905493
"CATATTCGTGACTACT-1",1.39088687813202
"CATATTCGTGGTACAG-1",0
"CATATTCGTGTGACGA-1",9.71698624444577
"CATATTCTCACAGGCC-1",4.91112458279462
"CATATTCTCGCAAACT-1",0
"CATCAAGAGAACTCGG-1",14.8762915921322
"CATCAAGAGATGGCGT-1",0
"CATCAAGAGCCGCCTA-1",10.4248859640614
"CATCAAGCACGAAACG-1",1.57392569303943
"CATCAAGCAGCCTTTC-1",21.4610027949931
"CATCAAGCATGGAATA-1",0
"CATCAAGGTTACTGAC-1",27.8709854594525
"CATCAAGGTTCCATGA-1",3.59876556531074
"CATCAAGTCTAAGCCA-1",5.92070805516777
"CATCAAGTCTGACCTC-1",19.2596647451111
"CATCAGAAGCTAGTCT-1",9.41070874974242
"CATCAGACAAGCCATT-1",11.7395956223494
"CATCAGACAATGACCT-1",0
"CATCAGACACGGCCAT-1",14.8794115704882
"CATCAGACAGACAGGT-1",0
"CATCAGACATAACCTG-1",15.3832976340489
"CATCAGAGTAATTGGA-1",14.3429676810619
"CATCAGAGTACATGTC-1",18.4564066051605
"CATCAGAGTGTTAAGA-1",0
"CATCAGAGTTCAACCA-1",0
"CATCAGATCGTTGACA-1",4.63875408002823
"CATCCACGTAAAGTCA-1",3.15606276561771
"CATCCACGTACCGTAT-1",1.47537638654094
"CATCCACGTGCCTGTG-1",0
"CATCCACGTTTAAGCC-1",12.0764621730578
"CATCGAAAGAGTACAT-1",0
"CATCGAAAGCTGTCTA-1",0
"CATCGAACAAGAGGCT-1",0
"CATCGAACAAGCTGAG-1",2.66258782702545
"CATCGAACACATTTCT-1",5.04125231486159
"CATCGAACATAAAGGT-1",0
"CATCGAAGTAGTACCT-1",9.88048173129446
"CATCGAAGTCCGACGT-1",0
"CATCGAAGTGCACTTA-1",1.62399538746766
"CATCGAATCAAACCAC-1",18.3434020282119
"CATCGAATCCGCGGTA-1",0
"CATCGAATCCGTAGTA-1",22.3268375753954
"CATCGGGAGAAGCCCA-1",0
"CATCGGGAGCGAGAAA-1",9.85149624373771
"CATCGGGAGGGTGTGT-1",9.88048173129446
"CATCGGGAGGTGTTAA-1",15.1964574565791
"CATCGGGAGTGACTCT-1",5.51677469462939
"CATCGGGCACTCAGGC-1",0
"CATCGGGCAGACGCTC-1",18.1930779369009
"CATCGGGCATCACAAC-1",3.87473664882885
"CATCGGGGTCCTCTTG-1",3.39004022056664
"CATCGGGGTGAGGGAG-1",36.9680193678621
"CATCGGGGTTCGAATC-1",0
"CATCGGGTCAGGATCT-1",15.5299817162636
"CATCGGGTCCACGAAT-1",19.0486099627681
"CATCGGGTCGATGAGG-1",0
"CATGACAAGACCACGA-1",17.8096142473812
"CATGACAAGCTCCTCT-1",0
"CATGACAAGTAACCCT-1",0
"CATGACAAGTATCTCG-1",0
"CATGACAGTCGTCTTC-1",0
"CATGACAGTGAACCTT-1",4.98374262295875
"CATGACATCAATAAGG-1",16.5246911964243
"CATGACATCTAACTGG-1",0
"CATGCCTAGACCTAGG-1",18.7679331186378
"CATGCCTAGAGTCTGG-1",20.0631774992792
"CATGCCTCACCACCAG-1",16.5317914091095
"CATGCCTGTCAAAGCG-1",19.9868303957692
"CATGCCTGTCGATTGT-1",9.33668680609565
"CATGCCTTCCACGACG-1",26.0749703046365
"CATGCCTTCCTCATTA-1",5.52783047628952
"CATGCCTTCGCATGAT-1",8.40916016355555
"CATGGCGAGAGCTGGT-1",1.56041831239381
"CATGGCGAGTACGACG-1",37.066027785043
"CATGGCGTCCAAAGTC-1",0
"CATGGCGTCCCTTGTG-1",30.8936587459917
"CATGGCGTCGGCCGAT-1",13.2104924086228
"CATGGCGTCTCAAACG-1",30.0130153502568
"CATGGCGTCTGCCCTA-1",0
"CATTATCAGACCCACC-1",28.3144079390558
"CATTATCAGTCCCACG-1",2.61551605470547
"CATTATCCAAGTCTGT-1",3.39004022056664
"CATTATCCAGGGCATA-1",0
"CATTATCGTCAATGTC-1",0
"CATTATCTCACAAACC-1",18.3434020282119
"CATTATCTCAGATAAG-1",0
"CATTATCTCGCGTTTC-1",19.3240359805902
"CATTATCTCGTTGCCT-1",0
"CATTATCTCTATCCCG-1",14.8552725599548
"CATTATCTCTTAACCT-1",30.0130153502569
"CATTCGCAGGTGCTAG-1",0
"CATTCGCCAAGGGTCA-1",0
"CATTCGCCAGCCTATA-1",20.0339220029148
"CATTCGCCATACAGCT-1",1.52712153324676
"CATTCGCCATGGATGG-1",37.7370843313603
"CATTCGCCATGTCTCC-1",12.5290996143536
"CATTCGCCATTCACTT-1",0
"CATTCGCGTAGCACGA-1",30.8936587459917
"CATTCGCTCATCACCC-1",40.2297106605389
"CCAATCCAGACCACGA-1",29.3619465500803
"CCAATCCAGATATGGT-1",0
"CCAATCCAGTCGAGTG-1",19.3351292899064
"CCAATCCAGTCGTTTG-1",32.2402254872258
"CCAATCCAGTTTAGGA-1",0
"CCAATCCCAAGCGAGT-1",7.39469499084017
"CCAATCCTCGGACAAG-1",17.5231317517523
"CCACCTAAGGATGGTC-1",1.20621747417976
"CCACCTAAGTCGAGTG-1",10.503281382798
"CCACCTAAGTGGGATC-1",26.5458835396338
"CCACCTAAGTGTGGCA-1",16.7279380010891
"CCACCTACAACAACCT-1",1.79217625746399
"CCACCTACAAGCCGCT-1",0
"CCACCTACAATCTACG-1",23.9566683803412
"CCACCTAGTAGTACCT-1",30.0130153502568
"CCACCTAGTCGCGTGT-1",0
"CCACCTAGTGGGTCAA-1",0
"CCACCTATCAGTTGAC-1",17.8197877809407
"CCACCTATCTGATACG-1",0
"CCACGGAAGGGAACGG-1",0
"CCACGGACATGTCGAT-1",1.3787668428104
"CCACGGAGTAAGGGCT-1",0
"CCACGGAGTCAGATAA-1",24.7541417293136
"CCACGGAGTCCGTGAC-1",0
"CCACGGAGTGTAATGA-1",10.9196874513827
"CCACGGAGTTCTGAAC-1",0
"CCACGGATCACATAGC-1",6.57794797378234
"CCACGGATCCACGTGG-1",5.04125231486159
"CCACGGATCTACTATC-1",19.0564397590481
"CCACGGATCTAGAGTC-1",37.7370843313603
"CCACTACAGAGTACCG-1",20.7830764565508
"CCACTACAGCTTTGGT-1",14.4626281506566
"CCACTACCAGCAGTTT-1",1.32974901546006
"CCACTACCAGTAGAGC-1",23.8759242487747
"CCACTACGTCCGAATT-1",4.50115786928025
"CCACTACGTCTCAACA-1",0
"CCACTACGTGACAAAT-1",3.27544040942809
"CCACTACGTGACCAAG-1",16.6905989672696
"CCACTACGTGCACGAA-1",10.3125330841038
"CCACTACTCACTCTTA-1",20.7830764565508
"CCACTACTCCGCATCT-1",28.0368797361318
"CCACTACTCGGAAATA-1",0
"CCACTACTCTCGTATT-1",26.3519872131483
"CCACTACTCTCGTTTA-1",15.6126552717832
"CCAGCGAAGCCCAACC-1",17.2993794226656
"CCAGCGACATCGGGTC-1",1.32974901546006
"CCAGCGACATGTCCTC-1",16.655269313755
"CCAGCGAGTAGGCATG-1",19.3351292899065
"CCAGCGAGTCCGTTAA-1",31.1942992017882
"CCAGCGATCAGAAATG-1",14.7891848041011
"CCATGTCAGCGATCCC-1",1.71000434612725
"CCATGTCAGGTCGGAT-1",35.7989746813796
"CCATGTCAGGTTACCT-1",6.64585360013078
"CCATGTCCAAGCTGGA-1",4.50115786928025
"CCATGTCCACATCCGG-1",16.8435332484763
"CCATGTCGTCCAGTAT-1",9.45745474305273
"CCATGTCTCCAAGTAC-1",10.6345702877083
"CCATGTCTCTTGTATC-1",3.68068496948538
"CCATTCGCAGTACACT-1",0.974519170111612
"CCATTCGCAGTTTACG-1",28.2506973326587
"CCATTCGGTAATCGTC-1",11.0994111266272
"CCATTCGGTATTACCG-1",1.22609565110309
"CCCAATCAGTCACGCC-1",5.92070805516777
"CCCAATCCAGGTGGAT-1",1.73109612299393
"CCCAATCGTGAAGGCT-1",26.0749703046365
"CCCAATCGTTGGAGGT-1",18.1880346748003
"CCCAATCTCACATGCA-1",38.7103664905493
"CCCAATCTCCAGTATG-1",26.5458835396338
"CCCAATCTCGGAGCAA-1",0
"CCCAGTTAGAATAGGG-1",0
"CCCAGTTAGATCCCGC-1",3.68068496948538
"CCCAGTTAGCGTGAAC-1",1.70335857875318
"CCCAGTTAGGAATCGC-1",11.8074339666052
"CCCAGTTAGTCCGGTC-1",5.20746224370948
"CCCAGTTAGTTTGCGT-1",0
"CCCAGTTGTACATGTC-1",7.19897412904375
"CCCAGTTGTCTGCAAT-1",0
"CCCAGTTTCTGAAAGA-1",2.80796477636142
"CCCATACAGGGTTCCC-1",0
"CCCATACAGTGTTTGC-1",27.6842446077317
"CCCATACCAAAGGTGC-1",25.0285701914136
"CCCATACCAACACCCG-1",20.0339220029148
"CCCATACCAGCAGTTT-1",17.2993794226656
"CCCATACGTATTACCG-1",5.59991066786472
"CCCATACGTCAATACC-1",10.6529185752054
"CCCATACGTCTAGTCA-1",15.6126552717832
"CCCATACGTTGAGTTC-1",17.4079047292192
"CCCATACTCAATAAGG-1",0
"CCCATACTCAGCGACC-1",38.9883454664691
"CCCATACTCATCACCC-1",1.5365023226786
"CCCATACTCCGTAGGC-1",3.91073574908926
"CCCTCCTAGGAATCGC-1",0
"CCCTCCTCAGCTTAAC-1",0
"CCCTCCTCATATGAGA-1",6.10136947985607
"CCCTCCTCATCACGTA-1",0
"CCCTCCTGTATGGTTC-1",0
"CCCTCCTGTTAGATGA-1",10.4079617178963
"CCCTCCTTCAATCACG-1",0
"CCCTCCTTCCGCAGTG-1",28.0368797361318
"CCGGGATAGCTTCGCG-1",38.7772023238711
"CCGGGATAGGCGACAT-1",29.7004088720816
"CCGGGATAGGCTAGGT-1",29.0841127794283
"CCGGGATCACAGTCGC-1",0
"CCGGGATGTATAGGTA-1",0
"CCGGGATTCAGAGCTT-1",21.2616876060188
"CCGGGATTCGCTAGCG-1",6.2342865718947
"CCGGGATTCGCTTGTC-1",11.9311365398331
"CCGGTAGAGCGTCTAT-1",20.7830764565508
"CCGGTAGAGTACGCCC-1",19.5866371672242
"CCGGTAGCACATAACC-1",9.95499841883388
"CCGGTAGCACGCATCG-1",0
"CCGGTAGGTACTTCTT-1",2.30592188645848
"CCGGTAGGTCAAACTC-1",0
"CCGGTAGTCGTCCGTT-1",30.8316233188058
"CCGTACTAGAGAACAG-1",22.0022610416261
"CCGTACTAGTCCGTAT-1",1.5365023226786
"CCGTACTCAAGCCCAC-1",0
"CCGTACTCAAGCGAGT-1",0
"CCGTACTCATCCCACT-1",0
"CCGTACTGTACAGCAG-1",12.8516774950837
"CCGTACTGTGCGGTAA-1",32.1319057593733
"CCGTACTTCGTTACAG-1",1.5365023226786
"CCGTGGAAGACGCACA-1",0
"CCGTGGAAGAGTTGGC-1",20.2816318281266
"CCGTGGAAGGTGATAT-1",18.5205084099829
"CCGTGGAAGGTTCCTA-1",0
"CCGTGGACAGCCTTGG-1",32.9683654982693
"CCGTGGAGTTCCATGA-1",0
"CCGTGGATCTAACTTC-1",30.4119318809099
"CCGTTCAAGCGTAATA-1",0
"CCGTTCAAGTACGATA-1",0
"CCGTTCAAGTAGATGT-1",16.3245738179455
"CCGTTCACAGGATCGA-1",10.770216783888
"CCGTTCAGTATAGGGC-1",20.141679751005
"CCGTTCAGTCGCGAAA-1",18.5432355254025
"CCGTTCATCGTACCGG-1",17.9592509618583
"CCTAAAGAGAGTTGGC-1",0
"CCTAAAGCAAACCTAC-1",32.6071363062431
"CCTAAAGCATGTCTCC-1",25.839514958855
"CCTAAAGGTACTCAAC-1",0
"CCTAAAGGTCGGCACT-1",0
"CCTAAAGGTGTAATGA-1",1.32974901546006
"CCTAAAGTCACCGTAA-1",19.6004814191444
"CCTAAAGTCAGCGATT-1",32.6001409204191
"CCTAAAGTCGGCGCTA-1",3.89632026169264
"CCTAAAGTCGGTCCGA-1",18.4564066051605
"CCTACACAGGACCACA-1",1.73109612299393
"CCTACACAGGGTGTTG-1",8.3194390495136
"CCTACACCAGTAAGAT-1",0
"CCTACACGTATAGTAG-1",20.4379691476825
"CCTACACGTCCGAACC-1",1.61361093831174
"CCTACACGTGGGTCAA-1",9.95157633950367
"CCTACACGTTTGACTG-1",3.61875068954329
"CCTACACTCGGCGCTA-1",14.5646334568091
"CCTACACTCGTGACAT-1",0.955905465767875
"CCTACCAAGATAGGAG-1",12.9116913822774
"CCTACCAAGCAAATCA-1",29.3091477302567
"CCTACCAAGCGTAGTG-1",6.12103501745284
"CCTACCAAGTGCGATG-1",15.8013487019915
"CCTACCAGTATCAGTC-1",18.1930779369009
"CCTACCAGTCTCTCTG-1",0
"CCTACCAGTCTTTCAT-1",0
"CCTACCATCAGCACAT-1",0
"CCTACCATCGCCAGCA-1",27.7802750290155
"CCTAGCTAGCAAATCA-1",19.0486099627681
"CCTAGCTAGCTCCTCT-1",4.50115786928025
"CCTAGCTAGGTTACCT-1",23.0420503690331
"CCTAGCTAGTACGCGA-1",1.79217625746399
"CCTAGCTCAATGAATG-1",9.95157633950367
"CCTAGCTCAATGGTCT-1",21.7957848220744
"CCTAGCTCACATCCAA-1",1.79217625746399
"CCTAGCTCAGCCAGAA-1",0
"CCTAGCTGTAGAAAGG-1",3.94549319446234
"CCTAGCTGTCACCCAG-1",6.57794797378234
"CCTAGCTGTCTGATTG-1",0
"CCTAGCTTCACGATGT-1",32.7464191151097
"CCTAGCTTCGTAGGAG-1",0
"CCTATTAAGAATTCCC-1",1.61361093831174
"CCTATTAAGCAGGCTA-1",2.68645056989105
"CCTATTAAGCAGGTCA-1",4.50115786928025
"CCTATTAAGGGAGTAA-1",1.0194944229027
"CCTATTAAGGTAGCCA-1",3.89632026169264
"CCTATTACACAACTGT-1",0
"CCTATTACACATCCGG-1",1.81033167280907
"CCTATTAGTCAATACC-1",0
"CCTATTATCATCACCC-1",15.1198359185526
"CCTATTATCTGCGACG-1",3.39004022056664
"CCTCAGTAGCTAACTC-1",17.2063476066839
"CCTCAGTCAGGTGGAT-1",21.2690894003121
"CCTCAGTGTCCATCCT-1",14.5762409498076
"CCTCAGTGTCCGACGT-1",0
"CCTCAGTGTCTTGTCC-1",0
"CCTCAGTGTGGGTATG-1",1.5365023226786
"CCTCTGAAGTATCGAA-1",7.47422870795126
"CCTCTGAAGTGGGTTG-1",26.1836415755301
"CCTCTGACAAGCTGTT-1",16.2197262227046
"CCTCTGACACCGATAT-1",2.68645056989105
"CCTCTGACAGATGAGC-1",5.64139161065963
"CCTCTGAGTCAATACC-1",18.5205084099829
"CCTCTGAGTCCGAACC-1",1.49977531468034
"CCTCTGAGTCGTGGCT-1",0
"CCTCTGAGTCTGATTG-1",19.3351292899065
"CCTTACGCAAGCGTAG-1",0
"CCTTACGCACCAACCG-1",0
"CCTTACGGTCATCCCT-1",0
"CCTTACGGTCCTCTTG-1",0
"CCTTACGTCACAACGT-1",37.7382011847754
"CCTTACGTCATCTGCC-1",0
"CCTTACGTCGGAGGTA-1",12.9343685159363
"CCTTCCCAGAGACTAT-1",0
"CCTTCCCAGCTAGGCA-1",19.3240359805902
"CCTTCCCAGGACGAAA-1",27.0339531241693
"CCTTCCCAGGGCATGT-1",3.81695875376184
"CCTTCCCAGGTACTCT-1",2.66258782702545
"CCTTCCCCATGATCCA-1",0
"CCTTCCCTCAAGGCTT-1",0
"CCTTCCCTCTATCCTA-1",9.95255748188655
"CCTTCCCTCTATCGCC-1",3.59876556531074
"CCTTCGAAGGCGCTCT-1",9.70773264812945
"CCTTCGACAACACCCG-1",10.9196874513827
"CCTTCGACAGCGATCC-1",7.80798293192993
"CCTTCGAGTAAGCACG-1",0
"CCTTCGAGTCCATGAT-1",0
"CCTTCGAGTGTGACCC-1",0
"CCTTCGAGTTGGTGGA-1",21.2616876060188
"CCTTCGATCACAGTAC-1",4.98374262295875
"CCTTCGATCCTATGTT-1",1.32974901546006
"CCTTCGATCGCACTCT-1",0
"CCTTTCTAGACGCTTT-1",1.39088687813202
"CCTTTCTAGGGCACTA-1",16.4741644356549
"CCTTTCTAGTGGAGTC-1",12.311525906863
"CCTTTCTCAGACAAGC-1",3.86153381247447
"CCTTTCTCATCACGAT-1",9.95157633950367
"CCTTTCTCATGCCCGA-1",0
"CCTTTCTTCCCACTTG-1",29.7072770288042
"CCTTTCTTCTTTACGT-1",16.2197262227046
"CGAACATCACATGACT-1",3.91073574908926
"CGAACATCACTTGGAT-1",10.3125330841038
"CGAACATCAGTCCTTC-1",0
"CGAACATGTCTGATTG-1",0
"CGAACATGTGCTGTAT-1",5.51677469462939
"CGAACATTCTCAAACG-1",11.6417364044346
"CGAATGTAGAGGTTAT-1",13.2104924086228
"CGAATGTAGCGATAGC-1",32.1319057593733
"CGAATGTAGTTCGCAT-1",3.24726725004352
"CGAATGTCAATGCCAT-1",2.61551605470547
"CGAATGTGTCTAGTCA-1",5.51677469462939
"CGAATGTGTCTCACCT-1",20.7648425214563
"CGAATGTTCAACACAC-1",9.71698624444577
"CGAATGTTCATCACCC-1",9.88048173129446
"CGAATGTTCTGTACGA-1",27.7802750290155
"CGACCTTAGCTACCGC-1",3.61875068954329
"CGACCTTAGCTAGTCT-1",31.5185085767416
"CGACCTTCAAAGTGCG-1",0
"CGACCTTCACGAAATA-1",18.5432355254025
"CGACCTTGTAAGTGTA-1",4.46158184667981
"CGACCTTGTCAGAATA-1",22.0022610416261
"CGACCTTGTCTCCCTA-1",0
"CGACCTTGTCTCTTAT-1",20.0339220029148
"CGACCTTTCCGCGTTT-1",17.6371856378323
"CGACCTTTCGTTTATC-1",17.8096142473812
"CGACCTTTCTCCAGGG-1",1.32974901546006
"CGACTTCAGACACGAC-1",3.91073574908926
"CGACTTCAGGTAGCCA-1",30.4119318809099
"CGACTTCAGTCTTGCA-1",5.92070805516777
"CGACTTCCAATGGACG-1",4.50115786928025
"CGACTTCGTGGTGTAG-1",1.61361093831174
"CGACTTCGTTGAGTTC-1",9.48256208569546
"CGACTTCTCACTTACT-1",0
"CGACTTCTCTCGCTTG-1",1.38255603900928
"CGAGAAGAGAAACGCC-1",11.8748126812072
"CGAGAAGAGCCAACAG-1",27.5184992160069
"CGAGAAGAGCGTGTCC-1",0
"CGAGAAGCAAGTTCTG-1",26.0749703046365
"CGAGAAGCACATCCGG-1",21.2616876060188
"CGAGAAGCAGGCTGAA-1",0
"CGAGAAGTCGGATGGA-1",32.755050081057
"CGAGCACAGCCAGAAC-1",37.9015300203559
"CGAGCACCACATGTGT-1",1.70335857875318
"CGAGCACGTAGCGTCC-1",24.7541417293136
"CGAGCACGTAGCGTGA-1",3.91073574908926
"CGAGCACGTCAGATAA-1",9.51443951750749
"CGAGCACGTGCCTTGG-1",3.27544040942809
"CGAGCACTCCCGGATG-1",18.3434020282119
"CGAGCACTCCGCTGTT-1",0
"CGAGCACTCGTGACAT-1",1.79217625746399
"CGAGCCAAGCTAGCCC-1",10.6345702877083
"CGAGCCAGTATATCCG-1",21.2616876060188
"CGAGCCAGTCAAGCGA-1",24.7541417293136
"CGATCGGAGAGCCTAG-1",0
"CGATCGGAGTACGATA-1",12.4217579703096
"CGATCGGCAAACGCGA-1",0
"CGATCGGCAAGCGATG-1",1.32974901546006
"CGATCGGCAATACGCT-1",2.48600736536419
"CGATCGGCAGTTAACC-1",0
"CGATCGGCATACTCTT-1",27.0339531241693
"CGATCGGGTCGACTGC-1",0
"CGATCGGTCAACGGGA-1",14.4626281506566
"CGATCGGTCTAGCACA-1",0
"CGATGGCAGCCGTCGT-1",13.9382009743
"CGATGGCAGTCCAGGA-1",2.13303872768881
"CGATGGCCACTTAACG-1",0
"CGATGGCCAGCGTAAG-1",0
"CGATGGCCATCATCCC-1",23.4393579817467
"CGATGGCTCCTAGAAC-1",32.2061957341165
"CGATGGCTCGCTAGCG-1",16.0944889031355
"CGATGGCTCTGACCTC-1",22.8130632616633
"CGATGTAAGGCAATTA-1",1.56041831239381
"CGATGTAAGTTTGCGT-1",0
"CGATGTACACAGGCCT-1",0
"CGATGTACAGGTCTCG-1",9.38900713387653
"CGATGTAGTCCAGTGC-1",9.11321930107819
"CGATGTAGTCTAGGTT-1",12.8767816884866
"CGATGTAGTGTGCCTG-1",8.15870649356362
"CGATGTAGTTTGCATG-1",30.2474600910086
"CGATTGAAGATGTGGC-1",5.04125231486159
"CGATTGACAGACGCAA-1",0
"CGATTGAGTATGGTTC-1",14.5642809147431
"CGATTGAGTTCAGACT-1",16.6905989672696
"CGATTGATCATGGTCA-1",21.2792314732794
"CGATTGATCTGCGGCA-1",18.5432355254025
"CGCCAAGAGAATGTTG-1",14.0085324039928
"CGCCAAGAGACCTTTG-1",16.2197262227046
"CGCCAAGAGATCGGGT-1",1.22609565110309
"CGCCAAGAGATCTGAA-1",0
"CGCCAAGAGCGTGTCC-1",1.79217625746399
"CGCCAAGGTCTAGGTT-1",17.6371856378323
"CGCCAAGTCAGGATCT-1",14.5642809147431
"CGCCAAGTCCACTCCA-1",0
"CGCCAAGTCTTGTTTG-1",0
"CGCGGTAAGCTAGCCC-1",11.0728246965963
"CGCGGTAAGGGTTCCC-1",16.5246911964243
"CGCGGTACAAACTGCT-1",10.503281382798
"CGCGGTACAATGGAAT-1",0
"CGCGGTACAGCTGTTA-1",17.9102678432777
"CGCGGTAGTCAAGCGA-1",0
"CGCGGTAGTGAGGCTA-1",23.5216010722469
"CGCGGTAGTTTGCATG-1",32.2402254872258
"CGCGTTTAGTTATCGC-1",17.8096142473812
"CGCGTTTCAACAACCT-1",0
"CGCGTTTCAAGCGAGT-1",0
"CGCGTTTCAATGGACG-1",18.7679331186378
"CGCGTTTCACGGTGTC-1",12.9656497504345
"CGCGTTTGTGCTGTAT-1",9.23761723530197
"CGCGTTTGTGGACGAT-1",0
"CGCGTTTTCAAACCGT-1",19.2752910282415
"CGCGTTTTCAGCCTAA-1",24.1021934536126
"CGCGTTTTCCTATGTT-1",8.40916016355555
"CGCGTTTTCGTGGTCG-1",0
"CGCTATCAGAAACCGC-1",20.473454194238
"CGCTATCAGTCATCCA-1",0
"CGCTATCCAAGCGAGT-1",0
"CGCTATCCAGTCGATT-1",1.93097436563771
"CGCTATCCATCGACGC-1",3.77752514877899
"CGCTATCCATTTCAGG-1",0
"CGCTATCGTACCGAGA-1",0
"CGCTATCGTTCGAATC-1",1.40627215097039
"CGCTATCGTTTCGCTC-1",0
"CGCTATCTCGTTACAG-1",1.93097436563771
"CGCTGGAAGGACATTA-1",0
"CGCTGGAAGGGCACTA-1",5.51677469462939
"CGCTGGAAGGTGATAT-1",20.9451438613928
"CGCTGGACAGACTCGC-1",0
"CGCTGGAGTGTAATGA-1",3.61875068954329
"CGCTGGAGTTCTGGTA-1",0
"CGCTGGATCCGAAGAG-1",14.0106051816947
"CGCTGGATCCGTTGCT-1",5.95702101092997
"CGCTGGATCGTAGGAG-1",1.38255603900928
"CGCTGGATCGTTACAG-1",0
"CGCTTCAAGAAGGGTA-1",14.8335249634664
"CGCTTCAAGGTCGGAT-1",6.94077966027705
"CGCTTCACACGGTGTC-1",16.9227120053191
"CGCTTCACAGACAAGC-1",0
"CGCTTCACATCACCCT-1",0
"CGCTTCAGTCGCGGTT-1",0
"CGCTTCATCTTAGAGC-1",13.5413112291941
"CGGACACAGCGATATA-1",13.5158792739251
"CGGACACAGCGATGAC-1",1.43192314015944
"CGGACACAGCTTCGCG-1",19.2752910282415
"CGGACACAGGTAAACT-1",20.473454194238
"CGGACACAGTAGCCGA-1",22.4480175963159
"CGGACACCACAGGAGT-1",0
"CGGACACCATTCACTT-1",22.4853645994191
"CGGACACGTGAGCGAT-1",27.8709854594525
"CGGACACGTGCTCTTC-1",19.2596647451111
"CGGACACGTGTGACCC-1",5.47978325290788
"CGGACGTAGGTTACCT-1",20.2067682648198
"CGGACGTCATGGGACA-1",0
"CGGACGTGTGAAAGAG-1",1.93097436563771
"CGGACGTGTTGGTAAA-1",12.2023571094345
"CGGACGTTCATGTGGT-1",16.6905989672696
"CGGACGTTCTGTCCGT-1",2.8628139487241
"CGGACTGAGGAGCGAG-1",14.5642809147431
"CGGACTGAGGAGTCTG-1",0
"CGGACTGAGTGGTAGC-1",3.87473664882885
"CGGACTGCAACTTGAC-1",1.0194944229027
"CGGACTGCAATGACCT-1",1.79217625746399
"CGGACTGCACAACGTT-1",9.95499841883388
"CGGACTGCACGCCAGT-1",9.41791359076822
"CGGACTGCAGTATGCT-1",0
"CGGACTGGTAAAGGAG-1",18.7679331186378
"CGGACTGGTATAAACG-1",24.5116824748132
"CGGACTGGTGTAAGTA-1",0
"CGGACTGGTGTGGTTT-1",22.4390163445319
"CGGACTGGTTGACGTT-1",6.09299329300639
"CGGACTGTCCATGCTC-1",4.91112458279462
"CGGACTGTCCGTCAAA-1",3.67483313135851
"CGGACTGTCGTTTGCC-1",38.9883454664691
"CGGAGCTAGTTTAGGA-1",21.2690894003121
"CGGAGCTGTAGAAAGG-1",0
"CGGAGCTTCACTTATC-1",3.15606276561771
"CGGAGCTTCATGTAGC-1",4.27818362282818
"CGGAGCTTCCACGAAT-1",7.73903461463169
"CGGAGTCAGTGCGATG-1",0
"CGGAGTCAGTGTGAAT-1",2.66258782702545
"CGGAGTCCAGTGGGAT-1",13.9382009743
"CGGAGTCCATTATCTC-1",0
"CGGAGTCGTAGCTGCC-1",20.473454194238
"CGGAGTCGTGTTCGAT-1",16.3245738179455
"CGGAGTCTCCCAGGTG-1",1.73109612299393
"CGGAGTCTCCGTAGTA-1",26.5458835396338
"CGGCTAGAGAAACGCC-1",4.27818362282818
"CGGCTAGAGCACCGTC-1",9.41791359076822
"CGGCTAGAGCTAAACA-1",12.3595503406126
"CGGCTAGCAGACAAAT-1",14.8552725599548
"CGGCTAGGTAACGCGA-1",8.61644619869624
"CGGCTAGGTTCATGGT-1",19.6004814191444
"CGGCTAGTCAAAGACA-1",31.5185085767416
"CGGCTAGTCGTGGGAA-1",3.64080675077576
"CGGCTAGTCTTGTTTG-1",1.73109612299393
"CGGGTCAAGAGTCGGT-1",0
"CGGGTCAAGCACACAG-1",18.8399759233504
"CGGGTCAAGCTAACTC-1",0
"CGGGTCAAGGACACCA-1",10.3125330841038
"CGGGTCAAGTATGACA-1",25.1386341404368
"CGGGTCACAATGACCT-1",6.64585360013078
"CGGGTCACACCGAAAG-1",28.0368797361318
"CGGGTCACAGCCACCA-1",12.7103969167791
"CGGGTCACATACAGCT-1",14.0085324039928
"CGGGTCACATCCTTGC-1",4.27818362282818
"CGGGTCAGTAGCGCTC-1",2.0785670335349
"CGGGTCAGTCGATTGT-1",18.4564066051605
"CGGGTCAGTGCAACTT-1",18.1389184281458
"CGGGTCAGTTGTTTGG-1",1.43192314015944
"CGGGTCATCAACACCA-1",0
"CGGGTCATCACCTTAT-1",1.16625372558609
"CGGGTCATCCACGACG-1",0
"CGGTTAACAGGACCCT-1",9.49538335845312
"CGGTTAACATGTCCTC-1",35.6882981161639
"CGGTTAACATTCCTGC-1",0
"CGGTTAAGTCGACTGC-1",3.74082328655948
"CGGTTAATCCGGCACA-1",0
"CGGTTAATCCTTTCGG-1",25.8020460866587
"CGGTTAATCTTATCTG-1",0
"CGTAGCGAGATGTAAC-1",3.27544040942809
"CGTAGCGAGGCAATTA-1",9.88048173129446
"CGTAGCGCAAGCGCTC-1",8.40916016355555
"CGTAGCGTCCAACCAA-1",22.5902430609139
"CGTAGCGTCGGCGGTT-1",3.59876556531074
"CGTAGGCAGGGCTCTC-1",6.63057947988789
"CGTAGGCCAAGCGATG-1",2.0785670335349
"CGTAGGCCACTAAGTC-1",11.6313321950488
"CGTAGGCCAGAGTGTG-1",22.7891355399979
"CGTAGGCCATCCCATC-1",0
"CGTAGGCGTATTAGCC-1",30.2181819035968
"CGTAGGCGTCAATACC-1",25.697026300222
"CGTAGGCGTGGCGAAT-1",8.79328387558173
"CGTAGGCTCCAGAAGG-1",26.3519872131483
"CGTCACTAGTCATGCT-1",21.2598015828868
"CGTCACTCAAAGCGGT-1",7.7348985296128
"CGTCACTCAGGTCCAC-1",19.6004814191444
"CGTCACTCAGTCACTA-1",0
"CGTCACTTCCTTGACC-1",32.6071363062431
"CGTCACTTCGGTGTTA-1",0
"CGTCACTTCTGTGCAA-1",3.27544040942809
"CGTCACTTCTTGAGAC-1",0
"CGTCAGGAGCTGTTCA-1",0
"CGTCAGGCAAAGCAAT-1",3.67483313135851
"CGTCAGGCAAAGCGGT-1",2.80796477636142
"CGTCAGGCAACACGCC-1",10.6345702877083
"CGTCAGGCATCCGCGA-1",32.6001409204191
"CGTCAGGGTCAGCTAT-1",24.9064682588773
"CGTCAGGGTCGTTGTA-1",18.5125427816558
"CGTCAGGGTGTAAGTA-1",26.5458835396338
"CGTCAGGTCCACTGGG-1",7.19897412904375
"CGTCAGGTCGACAGCC-1",0
"CGTCAGGTCGGGAGTA-1",2.0785670335349
"CGTCCATAGACCACGA-1",0
"CGTCCATAGCGATTCT-1",8.9581574278372
"CGTCCATAGGCTATCT-1",0
"CGTCCATAGTCTCAAC-1",32.755050081057
"CGTCCATCACGACTCG-1",10.6345702877083
"CGTCCATCATTCACTT-1",1.73109612299393
"CGTCCATGTCTAGCGC-1",0
"CGTCCATGTGATAAAC-1",0
"CGTCCATGTTTGGGCC-1",23.9566683803412
"CGTCCATGTTTGTGTG-1",5.96916425469838
"CGTCCATTCAACACCA-1",1.5365023226786
"CGTCCATTCATTCACT-1",0
"CGTCTACAGTGCGTGA-1",9.88048173129446
"CGTCTACGTAGTAGTA-1",38.7103664905493
"CGTCTACTCGAGCCCA-1",18.4564066051605
"CGTCTACTCGCCATAA-1",30.5934940880747
"CGTCTACTCGGCCGAT-1",0
"CGTCTACTCGTCCAGG-1",15.4379762889803
"CGTGAGCAGATCTGAA-1",1.57392569303943
"CGTGAGCAGCAATCTC-1",14.2285421299607
"CGTGAGCAGCGGATCA-1",0
"CGTGAGCAGCTAGTGG-1",0
"CGTGAGCAGCTTCGCG-1",10.8344831410292
"CGTGAGCAGGGCACTA-1",16.6854718983364
"CGTGAGCAGGGTGTGT-1",32.1319057593733
"CGTGAGCAGTGGAGAA-1",4.4682244074384
"CGTGAGCCAAGCCGCT-1",4.91112458279462
"CGTGAGCCACGTAAGG-1",3.67483313135851
"CGTGAGCCATACGCCG-1",3.64080675077576
"CGTGAGCGTAGATTAG-1",0
"CGTGAGCGTCTCTTAT-1",5.00510634003512
"CGTGAGCTCACAAACC-1",0
"CGTGAGCTCCAAATGC-1",26.5458835396338
"CGTGAGCTCCGAGCCA-1",0
"CGTGAGCTCGTTGCCT-1",23.4393579817467
"CGTGAGCTCTGGGCCA-1",0
"CGTGTAAAGATAGTCA-1",14.4626281506566
"CGTGTAAAGGTGTTAA-1",13.5158792739251
"CGTGTAAAGTACATGA-1",28.4423968442028
"CGTGTAACATGGGACA-1",0
"CGTGTAAGTGTCTGAT-1",1.61361093831174
"CGTGTAATCTACTATC-1",19.0486099627681
"CGTGTAATCTCGATGA-1",6.8232552730928
"CGTGTAATCTTTAGTC-1",1.62760253772604
"CGTGTCTAGGCGCTCT-1",0
"CGTGTCTAGGGATGGG-1",0
"CGTGTCTCAGACAAAT-1",17.0821442741968
"CGTGTCTCAGACACTT-1",9.23761723530197
"CGTGTCTGTAAGAGGA-1",1.68917491877546
"CGTGTCTGTATATGAG-1",21.2616876060188
"CGTGTCTGTCAAAGCG-1",31.2528644217156
"CGTGTCTGTTCCGTCT-1",16.7279380010891
"CGTGTCTTCAATCACG-1",3.27544040942809
"CGTGTCTTCAGAGGTG-1",7.08310726102921
"CGTGTCTTCATAGCAC-1",13.0589564318381
"CGTGTCTTCCGAACGC-1",18.5432355254025
"CGTGTCTTCGGCATCG-1",0
"CGTGTCTTCGTGGACC-1",2.13303872768881
"CGTGTCTTCTACTTAC-1",14.2285421299607
"CGTGTCTTCTGAGTGT-1",0
"CGTTAGAAGATCTGAA-1",18.692031023216
"CGTTAGAAGGCCCTTG-1",15.6126552717832
"CGTTAGACACGAAAGC-1",22.0022610416261
"CGTTAGACAGCTTCGG-1",24.7541417293136
"CGTTAGAGTTTAAGCC-1",4.46158184667981
"CGTTAGATCACTTATC-1",12.9399036508804
"CGTTAGATCAGCCTAA-1",0
"CGTTCTGAGAAGGGTA-1",28.4268607221095
"CGTTCTGAGTGAACAT-1",18.4917917828973
"CGTTCTGCAGCTCGCA-1",0
"CGTTCTGCATTGGCGC-1",7.7348985296128
"CGTTCTGGTGAGGGTT-1",1.32974901546006
"CGTTCTGTCTGATTCT-1",1.5365023226786
"CGTTGGGAGCTAGTTC-1",14.5642809147431
"CGTTGGGAGGATGCGT-1",19.3240359805902
"CGTTGGGCACATTAGC-1",0
"CGTTGGGCAGACAGGT-1",3.87473664882885
"CGTTGGGGTTCCCGAG-1",2.30592188645848
"CGTTGGGTCATGCTCC-1",14.5770134249001
"CGTTGGGTCCATGAAC-1",0
"CGTTGGGTCTACCAGA-1",4.91112458279462
"CTAACTTAGTCCTCCT-1",15.2902990466289
"CTAACTTCAATAGCAA-1",24.3732106182702
"CTAACTTCAATCGGTT-1",1.32974901546006
"CTAACTTGTGAGGCTA-1",0
"CTAACTTTCGTACGGC-1",9.50904573539493
"CTAACTTTCTGGCGTG-1",1.5365023226786
"CTAAGACAGGGAAACA-1",15.9646962317298
"CTAAGACAGTACATGA-1",1.20621747417976
"CTAAGACAGTTCGCGC-1",1.32974901546006
"CTAAGACCAAGTAATG-1",28.3144079390558
"CTAAGACCAGTAAGAT-1",7.95237472146549
"CTAAGACCATGCAATC-1",0
"CTAAGACGTAAGGATT-1",37.3644919756338
"CTAAGACGTATCAGTC-1",16.4741644356549
"CTAAGACGTCACCTAA-1",7.17151903472253
"CTAAGACTCGTTGCCT-1",0
"CTAAGACTCTTACCGC-1",10.6345702877083
"CTAAGACTCTTGAGGT-1",3.64080675077576
"CTAATGGAGCAATCTC-1",19.2596647451111
"CTAATGGAGCGCTCCA-1",5.64139161065963
"CTAATGGAGCTCCCAG-1",1.22609565110309
"CTAATGGAGCTGAAAT-1",0
"CTAATGGAGTTAGGTA-1",28.4910789279036
"CTAATGGCATGGAATA-1",2.80796477636142
"CTAATGGGTACCGCTG-1",0
"CTAATGGGTCTAGCGC-1",29.7072770288042
"CTAATGGGTGAGGGAG-1",19.3351292899065
"CTAATGGGTTGGTGGA-1",4.73877730078574
"CTAATGGTCATGCTCC-1",3.64080675077576
"CTAATGGTCCACTGGG-1",19.6004814191444
"CTAATGGTCCGTTGCT-1",1.71000434612725
"CTAATGGTCCTAGAAC-1",0
"CTACACCAGTGCGATG-1",0
"CTACACCCACGGACAA-1",29.1811421724654
"CTACACCGTAATAGCA-1",6.10136947985607
"CTACACCGTCTGATTG-1",30.1591049663217
"CTACACCGTTCGTCTC-1",1.32974901546006
"CTACACCTCAGAAATG-1",0
"CTACACCTCGGCTTGG-1",11.7714230455452
"CTACACCTCGGTCCGA-1",0
"CTACACCTCTCGCATC-1",0
"CTACACCTCTCTGCTG-1",0
"CTACATTAGATCACGG-1",41.1774719738363
"CTACATTCACTCGACG-1",8.61644619869624
"CTACATTCATTTCACT-1",0
"CTACATTGTGATGATA-1",10.6345702877083
"CTACATTGTTCGAATC-1",10.6345702877083
"CTACATTTCAACGCTA-1",7.7348985296128
"CTACATTTCGCCATAA-1",29.1811421724654
"CTACATTTCTAGCACA-1",7.17151903472253
"CTACCCACACAGAGGT-1",2.66258782702545
"CTACCCACACGACGAA-1",1.73109612299393
"CTACCCACATGGTTGT-1",19.7175954209561
"CTACCCAGTATCTGCA-1",0
"CTACCCAGTATGAATG-1",10.9196874513827
"CTACCCAGTCAGAAGC-1",21.7879642992805
"CTACCCAGTGTGACCC-1",0
"CTACCCAGTTATGTGC-1",24.5973414071343
"CTACCCATCTACGAGT-1",16.8304731709962
"CTACGTCAGGTGCAAC-1",4.50115786928025
"CTACGTCAGTGCGATG-1",20.141679751005
"CTACGTCAGTTGTCGT-1",1.40627215097039
"CTACGTCCATATACCG-1",0
"CTACGTCGTATATGGA-1",3.77752514877899
"CTACGTCGTGTGGTTT-1",19.3351292899065
"CTACGTCTCAAAGTAG-1",6.2342865718947
"CTACGTCTCACGACTA-1",1.61361093831174
"CTACGTCTCACGGTTA-1",10.4079617178963
"CTACGTCTCCTAGAAC-1",20.4379691476825
"CTAGAGTAGCTGTCTA-1",3.27544040942809
"CTAGAGTAGGATCGCA-1",7.03837492003211
"CTAGAGTAGTCCATAC-1",8.68075945249317
"CTAGAGTCACATTAGC-1",1.51482301960555
"CTAGAGTCAGTATGCT-1",0
"CTAGAGTCATACTCTT-1",3.27544040942809
"CTAGAGTCATGTAAGA-1",2.31821325043082
"CTAGAGTGTGACCAAG-1",3.59876556531074
"CTAGAGTTCAACACCA-1",1.58678831255995
"CTAGAGTTCCGTCAAA-1",1.22609565110309
"CTAGAGTTCCTAAGTG-1",0
"CTAGAGTTCGCCAGCA-1",17.0821442741968
"CTAGAGTTCGCTTAGA-1",3.27544040942809
"CTAGAGTTCGTGACAT-1",3.68068496948538
"CTAGAGTTCTGATTCT-1",3.57044181037561
"CTAGCCTCACCAGATT-1",15.7011239687851
"CTAGCCTGTATATCCG-1",20.141679751005
"CTAGCCTGTGATGCCC-1",0
"CTAGCCTTCGGGAGTA-1",1.56041831239381
"CTAGTGAAGCTGGAAC-1",16.3296991132468
"CTAGTGAAGTGTACCT-1",9.55432533474785
"CTAGTGACAAGTCTAC-1",18.4917917828973
"CTAGTGACAGGATCGA-1",0
"CTAGTGAGTTATGCGT-1",7.7348985296128
"CTAGTGATCAGTTGAC-1",0
"CTAGTGATCCAGTAGT-1",23.4393579817467
"CTCACACAGCTAAGAT-1",11.6189823524149
"CTCACACAGCTGCCCA-1",19.6004814191444
"CTCACACAGGATGCGT-1",3.90682937556156
"CTCACACCACGTAAGG-1",16.6854718983364
"CTCACACCACTGTTAG-1",4.1545297955535
"CTCACACCATATACGC-1",28.8021374172276
"CTCACACGTGCTGTAT-1",11.9246612787417
"CTCACACGTTCCATGA-1",32.392910517972
"CTCACACGTTTGGGCC-1",17.4079047292192
"CTCACACTCACCGGGT-1",2.31821325043082
"CTCACACTCATCGGAT-1",2.69157056773833
"CTCACACTCCGCGCAA-1",17.3816705508253
"CTCACACTCTAACCGA-1",1.62760253772604
"CTCAGAAAGAGCTGCA-1",22.0022610416261
"CTCAGAAAGGAGTAGA-1",3.37408351093633
"CTCAGAACAACGCACC-1",15.1964574565791
"CTCAGAACAAGCGATG-1",18.5432355254025
"CTCAGAACAGGGCATA-1",0
"CTCAGAAGTGACGGTA-1",18.149848798766
"CTCAGAATCTTAACCT-1",11.0624498334154
"CTCATTAAGAACTGTA-1",13.387735061831
"CTCATTACATGGTCAT-1",0
"CTCATTAGTGTAACGG-1",0
"CTCATTAGTTTACTCT-1",0
"CTCCTAGCAAGTACCT-1",0
"CTCCTAGCAATTCCTT-1",0
"CTCCTAGCACTGTCGG-1",16.3245738179455
"CTCCTAGCAGTCCTTC-1",1.51482301960555
"CTCCTAGCATAACCTG-1",20.0339220029148
"CTCCTAGCATGCGCAC-1",13.1623388789646
"CTCCTAGGTAGAAAGG-1",1.70335857875318
"CTCCTAGGTCCGAGTC-1",16.5154338932823
"CTCCTAGGTCTAGCCG-1",28.0368797361318
"CTCCTAGGTGTTTGTG-1",3.74082328655948
"CTCCTAGGTTCGTGAT-1",8.40916016355555
"CTCCTAGGTTGTTTGG-1",10.3701577877584
"CTCCTAGTCACTTACT-1",38.0682651449882
"CTCCTAGTCTCATTCA-1",9.95157633950367
"CTCGAAAAGCCCAACC-1",1.83601257654151
"CTCGAAAAGCTATGCT-1",0
"CTCGAAAAGGCCCTTG-1",0
"CTCGAAAAGGGCTTCC-1",8.79328387558173
"CTCGAAACAAGCCGTC-1",41.1774719738363
"CTCGAAACACATTAGC-1",0
"CTCGAAACACCGAAAG-1",3.68068496948538
"CTCGAAACACGGCTAC-1",2.80796477636142
"CTCGAAACAGTAAGAT-1",27.0339531241693
"CTCGAGGAGCCATCGC-1",28.4268607221095
"CTCGAGGAGGGCTTCC-1",15.7363540171248
"CTCGAGGCAGATAATG-1",0.974519170111612
"CTCGAGGGTATTCTCT-1",5.20746224370948
"CTCGAGGGTGCCTGGT-1",1.79217625746399
"CTCGGAGAGTCCCACG-1",12.311525906863
"CTCGGAGCACTTCTGC-1",16.2359591071959
"CTCGGAGCAGCTGCAC-1",0
"CTCGGAGCAGGATCGA-1",0
"CTCGGAGGTAGCCTAT-1",30.0130153502568
"CTCGGAGGTCATGCCG-1",17.9102678432777
"CTCGGAGTCAAACGGG-1",35.9841392824181
"CTCGGAGTCACATACG-1",16.3296991132468
"CTCGGAGTCAGCTTAG-1",30.0130153502568
"CTCGGGAAGACCTAGG-1",0
"CTCGGGACACAGCCCA-1",1.40743615219821
"CTCGGGACATAAAGGT-1",16.6905989672696
"CTCGGGACATCCCACT-1",0
"CTCGGGACATGTCGAT-1",1.61361093831174
"CTCGGGAGTCGCGTGT-1",0
"CTCGGGAGTGACTACT-1",1.0194944229027
"CTCGGGAGTTACGACT-1",24.1021934536126
"CTCGGGATCCGTACAA-1",6.34875842615548
"CTCGGGATCCTTGACC-1",9.95255748188655
"CTCGGGATCTTGTTTG-1",4.63875408002823
"CTCGTACAGCGATAGC-1",1.5365023226786
"CTCGTACCAGCGTAAG-1",6.2342865718947
"CTCGTACCATAGTAAG-1",16.5656459728004
"CTCGTACGTAGAGTGC-1",23.3736650114955
"CTCGTACGTATCACCA-1",0
"CTCGTACGTGCAGTAG-1",2.61551605470547
"CTCGTACTCAAAGTAG-1",22.0022610416261
"CTCGTACTCAATCTCT-1",3.27862373864736
"CTCGTACTCGTTGCCT-1",3.90682937556156
"CTCGTACTCTGGTTCC-1",14.0085324039928
"CTCGTCAAGATGCCTT-1",0
"CTCGTCAAGTGGAGTC-1",0
"CTCGTCAAGTTTGCGT-1",15.7160871138355
"CTCGTCACAACGATCT-1",22.4853645994191
"CTCGTCACACATCCGG-1",22.7891355399979
"CTCGTCACAGTCGTGC-1",1.22609565110309
"CTCGTCAGTCTCATCC-1",13.0589564318381
"CTCGTCAGTCTCCATC-1",12.9399036508804
"CTCGTCAGTGAGCGAT-1",1.81033167280907
"CTCGTCAGTTGACGTT-1",3.67483313135851
"CTCGTCAGTTGGGACA-1",28.4268607221095
"CTCGTCATCACTTATC-1",0
"CTCGTCATCGACCAGC-1",0
"CTCGTCATCTGCTGTC-1",0
"CTCTAATCACCAGGTC-1",1.88598438812413
"CTCTAATCACGGTGTC-1",1.79217625746399
"CTCTAATCAGGAATCG-1",10.503281382798
"CTCTAATGTCCAAGTT-1",1.93097436563771
"CTCTACGAGCTAAACA-1",14.5642809147431
"CTCTACGAGCTAGTGG-1",10.8525174474449
"CTCTACGAGTACGCCC-1",18.3460447577899
"CTCTACGAGTAGGCCA-1",29.7111429528055
"CTCTACGCAATAACGA-1",0
"CTCTACGCAGACGCTC-1",0
"CTCTACGCATGACATC-1",2.48600736536419
"CTCTACGTCATGTCTT-1",1.79217625746399
"CTCTACGTCCCTAATT-1",12.3015058962887
"CTCTACGTCGGCATCG-1",1.51482301960555
"CTCTACGTCGGTCTAA-1",11.4455616732203
"CTCTGGTAGCGTTCCG-1",0
"CTCTGGTAGGCATGGT-1",4.4682244074384
"CTCTGGTAGTGCCAGA-1",21.2294353085983
"CTCTGGTCACAAGCCC-1",2.61248962515015
"CTCTGGTCAGCCTTTC-1",0
"CTCTGGTTCATCTGTT-1",0
"CTCTGGTTCTTGTACT-1",5.51677469462939
"CTGAAACAGATCCCGC-1",0
"CTGAAACAGGTGCTAG-1",29.4356008912283
"CTGAAACAGTCCGTAT-1",20.473454194238
"CTGAAACAGTGTCTCA-1",8.15870649356362
"CTGAAACGTCATCGGC-1",0
"CTGAAACGTTAAAGAC-1",1.47537638654094
"CTGAAACTCATACGGT-1",10.2507944192654
"CTGAAGTAGTGCGTGA-1",7.72433046068081
"CTGAAGTCAGCTGTAT-1",0.974519170111612
"CTGAAGTGTTAAAGTG-1",16.6854718983364
"CTGAAGTTCAAGCCTA-1",0
"CTGAAGTTCGGATGTT-1",10.6223676014761
"CTGATAGAGGGAGTAA-1",0
"CTGATAGAGTGCAAGC-1",0
"CTGATAGCAGCCTTTC-1",1.73109612299393
"CTGATAGCATCCCATC-1",15.8013487019915
"CTGATAGCATCTCCCA-1",12.5273644618924
"CTGATAGGTCAAAGCG-1",0
"CTGATAGGTCGCTTTC-1",6.45923262651432
"CTGATAGGTTACGACT-1",19.6004814191444
"CTGATAGTCGCGATCG-1",32.9438249708703
"CTGATCCAGGCATTGG-1",16.3296991132468
"CTGATCCAGGTGACCA-1",32.9438249708703
"CTGATCCCACAGAGGT-1",2.61248962515015
"CTGATCCCAGGCTGAA-1",11.3564883265153
"CTGATCCGTGCCTGGT-1",27.1839245821724
"CTGATCCGTTATCCGA-1",37.7382011847754
"CTGATCCGTTGTGGCC-1",1.32974901546006
"CTGCCTAAGGGTCTCC-1",0
"CTGCCTAAGGTGATAT-1",6.09835827635864
"CTGCCTAAGTACGCGA-1",9.95157633950367
"CTGCCTAAGTGCGTGA-1",3.57044181037561
"CTGCCTACATCCCACT-1",0
"CTGCCTATCAATAAGG-1",0
"CTGCGGAAGAAGGACA-1",0
"CTGCGGAAGAGCTGGT-1",10.4079617178963
"CTGCGGAAGATGAGAG-1",7.21927180008067
"CTGCGGACAGGTCGTC-1",2.13303872768881
"CTGCGGACATGTCTCC-1",33.4041714993212
"CTGCGGAGTCACTTCC-1",28.4910789279036
"CTGCGGAGTCGTGGCT-1",7.43828191497547
"CTGCGGAGTTCTGTTT-1",1.40743615219821
"CTGCGGAGTTGGACCC-1",1.58678831255995
"CTGCGGATCGCCTGTT-1",1.49977531468034
"CTGCGGATCTTACCGC-1",0
"CTGCTGTAGGGTGTTG-1",13.6038898655329
"CTGCTGTAGTACCGGA-1",3.80966315652884
"CTGCTGTAGTGGAGAA-1",16.8089044555746
"CTGCTGTCACATCTTT-1",0
"CTGCTGTGTTAAAGAC-1",7.17151903472253
"CTGCTGTTCTCCAACC-1",19.3132752144635
"CTGCTGTTCTTACCGC-1",19.425294571311
"CTGGTCTAGCGTTGCC-1",0
"CTGGTCTAGGACAGCT-1",0
"CTGGTCTAGGGCTTGA-1",0
"CTGGTCTAGTCGAGTG-1",6.34875842615548
"CTGGTCTCAAAGGAAG-1",31.5185085767416
"CTGGTCTCACCAGTTA-1",31.1592382680109
"CTGGTCTGTACCTACA-1",1.43192314015944
"CTGGTCTGTACGCTGC-1",0
"CTGGTCTGTCCGCTGA-1",12.8767816884866
"CTGGTCTGTCCGTTAA-1",4.27818362282818
"CTGGTCTGTTCATGGT-1",7.17151903472253
"CTGGTCTGTTCGTGAT-1",9.33668680609565
"CTGGTCTTCAACGGGA-1",0
"CTGGTCTTCACTTACT-1",0
"CTGGTCTTCTTACCTA-1",13.0589564318381
"CTGTGCTGTATATCCG-1",0
"CTGTGCTGTCATCCCT-1",5.51677469462939
"CTGTGCTGTCCCTACT-1",17.8096142473812
"CTGTGCTGTCGGCACT-1",14.7891848041011
"CTGTGCTTCCATTCTA-1",16.5246911964243
"CTGTTTAAGAAACCGC-1",19.5866371672242
"CTGTTTAAGATCGATA-1",32.1319057593733
"CTGTTTAAGGAGTTGC-1",14.4085388259231
"CTGTTTAGTCAAAGCG-1",13.1623388789646
"CTGTTTATCAGCCTAA-1",21.2294353085983
"CTGTTTATCATTTGGG-1",1.16625372558609
"CTGTTTATCTCCAGGG-1",4.4682244074384
"CTGTTTATCTCTTGAT-1",4.91112458279462
"CTGTTTATCTTCTGGC-1",0
"CTTAACTAGCCAGTAG-1",3.37408351093633
"CTTAACTAGGCTCTTA-1",19.6004814191444
"CTTAACTAGGTGCACA-1",0
"CTTAACTAGTCTCGGC-1",2.8628139487241
"CTTACCGAGCGCTTAT-1",1.0194944229027
"CTTACCGAGGCTACGA-1",1.32974901546006
"CTTACCGCAGATCTGT-1",1.32974901546006
"CTTACCGCAGTCAGAG-1",0
"CTTACCGGTCCTGCTT-1",28.0368797361318
"CTTACCGGTCGCCATG-1",3.59876556531074
"CTTACCGGTCTACCTC-1",5.59991066786472
"CTTACCGTCGGACAAG-1",1.94010412181633
"CTTAGGAAGCCCAACC-1",22.0956224954417
"CTTAGGACACGACGAA-1",6.94077966027705
"CTTAGGAGTTATGTGC-1",23.1834132908422
"CTTAGGATCCCATTTA-1",0
"CTTAGGATCTTTACAC-1",9.88048173129446
"CTTCTCTAGAACTCGG-1",0
"CTTCTCTAGAGTGAGA-1",15.9646962317298
"CTTCTCTAGCAGGCTA-1",15.1964574565791
"CTTCTCTAGTTAACGA-1",1.61361093831174
"CTTCTCTCAAAGGTGC-1",0
"CTTCTCTGTAACGACG-1",3.77752514877899
"CTTCTCTGTGCATCTA-1",29.1811421724654
"CTTCTCTTCGAGCCCA-1",0
"CTTGGCTAGCGATATA-1",10.3125330841038
"CTTGGCTAGTACGTTC-1",4.50115786928025
"CTTGGCTCATTACCTT-1",2.80796477636142
"CTTGGCTGTCTCCATC-1",40.5204056729533
"CTTGGCTTCCCTAATT-1",0
"CTTGGCTTCGCGTAGC-1",5.95702101092997
"CTTGGCTTCTCGTTTA-1",0
"CTTTGCGAGCAAATCA-1",3.67483313135851
"CTTTGCGAGCGTTCCG-1",4.91112458279462
"CTTTGCGAGTATCTCG-1",10.8017305816084
"CTTTGCGCAATTCCTT-1",1.40627215097039
"CTTTGCGCACTTAAGC-1",0
"CTTTGCGCAGACGCAA-1",38.7103664905493
"CTTTGCGGTAGAGGAA-1",7.17151903472253
"CTTTGCGTCCAGGGCT-1",28.0368797361318
"GAAACTCAGAGACGAA-1",16.2197262227046
"GAAACTCAGAGGTTAT-1",31.1942992017882
"GAAACTCAGCAGCCTC-1",22.0022610416261
"GAAACTCAGCCCAGCT-1",3.57044181037561
"GAAACTCAGCTAAACA-1",0
"GAAACTCAGTGCTGCC-1",0
"GAAACTCCAAGCCCAC-1",6.2342865718947
"GAAACTCCACATGACT-1",2.48600736536419
"GAAACTCCAGACACTT-1",0
"GAAACTCCATGGATGG-1",18.7679331186378
"GAAACTCGTACTCGCG-1",19.3351292899065
"GAAACTCGTAGCGATG-1",15.7363540171248
"GAAACTCGTGTGAAAT-1",26.5458835396338
"GAAACTCGTTTGTGTG-1",28.7739960928803
"GAAATGAAGCCAGTTT-1",12.311525906863
"GAAATGAAGCTAGTCT-1",15.1198359185526
"GAAATGAAGTACGTAA-1",22.5902430609139
"GAAATGATCATGCTCC-1",12.9656497504345
"GAAATGATCCTCGCAT-1",0
"GAACATCAGATGGCGT-1",10.5857628795432
"GAACATCCAACAACCT-1",15.6126552717832
"GAACATCCACATCTTT-1",1.81033167280907
"GAACATCCACCTATCC-1",27.0339531241693
"GAACATCCACGGACAA-1",1.62760253772604
"GAACATCCATGCTAGT-1",0
"GAACATCGTACGACCC-1",14.0085324039928
"GAACATCGTGGACGAT-1",0
"GAACATCGTTCCCGAG-1",11.9633614700064
"GAACATCTCCAAGTAC-1",16.6905989672696
"GAACATCTCGATCCCT-1",28.9345588449795
"GAACATCTCTCCAACC-1",3.15606276561771
"GAACCTAAGAACTGTA-1",1.40743615219821
"GAACCTAAGAGCAATT-1",0
"GAACCTAAGCCAGTAG-1",34.8523237650356
"GAACCTACAAGGACAC-1",8.40916016355555
"GAACCTACAGACACTT-1",19.6004814191444
"GAACCTAGTACCAGTT-1",9.88048173129446
"GAACCTAGTGTCAATC-1",0
"GAACCTATCACGATGT-1",15.8013487019915
"GAACGGAAGACGCAAC-1",25.1386341404368
"GAACGGAAGTAATCCC-1",14.9483279611407
"GAACGGAAGTCAATAG-1",8.61644619869624
"GAACGGAAGTGGACGT-1",8.61644619869624
"GAACGGACACAGCGTC-1",3.64080675077576
"GAACGGACACCTCGTT-1",0
"GAACGGACACTTAACG-1",10.6345702877083
"GAACGGAGTAGCGTAG-1",28.9345588449795
"GAACGGAGTCAGAGGT-1",18.4917917828973
"GAACGGAGTGGCGAAT-1",0
"GAACGGATCACTCCTG-1",0
"GAACGGATCCACGAAT-1",35.5195674318152
"GAACGGATCGTAGGAG-1",0
"GAACGGATCTGTCAAG-1",19.0486099627681
"GAAGCAGAGACTAAGT-1",0
"GAAGCAGAGAGACGAA-1",6.64585360013078
"GAAGCAGAGCCACGCT-1",0
"GAAGCAGAGTTCGCGC-1",2.0785670335349
"GAAGCAGCAATCCGAT-1",0
"GAAGCAGCAGATCTGT-1",0
"GAAGCAGCAGATGAGC-1",22.5902430609139
"GAAGCAGCATGAACCT-1",1.61361093831174
"GAAGCAGCATGGAATA-1",0
"GAAGCAGGTAACGCGA-1",0
"GAAGCAGGTCATACTG-1",5.64139161065963
"GAAGCAGTCCTAGTGA-1",4.19975924552636
"GAAGCAGTCTTATCTG-1",1.56041831239381
"GAATAAGCAAGGTGTG-1",1.56041831239381
"GAATAAGCAGACAAGC-1",10.8344831410292
"GAATAAGCATGCAACT-1",0
"GAATAAGGTCCGTTAA-1",0
"GAATAAGGTGAGTGAC-1",3.1407324715585
"GAATAAGGTTCCCTTG-1",32.2061957341165
"GAATAAGTCGTTTAGG-1",6.12103501745284
"GAATGAAAGAGTCTGG-1",0
"GAATGAAAGCTTATCG-1",0
"GAATGAAAGGCATGTG-1",20.4288714731077
"GAATGAACAAACGCGA-1",27.0339531241693
"GAATGAACAGTGAGTG-1",17.8772380822333
"GAATGAACATCATCCC-1",14.8794115704882
"GAATGAAGTCAACATC-1",0
"GAATGAAGTCTCACCT-1",4.91112458279462
"GAATGAAGTGGCAAAC-1",0
"GAATGAAGTTGCGTTA-1",0
"GAATGAATCAGTTAGC-1",0
"GAATGAATCCTGCCAT-1",0
"GACACGCAGACGCACA-1",3.24726725004352
"GACACGCAGAGTAATC-1",35.4721909742264
"GACACGCAGCCAACAG-1",15.5224643625861
"GACACGCAGGAGTTTA-1",1.0194944229027
"GACACGCAGGGCATGT-1",0
"GACACGCAGGTGCACA-1",0
"GACACGCAGTCCAGGA-1",1.83845369408867
"GACACGCAGTGGGATC-1",0
"GACACGCAGTGGGTTG-1",0
"GACACGCCAAGCGTAG-1",0
"GACACGCCAAGGACAC-1",12.9399036508804
"GACACGCCAGACGCTC-1",13.1623388789646
"GACACGCCATCCTTGC-1",0
"GACACGCGTTCACGGC-1",3.67483313135851
"GACACGCTCATGTAGC-1",0
"GACAGAGAGTACGATA-1",4.91112458279462
"GACAGAGCAACGATCT-1",0
"GACAGAGCAAGTCTAC-1",0
"GACAGAGCAGCTCCGA-1",0
"GACAGAGCAGCTGGCT-1",0
"GACAGAGTCAAACAAG-1",0
"GACAGAGTCAGAGACG-1",17.2993794226656
"GACAGAGTCCTTCAAT-1",14.5642809147431
"GACAGAGTCCTTGCCA-1",18.9130490529864
"GACAGAGTCTTCATGT-1",3.68068496948538
"GACCAATAGAAGGGTA-1",18.3460447577899
"GACCAATAGCTACCGC-1",14.2285421299607
"GACCAATAGCTACCTA-1",17.9412627663494
"GACCAATCAGGTGCCT-1",7.17151903472253
"GACCAATCATGCGCAC-1",8.3194390495136
"GACCAATGTACAGTTC-1",15.6126552717832
"GACCAATGTCGCTTCT-1",17.2993794226656
"GACCAATTCCGATATG-1",30.2936610887516
"GACCAATTCGAATGGG-1",32.9438249708703
"GACCAATTCGTCACGG-1",5.51677469462939
"GACCTGGCATCACAAC-1",22.0022610416261
"GACCTGGCATGTCTCC-1",16.7390675042465
"GACCTGGCATTGGCGC-1",5.20746224370948
"GACCTGGGTAAAGGAG-1",22.0022610416261
"GACCTGGGTCCAGTTA-1",3.15606276561771
"GACCTGGGTGCAGTAG-1",3.1407324715585
"GACCTGGTCATAGCAC-1",3.91073574908926
"GACCTGGTCCTTGCCA-1",0.974519170111612
"GACCTGGTCGCATGAT-1",16.2197262227046
"GACCTGGTCGTCACGG-1",14.5770134249001
"GACGCGTAGTGGTAAT-1",0
"GACGCGTAGTTGTAGA-1",17.4079047292192
"GACGCGTGTAAAGGAG-1",0
"GACGCGTGTGTGAAAT-1",9.95499841883388
"GACGCGTGTTAAGACA-1",1.58678831255995
"GACGCGTTCAAACCGT-1",29.1811421724654
"GACGCGTTCCAAATGC-1",1.52712153324676
"GACGCGTTCCGCGGTA-1",17.8096142473812
"GACGCGTTCCTACAGA-1",1.49977531468034
"GACGCGTTCTCCGGTT-1",0
"GACGGCTAGAAGATTC-1",20.0339220029148
"GACGGCTAGAGCTGGT-1",5.95702101092997
"GACGGCTCAAGGTTTC-1",0
"GACGGCTCACCGCTAG-1",1.79217625746399
"GACGGCTCATGAACCT-1",7.7348985296128
"GACGGCTCATGCAACT-1",1.56041831239381
"GACGGCTGTGTGTGCC-1",16.5656459728004
"GACGGCTGTTATGTGC-1",37.8247467866716
"GACGGCTGTTTGGCGC-1",0
"GACGGCTTCTATCGCC-1",1.40743615219821
"GACGTGCAGGCAAAGA-1",26.3519872131483
"GACGTGCAGGGTGTGT-1",1.51482301960555
"GACGTGCAGGTGTTAA-1",26.0749703046365
"GACGTGCCAGGTCGTC-1",16.6905989672696
"GACGTGCGTAACGTTC-1",18.1930779369009
"GACGTGCTCACCTCGT-1",21.2792314732794
"GACGTTAAGCTACCGC-1",0
"GACGTTAAGGCAAAGA-1",0
"GACGTTAAGTCAAGCG-1",0
"GACGTTACAAGCCATT-1",23.1834132908422
"GACGTTACAAGGTTTC-1",41.1774719738363
"GACGTTACAGACACTT-1",0
"GACGTTAGTATCTGCA-1",0
"GACGTTAGTTTGACAC-1",0
"GACGTTAGTTTGACTG-1",2.0785670335349
"GACGTTATCACAGGCC-1",10.8620297247051
"GACGTTATCATTGCGA-1",15.7160871138355
"GACGTTATCCCGGATG-1",17.8096142473812
"GACGTTATCCGAAGAG-1",1.62760253772604
"GACGTTATCGCGTTTC-1",0
"GACGTTATCTGTCCGT-1",23.1471274936683
"GACTAACAGACAGAGA-1",0
"GACTAACAGTGGAGAA-1",0
"GACTAACCAAATCCGT-1",23.5216010722469
"GACTAACGTCTAGTCA-1",3.27544040942809
"GACTAACGTGCAACTT-1",19.0486099627681
"GACTAACGTTCAGACT-1",0
"GACTAACTCCTTTCTC-1",12.311525906863
"GACTAACTCTTGCCGT-1",3.1407324715585
"GACTAACTCTTTACAC-1",1.56041831239381
"GACTACAAGATATGGT-1",32.9438249708703
"GACTACACAAATCCGT-1",10.1939044951807
"GACTACAGTGCTGTAT-1",0
"GACTACATCAGCCTAA-1",5.83361201240885
"GACTACATCAGGTAAA-1",1.28529841676794
"GACTACATCTGCAGTA-1",3.68068496948538
"GACTGCGAGCGTAGTG-1",12.04261971514
"GACTGCGAGTTGTAGA-1",11.3564883265153
"GACTGCGCACTTAACG-1",0
"GACTGCGCATGTTCCC-1",3.87473664882885
"GACTGCGGTACGCACC-1",9.4900810786329
"GACTGCGGTTCTCATT-1",1.71000434612725
"GACTGCGTCAACACAC-1",0
"GACTGCGTCACGACTA-1",16.5246911964243
"GACTGCGTCGCCCTTA-1",5.92070805516777
"GACTGCGTCTCAAACG-1",14.3691655416704
"GAGCAGAGTAGGGTAC-1",3.81695875376184
"GAGCAGAGTCAGATAA-1",0
"GAGCAGAGTCATATGC-1",5.83361201240885
"GAGCAGAGTGAGCGAT-1",32.9438249708703
"GAGCAGAGTGTAACGG-1",39.5577954019063
"GAGCAGAGTGTGACCC-1",8.92173832991039
"GAGCAGAGTTCGGGCT-1",1.71000434612725
"GAGCAGAGTTTAAGCC-1",0
"GAGCAGAGTTTGCATG-1",0
"GAGGTGAAGCAACGGT-1",20.7830764565508
"GAGGTGAAGGCTCTTA-1",22.2600414136852
"GAGGTGAAGTGGTAGC-1",3.77752514877899
"GAGGTGAAGTTGTAGA-1",17.8096142473812
"GAGGTGACACTGTCGG-1",3.67483313135851
"GAGGTGACATCCTTGC-1",16.6905989672696
"GAGGTGACATGCATGT-1",0
"GAGGTGAGTACCTACA-1",16.5246911964243
"GAGGTGAGTCATTAGC-1",0
"GAGGTGAGTTCCTCCA-1",0
"GAGGTGATCATCGCTC-1",16.4517597254356
"GAGGTGATCTAGAGTC-1",11.0663828377079
"GAGGTGATCTCTAGGA-1",10.4079617178963
"GAGGTGATCTGCTGTC-1",0
"GAGGTGATCTGGGCCA-1",18.2750024416617
"GAGTCCGAGGACAGAA-1",0
"GAGTCCGAGGCATGTG-1",18.3434020282119
"GAGTCCGAGGCGTACA-1",22.2623656221431
"GAGTCCGCAAACCCAT-1",30.2487376213606
"GAGTCCGGTCAAGCGA-1",18.4564066051605
"GAGTCCGGTGACCAAG-1",14.4626281506566
"GAGTCCGGTGACTCAT-1",16.8089044555746
"GAGTCCGGTGTGACCC-1",11.3456571602098
"GAGTCCGGTTCGGGCT-1",0
"GAGTCCGGTTTGCATG-1",30.0130153502569
"GAGTCCGTCGGCGCAT-1",2.0785670335349
"GAGTCCGTCTGATTCT-1",1.94010412181633
"GATCAGTAGATGTCGG-1",0
"GATCAGTAGTGGTAGC-1",0
"GATCAGTGTATATGAG-1",0
"GATCAGTGTCTGCGGT-1",26.2585103279311
"GATCAGTGTTATGCGT-1",0
"GATCAGTGTTGTACAC-1",0
"GATCGATAGAATGTTG-1",0
"GATCGATAGAGCTGCA-1",15.4938764750635
"GATCGATAGCATGGCA-1",18.4917917828973
"GATCGATCAAGCGAGT-1",30.4119318809099
"GATCGATCAAGCGTAG-1",3.7504357946254
"GATCGATGTCAACATC-1",0
"GATCGATGTTGCCTCT-1",13.1385991405132
"GATCGATTCCGCATCT-1",3.15606276561771
"GATCGCGAGATAGTCA-1",0
"GATCGCGAGCCTTGAT-1",3.44110046912119
"GATCGCGAGGAGCGTT-1",0
"GATCGCGCAGGTCGTC-1",1.43192314015944
"GATCGCGGTACAGCAG-1",3.37408351093633
"GATCGCGGTGAGTATA-1",18.3434020282119
"GATCGCGGTTGTCGCG-1",18.0573035284384
"GATCGCGTCACTCCTG-1",0
"GATCGTAAGACATAAC-1",0
"GATCGTAAGCTCAACT-1",5.96916425469838
"GATCGTACATAACCTG-1",38.1410283224146
"GATCGTAGTGGCTCCA-1",1.62760253772604
"GATCGTATCATATCGG-1",22.0956224954417
"GATCGTATCATGTCCC-1",19.5866371672242
"GATCGTATCTTACCGC-1",20.6758876330687
"GATCTAGAGCGTCTAT-1",2.31821325043082
"GATCTAGAGTGGAGAA-1",26.9336835028296
"GATCTAGCAACACCTA-1",34.8523237650356
"GATCTAGCAAGGGTCA-1",0
"GATCTAGGTCTAAAGA-1",0
"GATCTAGGTCTCACCT-1",20.0339220029148
"GATCTAGGTCTCTTTA-1",10.5250344707837
"GATCTAGTCACATAGC-1",0
"GATCTAGTCTAAGCCA-1",0
"GATGAAAAGAGTAATC-1",2.31821325043082
"GATGAAAAGCTCCCAG-1",0
"GATGAAACACGGTAGA-1",26.0749703046365
"GATGAAACAGCTGTAT-1",0
"GATGAAAGTGGGTATG-1",0
"GATGAAATCACCCTCA-1",19.425294571311
"GATGAAATCACTCCTG-1",21.7986992122359
"GATGAAATCAGCAACT-1",30.4119318809099
"GATGAAATCGAGAGCA-1",11.0026963161482
"GATGAGGAGATCCCGC-1",21.2616876060188
"GATGAGGAGTTCGATC-1",0
"GATGAGGCACCAGTTA-1",1.79217625746399
"GATGAGGGTATCACCA-1",1.94010412181633
"GATGAGGGTATTCGTG-1",18.2452070131474
"GATGAGGGTCGCGTGT-1",1.43192314015944
"GATGAGGGTGATGATA-1",0
"GATGAGGTCACAGGCC-1",4.4682244074384
"GATGAGGTCACATAGC-1",1.32974901546006
"GATGAGGTCCCTTGTG-1",0
"GATGAGGTCTGCTGTC-1",16.5246911964243
"GATGCTAAGACTAAGT-1",0
"GATGCTAAGGATGCGT-1",32.2061957341165
"GATGCTAAGGCTCTTA-1",14.6185034375501
"GATGCTAAGGGAACGG-1",10.3125330841038
"GATGCTAAGTATCTCG-1",10.4079617178963
"GATGCTAAGTCTCGGC-1",1.39088687813202
"GATGCTACATGTTGAC-1",21.2792314732794
"GATGCTACATTGCGGC-1",0
"GATGCTAGTCTCCATC-1",1.94010412181633
"GATGCTAGTGGAAAGA-1",18.5432355254025
"GATGCTAGTTAGGGTG-1",4.73877730078574
"GATGCTATCCTGTACC-1",1.22609565110309
"GATGCTATCGGCGCTA-1",36.9680193678621
"GATTCAGAGAAACCTA-1",15.1198359185526
"GATTCAGAGAGTGACC-1",11.8363464229634
"GATTCAGAGATTACCC-1",1.61361093831174
"GATTCAGAGGGTCGAT-1",19.6004814191444
"GATTCAGAGGTCGGAT-1",3.86683151697374
"GATTCAGAGTCAATAG-1",30.0130153502569
"GATTCAGCAAGTTGTC-1",0
"GATTCAGCAATTCCTT-1",0
"GATTCAGCAGGGTACA-1",6.55376896116102
"GATTCAGCATCGACGC-1",37.3121691375347
"GATTCAGCATTATCTC-1",3.15606276561771
"GATTCAGGTAAATACG-1",0
"GATTCAGTCAACTCTT-1",0
"GCAAACTAGATGTTAG-1",21.2294353085983
"GCAAACTAGTCATGCT-1",15.7011239687851
"GCAAACTAGTCTCAAC-1",3.47689756110675
"GCAAACTCACAGGTTT-1",19.2596647451111
"GCAAACTGTCAGATAA-1",28.9345588449795
"GCAAACTGTCTCCATC-1",16.6854718983364
"GCAAACTTCGTGGTCG-1",1.56041831239381
"GCAATCAAGGGATCTG-1",3.68068496948538
"GCAATCAAGTATCTCG-1",7.52130758432621
"GCAATCAAGTGGGTTG-1",0
"GCAATCACAGCTTAAC-1",1.81033167280907
"GCAATCACATGTCGAT-1",30.2181819035968
"GCAATCACATTCCTCG-1",7.21927180008067
"GCAATCAGTAGGAGTC-1",2.8628139487241
"GCAATCAGTATAATGG-1",0
"GCAATCAGTTCTCATT-1",1.93097436563771
"GCAATCAGTTCTGGTA-1",0
"GCACATAAGAGCTATA-1",0.974519170111612
"GCACATAAGATGTTAG-1",14.0085324039928
"GCACATAAGCCTTGAT-1",25.391515467869
"GCACATAAGGAGTACC-1",14.9873881577731
"GCACATAAGTGAAGTT-1",9.18911382350544
"GCACATACACCACGTG-1",10.9906836331194
"GCACATACAGCTGTAT-1",0
"GCACATACAGGAACGT-1",9.38900713387653
"GCACATAGTCATCGGC-1",1.0194944229027
"GCACATAGTCCGAATT-1",3.74082328655948
"GCACATAGTCTCTTTA-1",16.5656459728004
"GCACATAGTGCGCTTG-1",3.94720298087845
"GCACATATCACCTCGT-1",1.16625372558609
"GCACATATCTGGTTCC-1",0
"GCACTCTCAAGACACG-1",1.5365023226786
"GCACTCTCAATCACAC-1",0
"GCACTCTCATTTCAGG-1",24.1021934536126
"GCACTCTGTAAACCTC-1",28.9345588449795
"GCACTCTGTACCAGTT-1",1.40743615219821
"GCACTCTGTAGAAAGG-1",38.1410283224146
"GCACTCTGTCGAACAG-1",37.066027785043
"GCACTCTGTCTAGGTT-1",0
"GCACTCTTCAACTCTT-1",19.425294571311
"GCACTCTTCCCTAATT-1",3.27544040942809
"GCACTCTTCTGCCCTA-1",14.6185034375501
"GCAGCCAAGCTGATAA-1",15.1198359185526
"GCAGCCACATGAGCGA-1",35.9841392824181
"GCAGCCAGTAATCGTC-1",32.5360942958375
"GCAGCCAGTGTCGCTG-1",0
"GCAGCCATCAGTTGAC-1",28.9345588449795
"GCAGCCATCCCAACGG-1",30.0130153502569
"GCAGCCATCCGTACAA-1",0
"GCAGTTAAGTCCATAC-1",0
"GCAGTTAAGTCCGTAT-1",37.7370843313603
"GCAGTTAAGTTAACGA-1",0.974519170111612
"GCAGTTAGTGGACGAT-1",19.5836484829738
"GCAGTTAGTTATTCTC-1",16.8089044555746
"GCAGTTATCGCGATCG-1",9.59068686202911
"GCATACAAGATCTGCT-1",0
"GCATACAAGCAACGGT-1",0
"GCATACACAACGCACC-1",0
"GCATACACAAGGACTG-1",1.32974901546006
"GCATACACAAGTCTGT-1",0
"GCATACACAGTCAGCC-1",1.22609565110309
"GCATACACATCCTAGA-1",36.9680193678621
"GCATACACATCGGAAG-1",9.11321930107819
"GCATACAGTCCGAACC-1",19.4807405736653
"GCATACAGTTCTGGTA-1",7.73903461463169
"GCATACATCCACGACG-1",16.3245738179455
"GCATGATAGAATGTTG-1",2.0785670335349
"GCATGATAGAGTAATC-1",3.68068496948538
"GCATGATAGCTGATAA-1",38.5989633871447
"GCATGATAGGACCACA-1",1.22609565110309
"GCATGATAGGCTAGCA-1",29.0841127794283
"GCATGATAGTCAAGCG-1",12.4217579703096
"GCATGATAGTGGAGAA-1",0
"GCATGATCACACCGAC-1",32.9438249708703
"GCATGATCACATTTCT-1",19.5866371672242
"GCATGATGTCCCTACT-1",31.5185085767416
"GCATGATGTTGCGCAC-1",0.974519170111612
"GCATGATTCGTGGACC-1",12.311525906863
"GCATGCGAGCATGGCA-1",1.57392569303943
"GCATGCGAGTCCAGGA-1",18.1389184281458
"GCATGCGCACTGCCAG-1",21.2294353085983
"GCATGCGGTAAGGATT-1",0
"GCATGCGGTCCTCTTG-1",2.30592188645848
"GCATGCGGTGTGAAAT-1",0
"GCATGCGTCCGCGGTA-1",3.1407324715585
"GCATGTAAGAACTGTA-1",13.5158792739251
"GCATGTAAGACAGACC-1",5.94254907839925
"GCATGTAAGTACTTGC-1",0
"GCATGTAAGTGCAAGC-1",19.5866371672242
"GCATGTACAACACGCC-1",0
"GCATGTATCACGAAGG-1",0
"GCCAAATCAAACTGTC-1",0
"GCCAAATCAAGGGTCA-1",0
"GCCAAATCAAGTTCTG-1",2.48600736536419
"GCCAAATCATAACCTG-1",1.73109612299393
"GCCAAATGTATAAACG-1",0
"GCCAAATGTGTTTGGT-1",0
"GCCAAATGTTTCGCTC-1",0
"GCCAAATTCAGGTAAA-1",19.3240359805902
"GCCAAATTCCGAGCCA-1",16.5002650930547
"GCCAAATTCCGCGGTA-1",0
"GCCAAATTCGGCTACG-1",12.3529011574787
"GCCTCTAAGAGTACCG-1",0
"GCCTCTAAGCCATCGC-1",0
"GCCTCTAAGCCGCCTA-1",7.7348985296128
"GCCTCTAAGCGATAGC-1",22.4853645994191
"GCCTCTAAGCTGCAAG-1",0
"GCCTCTAAGCTTCGCG-1",0
"GCCTCTAAGTCACGCC-1",0
"GCCTCTACAAGACGTG-1",9.33668680609565
"GCCTCTACAGCTATTG-1",9.4949302786755
"GCCTCTAGTAAGGATT-1",12.311525906863
"GCCTCTAGTGATGATA-1",38.1410283224146
"GCCTCTAGTTAAGGGC-1",0
"GCCTCTATCAGCGACC-1",37.066027785043
"GCCTCTATCCGATATG-1",1.81033167280907
"GCCTCTATCGAATCCA-1",7.7348985296128
"GCCTCTATCGAGCCCA-1",15.1198359185526
"GCCTCTATCGCTGATA-1",0
"GCCTCTATCTTTAGGG-1",18.3374345353598
"GCGACCAAGAGGTTAT-1",35.6882981161639
"GCGACCACACTTACGA-1",38.7747052808595
"GCGACCAGTCAGGACA-1",31.1592382680109
"GCGACCAGTCTAGAGG-1",3.27544040942809
"GCGACCATCAACGGGA-1",2.39010785691318
"GCGACCATCCCGGATG-1",3.87473664882885
"GCGACCATCTACTCAT-1",0
"GCGAGAAAGGTTCCTA-1",2.80796477636142
"GCGAGAAAGTACGATA-1",0
"GCGAGAAAGTGTCTCA-1",14.728756905087
"GCGAGAACAAGCCCAC-1",0
"GCGAGAACACTGAAGG-1",24.4957484936253
"GCGAGAAGTAGCGCTC-1",14.4626281506566
"GCGAGAAGTCCCTACT-1",23.4393579817467
"GCGAGAATCCTTTCGG-1",38.7103664905493
"GCGAGAATCGAGAGCA-1",11.0624498334154
"GCGAGAATCGCACTCT-1",4.4682244074384
"GCGCAACAGTCCTCCT-1",2.31821325043082
"GCGCAACAGTGTACGG-1",0
"GCGCAACCAAGTCTGT-1",0
"GCGCAACCAGCCACCA-1",20.473454194238
"GCGCAACGTAGCGCTC-1",41.1774719738363
"GCGCAACGTCCCTTGT-1",29.0841127794283
"GCGCAACGTCCTAGCG-1",0
"GCGCAACGTCGACTAT-1",12.1378970030719
"GCGCAACGTCTAGAGG-1",9.51443951750749
"GCGCAACTCAATACCG-1",1.51482301960555
"GCGCAGTCACATCCAA-1",0
"GCGCAGTCATTACCTT-1",21.2598015828868
"GCGCAGTGTTAGGGTG-1",3.67483313135851
"GCGCAGTTCGATCCCT-1",0
"GCGCAGTTCGCGGATC-1",12.4410606600087
"GCGCCAAAGACATAAC-1",0
"GCGCCAAAGGACAGCT-1",0
"GCGCCAAAGGCCCTTG-1",2.66258782702545
"GCGCCAAAGGGCTTCC-1",2.31821325043082
"GCGCCAAAGGTACTCT-1",7.21905283095507
"GCGCCAACATAACCTG-1",20.5588597403121
"GCGCCAACATTGGGCC-1",0
"GCGCCAAGTACTTGAC-1",8.40916016355555
"GCGCCAAGTCGGCACT-1",8.15870649356362
"GCGCCAAGTGAAAGAG-1",3.70256242100256
"GCGCCAAGTTGTACAC-1",21.3130279951451
"GCGCCAATCCGTTGCT-1",16.1125100398879
"GCGCGATAGAAGGTTT-1",11.8929631201524
"GCGCGATAGCAGGTCA-1",0
"GCGCGATAGTGAATTG-1",7.17151903472253
"GCGCGATAGTTTGCGT-1",0.974519170111612
"GCGCGATCAGCTCGAC-1",22.5902430609139
"GCGCGATGTAAGTAGT-1",15.7011239687851
"GCGCGATGTCACTTCC-1",0
"GCGCGATGTTACCAGT-1",0
"GCGCGATTCAGTTAGC-1",30.3635479274475
"GCGCGATTCGTTTAGG-1",1.79217625746399
"GCGGGTTAGAAACGAG-1",0
"GCGGGTTAGCTATGCT-1",10.9196874513827
"GCGGGTTAGTGTGAAT-1",1.39088687813202
"GCGGGTTCACGCGAAA-1",1.22609565110309
"GCGGGTTCAGGCAGTA-1",0
"GCGGGTTCAGTAACGG-1",0
"GCGGGTTGTGAGTATA-1",0
"GCGGGTTGTGGCGAAT-1",12.8125129685974
"GCGGGTTTCCAAAGTC-1",1.40743615219821
"GCGGGTTTCCTTTCTC-1",23.5216010722469
"GCGGGTTTCTCCAACC-1",20.2634597736711
"GCGGGTTTCTTGAGGT-1",10.8344831410292
"GCGGGTTTCTTGTATC-1",0
"GCTCCTACAAACTGTC-1",9.95499841883388
"GCTCCTACACCAGGTC-1",0
"GCTCCTACACCGATAT-1",17.3816705508253
"GCTCCTACAGGGTACA-1",0
"GCTCCTACATTAGCCA-1",10.4079617178963
"GCTCCTAGTCAGGACA-1",0
"GCTCCTAGTCCGTCAG-1",3.77752514877899
"GCTCCTATCAGCCTAA-1",2.31821325043082
"GCTCCTATCCCTAATT-1",3.67483313135851
"GCTCTGTAGAGGTAGA-1",23.5216010722469
"GCTCTGTAGCTGAACG-1",16.6854718983364
"GCTCTGTAGGAGTCTG-1",21.2792314732794
"GCTCTGTAGTGCTGCC-1",14.5051417550205
"GCTCTGTAGTGGACGT-1",19.4807405736653
"GCTCTGTTCACCTCGT-1",7.34663411978997
"GCTGCAGAGCGTGAGT-1",28.0368797361318
"GCTGCAGAGTCAAGCG-1",1.16625372558609
"GCTGCAGAGTCCCACG-1",3.90682937556156
"GCTGCAGCAATTGCTG-1",29.0841127794283
"GCTGCAGCATGCCCGA-1",0
"GCTGCAGCATGCCTAA-1",0
"GCTGCAGGTAAACCTC-1",17.9592509618583
"GCTGCAGGTACGAAAT-1",19.5866371672242
"GCTGCAGGTAGCGCAA-1",1.5365023226786
"GCTGCAGGTCACCCAG-1",0
"GCTGCAGGTCATGCCG-1",0
"GCTGCGAAGGAATGGA-1",9.50904573539493
"GCTGCGAGTCTAACGT-1",0
"GCTGCGAGTGTTTGGT-1",1.47537638654094
"GCTGCGATCTCCTATA-1",4.27818362282818
"GCTGCGATCTTGTTTG-1",0
"GCTGCTTAGAATTGTG-1",1.16625372558609
"GCTGCTTAGGCAATTA-1",7.21927180008067
"GCTGCTTCATCACGTA-1",1.68917491877546
"GCTGCTTCATCCAACA-1",0
"GCTGCTTCATGCCTAA-1",7.7348985296128
"GCTGCTTCATGGTCAT-1",0
"GCTGCTTGTAACGACG-1",19.2596647451111
"GCTGCTTGTAATCGTC-1",0
"GCTGCTTGTAGGGACT-1",16.0944889031355
"GCTGCTTGTGAAAGAG-1",37.0676447005362
"GCTGCTTTCCGGGTGT-1",4.4255454359854
"GCTGGGTAGACCCACC-1",6.10136947985607
"GCTGGGTAGCCACGCT-1",18.7679331186378
"GCTGGGTAGTCGCCGT-1",36.1011403376557
"GCTGGGTAGTCTCAAC-1",6.63867060845239
"GCTGGGTCACGGCTAC-1",0
"GCTGGGTCAGCCAATT-1",19.0486099627681
"GCTGGGTGTACAGTTC-1",7.49133809670733
"GCTGGGTGTACCGTTA-1",7.00438289487558
"GCTGGGTGTCGAGTTT-1",9.95157633950367
"GCTGGGTGTCTCCACT-1",30.7712179288096
"GCTGGGTGTGCCTGTG-1",11.7395956223494
"GCTGGGTTCAGCTTAG-1",29.4356008912283
"GCTGGGTTCCTTAATC-1",0
"GCTTCCAAGAAACCTA-1",3.59876556531074
"GCTTCCACACCACCAG-1",35.9841392824181
"GCTTCCACAGGTCGTC-1",18.2452070131474
"GCTTCCACAGTGAGTG-1",0
"GCTTCCAGTATAGGTA-1",0
"GCTTCCAGTTCAGCGC-1",23.9566683803412
"GCTTCCATCGTCCAGG-1",18.0877482457777
"GCTTGAAAGATGGCGT-1",6.12103501745284
"GCTTGAAAGCCGTCGT-1",9.95157633950367
"GCTTGAACAAACCTAC-1",0
"GCTTGAACACGGTGTC-1",12.1378970030719
"GCTTGAACATCGGAAG-1",0
"GCTTGAAGTGCGGTAA-1",1.56041831239381
"GCTTGAAGTTCTCATT-1",21.2690894003121
"GCTTGAATCAGGATCT-1",0
"GGAAAGCAGGCAGGTT-1",16.3245738179455
"GGAAAGCCAAACGCGA-1",26.0062998890599
"GGAAAGCCAAGTACCT-1",0
"GGAAAGCGTAAGCACG-1",27.6443091330893
"GGAAAGCGTCCTCCAT-1",32.9683654982693
"GGAAAGCGTCGCGTGT-1",6.94077966027705
"GGAAAGCGTGCTTCTC-1",1.20621747417976
"GGAAAGCTCCAGAGGA-1",4.91112458279462
"GGAACTTAGAGTAAGG-1",12.8723167016851
"GGAACTTCAATGTAAG-1",16.6854718983364
"GGAACTTCACAGGAGT-1",0
"GGAACTTCACCTCGTT-1",22.0022610416261
"GGAACTTGTCTCTTTA-1",9.95882290102656
"GGAACTTTCATTGCCC-1",16.6854718983364
"GGAACTTTCATTTGGG-1",19.2752910282415
"GGAACTTTCCGTCATC-1",26.5458835396338
"GGAACTTTCCTCAACC-1",19.3351292899065
"GGAACTTTCGGATGTT-1",13.0589564318381
"GGAATAAAGGTACTCT-1",1.5365023226786
"GGAATAAAGTGTCCAT-1",0
"GGAATAACAGCGTCCA-1",5.92070805516777
"GGAATAAGTCTGGTCG-1",10.8344831410292
"GGAATAAGTGCAGGTA-1",5.83361201240885
"GGAATAATCAGCACAT-1",4.4682244074384
"GGAATAATCTTTACGT-1",0
"GGACAAGAGGTACTCT-1",9.1907334941074
"GGACAAGCAACGATGG-1",7.25012465990337
"GGACAAGCAGTCGTGC-1",0
"GGACAAGCATGGGACA-1",0
"GGACAAGGTATAAACG-1",33.4972489615697
"GGACAAGGTATGAAAC-1",19.1780422246515
"GGACAAGGTCGGCATC-1",5.00347088779858
"GGACAAGGTTATGCGT-1",1.62760253772604
"GGACAAGTCTAACGGT-1",37.066027785043
"GGACAGAAGCTAGTCT-1",2.0785670335349
"GGACAGAAGTACTTGC-1",4.0904861472465
"GGACAGACAACACGCC-1",21.30380151404
"GGACAGACACAAGCCC-1",6.90588184341079
"GGACAGAGTAAGTGGC-1",3.37408351093633
"GGACAGAGTCTTTCAT-1",13.1623388789646
"GGACAGAGTGAGGGAG-1",0
"GGACAGAGTTCCACAA-1",15.6974988734079
"GGACAGATCAACGCTA-1",0
"GGACATTAGAGGGCTT-1",15.6126552717832
"GGACATTAGCCACGTC-1",8.61644619869624
"GGACATTCAAACGCGA-1",1.49977531468034
"GGACATTCAATGACCT-1",30.4119318809099
"GGACATTCACCAGCAC-1",10.3125330841038
"GGACATTGTTCTGGTA-1",15.1198359185526
"GGACATTTCCTCTAGC-1",28.4423968442028
"GGACGTCAGTACTTGC-1",0
"GGACGTCAGTGGTAAT-1",32.9683654982693
"GGACGTCCACAGTCGC-1",31.1942992017882
"GGACGTCGTGAGGGAG-1",17.8197877809407
"GGACGTCGTGGCGAAT-1",3.27544040942809
"GGACGTCGTTACGGAG-1",22.9487991536542
"GGACGTCGTTTAAGCC-1",4.13268877232202
"GGACGTCTCCACTCCA-1",23.9244681173867
"GGACGTCTCGCAAACT-1",0
"GGACGTCTCTCCAGGG-1",5.51677469462939
"GGACGTCTCTCGAGTA-1",0
"GGACGTCTCTGGTGTA-1",1.56041831239381
"GGACGTCTCTTCGAGA-1",22.5902430609139
"GGAGCAAAGAACTCGG-1",40.6500100532198
"GGAGCAAAGACTGTAA-1",0
"GGAGCAAAGCCGCCTA-1",18.149848798766
"GGAGCAAAGCTAAACA-1",0
"GGAGCAAAGTACGCCC-1",29.5639968798438
"GGAGCAACAAGCTGTT-1",12.9399036508804
"GGAGCAACAATGGACG-1",37.066027785043
"GGAGCAACAATTCCTT-1",0
"GGAGCAACATGCTGGC-1",9.88048173129446
"GGAGCAAGTGAGTATA-1",2.69157056773833
"GGAGCAAGTTACTGAC-1",11.7714230455452
"GGAGCAATCAAGATCC-1",14.4626281506566
"GGAGCAATCCCATTTA-1",1.22609565110309
"GGATGTTCAAACTGTC-1",0
"GGATGTTTCATCACCC-1",9.13903906187115
"GGATGTTTCATGCATG-1",18.7679331186378
"GGATGTTTCCTACAGA-1",3.37408351093633
"GGATGTTTCCTCTAGC-1",28.0368797361318
"GGATTACAGATCCCAT-1",25.1386341404368
"GGATTACAGCTTCGCG-1",0
"GGATTACAGGCTAGCA-1",14.9943299884939
"GGATTACAGTATCTCG-1",1.83601257654151
"GGATTACCAAGCGTAG-1",9.95882290102656
"GGATTACCACATCCGG-1",21.8054106294874
"GGATTACCAGCGTAAG-1",11.8748126812072
"GGATTACGTAATAGCA-1",11.7395956223494
"GGATTACGTACACCGC-1",4.1545297955535
"GGATTACGTCTCTTTA-1",0
"GGATTACGTTGAGGTG-1",9.74185152941241
"GGATTACTCGCGCCAA-1",3.1407324715585
"GGATTACTCGGCGCAT-1",0
"GGATTACTCTGCCCTA-1",1.61361093831174
"GGCAATTCAATCGGTT-1",2.61248962515015
"GGCAATTCACGGCGTT-1",15.7363540171248
"GGCAATTCATCACCCT-1",22.4390163445319
"GGCAATTGTCGATTGT-1",19.5866371672242
"GGCAATTTCACTTACT-1",11.6189823524149
"GGCAATTTCAGCACAT-1",15.1198359185526
"GGCAATTTCTCCGGTT-1",0
"GGCCGATAGTGTCTCA-1",16.7390675042465
"GGCCGATCACGGACAA-1",19.7175954209561
"GGCCGATGTAGGACAC-1",24.1298413966301
"GGCCGATGTCACTGGC-1",10.4079617178963
"GGCCGATGTCCCTACT-1",0
"GGCCGATTCACCGTAA-1",16.5002650930547
"GGCCGATTCCGCGCAA-1",10.6345702877083
"GGCGACTAGAGCTGGT-1",9.70773264812945
"GGCGACTAGGACCACA-1",12.0334557409488
"GGCGACTAGGTTACCT-1",0
"GGCGACTCAAAGCGGT-1",24.9064682588773
"GGCGACTCAAGAGTCG-1",0
"GGCGACTCACCAGGTC-1",11.6586236697506
"GGCGACTCATTGTGCA-1",8.40916016355555
"GGCGACTTCAGAAATG-1",1.32974901546006
"GGCGACTTCAGAGACG-1",3.37408351093633
"GGCGACTTCCAGATCA-1",0
"GGCGACTTCTCTAGGA-1",20.473454194238
"GGCGTGTAGCTAGCCC-1",0
"GGCGTGTAGGGTATCG-1",17.5231317517523
"GGCGTGTCAGGTCCAC-1",10.4248859640614
"GGCGTGTCAGTATAAG-1",10.9376858557801
"GGCGTGTCATCGTCGG-1",6.10136947985607
"GGCGTGTCATGGAATA-1",6.94077966027705
"GGCGTGTGTCTCCCTA-1",16.5246911964243
"GGCGTGTTCTTGAGGT-1",31.1942992017882
"GGCTCGAAGCCGTCGT-1",7.43828191497547
"GGCTCGAAGGTAAACT-1",0
"GGCTCGACAAGAAGAG-1",0
"GGCTCGACAATAGCAA-1",1.49977531468034
"GGCTCGACATGGTCAT-1",1.61361093831174
"GGCTCGAGTATATCCG-1",39.4877335946243
"GGCTCGAGTTACGTCA-1",14.7891848041011
"GGCTCGAGTTAGGGTG-1",3.39004022056664
"GGCTCGATCTGCAAGT-1",0
"GGCTGGTAGAAGAAGC-1",6.94077966027705
"GGCTGGTAGACCCACC-1",10.4079617178963
"GGCTGGTCAAGGACAC-1",0
"GGCTGGTCACTGCCAG-1",14.8762915921322
"GGCTGGTCATTTCAGG-1",29.4356008912283
"GGCTGGTGTATTCTCT-1",0
"GGCTGGTGTCGCATCG-1",0
"GGCTGGTGTCTAGTGT-1",11.7714230455452
"GGCTGGTGTTATGCGT-1",35.061526833983
"GGGAATGAGCGTTGCC-1",0
"GGGAATGAGTAGGTGC-1",7.57466821042899
"GGGAATGGTAAGGGAA-1",26.4402552064956
"GGGAATGTCAACGAAA-1",2.66258782702545
"GGGAATGTCCAGTATG-1",12.347230709273
"GGGAATGTCCGGGTGT-1",11.0026963161482
"GGGACCTAGATGTAAC-1",20.4288714731077
"GGGACCTAGTCTTGCA-1",0
"GGGACCTCAATCAGAA-1",34.5030826362983
"GGGACCTCACTGAAGG-1",0
"GGGAGATAGTACGACG-1",3.27544040942809
"GGGAGATCAAAGTGCG-1",7.25012465990337
"GGGAGATCAAATCCGT-1",1.61361093831174
"GGGAGATCAAGGACTG-1",6.54867074889699
"GGGAGATCACGCGAAA-1",20.12954295925
"GGGAGATGTAGCGCAA-1",1.39088687813202
"GGGAGATTCAACGGGA-1",36.6783634189563
"GGGAGATTCATCACCC-1",19.3351292899065
"GGGATGAAGTGACATA-1",3.83202443579046
"GGGATGACATCATCCC-1",15.1198359185526
"GGGATGAGTCACCCAG-1",7.03837492003211
"GGGATGAGTGGAAAGA-1",10.503281382798
"GGGATGAGTTACGACT-1",24.7541417293136
"GGGATGAGTTGGTAAA-1",0
"GGGATGATCAGTTAGC-1",3.68068496948538
"GGGATGATCTATCCTA-1",3.1407324715585
"GGGATGATCTTTAGGG-1",18.5432355254025
"GGGCACTAGTCTCGGC-1",19.3351292899065
"GGGCACTCATCTCCCA-1",24.1021934536126
"GGGCACTTCACCTCGT-1",25.8940819910196
"GGGCACTTCTGAGGGA-1",0
"GGGCATCCAATGTAAG-1",16.4741644356549
"GGGCATCCAGTCTTCC-1",0
"GGGCATCGTGGCGAAT-1",0
"GGGCATCTCACAGTAC-1",0
"GGGCATCTCCCTTGTG-1",3.59876556531074
"GGGCATCTCCGGCACA-1",9.63479055097199
"GGGCATCTCTGTCCGT-1",17.7246419073621
"GGGCATCTCTTATCTG-1",12.311525906863
"GGGTCTGAGAAGATTC-1",0
"GGGTCTGAGATCCCGC-1",0
"GGGTCTGAGCCAACAG-1",20.0631774992792
"GGGTCTGCACAGGCCT-1",19.5866371672242
"GGGTCTGCACCAGGTC-1",0
"GGGTCTGGTCTGGTCG-1",9.95255748188655
"GGGTCTGGTGATGATA-1",0
"GGGTCTGGTGTGACCC-1",30.1591049663217
"GGGTCTGTCAACTCTT-1",0
"GGGTCTGTCACTCCTG-1",2.80796477636142
"GGGTCTGTCCGTAGTA-1",5.20746224370948
"GGGTTGCAGACAGAGA-1",0
"GGGTTGCAGACCTTTG-1",20.12954295925
"GGGTTGCAGATCGATA-1",15.6126552717832
"GGGTTGCAGGGTGTTG-1",1.0194944229027
"GGGTTGCAGGTGGGTT-1",2.48600736536419
"GGGTTGCCAATAACGA-1",27.4758566854639
"GGGTTGCCACGCCAGT-1",27.8141412818002
"GGGTTGCCATTAACCG-1",15.1198359185526
"GGGTTGCGTACATCCA-1",14.0085324039928
"GGGTTGCGTAGCGCAA-1",0
"GGGTTGCGTCCTCCAT-1",27.6842446077317
"GGGTTGCGTCGAGTTT-1",0
"GGGTTGCGTGAGTATA-1",1.61361093831174
"GGGTTGCGTGTGACCC-1",4.1545297955535
"GGGTTGCTCGTACCGG-1",0
"GGTATTGAGCACCGTC-1",26.1836415755301
"GGTATTGAGCTATGCT-1",0
"GGTATTGCACATCCAA-1",18.149848798766
"GGTATTGCAGCTTCGG-1",32.9683654982693
"GGTATTGGTTCCGTCT-1",16.9227120053191
"GGTATTGTCAGAAATG-1",9.95882290102656
"GGTATTGTCCATTCTA-1",1.32974901546006
"GGTATTGTCGCCAGCA-1",22.5902430609139
"GGTGAAGAGACACGAC-1",1.94010412181633
"GGTGAAGAGATCCGAG-1",31.1942992017882
"GGTGAAGCAAGGTGTG-1",1.81033167280907
"GGTGAAGCACTCGACG-1",27.7802750290155
"GGTGAAGCAGTATGCT-1",7.80798293192993
"GGTGAAGGTATGAAAC-1",0
"GGTGAAGGTCAGAATA-1",4.0904861472465
"GGTGAAGGTGGTACAG-1",3.67483313135851
"GGTGAAGGTGTATGGG-1",3.77752514877899
"GGTGAAGGTGTCTGAT-1",1.61361093831174
"GGTGAAGGTGTGGTTT-1",0
"GGTGAAGGTGTGTGCC-1",20.7830764565508
"GGTGAAGTCACGATGT-1",30.2474600910086
"GGTGAAGTCACTCTTA-1",3.86683151697374
"GGTGAAGTCTGGCGTG-1",2.61551605470547
"GGTGCGTAGGTGATTA-1",39.4196543350858
"GGTGCGTAGTACGATA-1",16.7390675042465
"GGTGCGTCACTTAAGC-1",6.10325557131753
"GGTGCGTCAGCTGTAT-1",19.1015959689913
"GGTGCGTGTTCGTTGA-1",15.3832976340489
"GGTGCGTTCCGTACAA-1",0
"GGTGCGTTCTTGACGA-1",13.387735061831
"GGTGTTAAGGGCTCTC-1",12.3595503406126
"GGTGTTAAGTAGCGGT-1",0
"GGTGTTAAGTGGGATC-1",2.31821325043082
"GGTGTTAAGTTATCGC-1",1.32974901546006
"GGTGTTACAAATCCGT-1",0
"GGTGTTACACGGATAG-1",15.3832976340489
"GGTGTTAGTAATCACC-1",6.12103501745284
"GGTGTTAGTAGCAAAT-1",1.68917491877546
"GGTGTTAGTGTATGGG-1",9.18911382350544
"GGTGTTAGTTGAACTC-1",19.3351292899065
"GGTGTTATCGGACAAG-1",0
"GGTGTTATCGGTGTTA-1",5.51677469462939
"GGTGTTATCTACTTAC-1",32.7464191151097
"GTAACGTAGGTGACCA-1",4.50115786928025
"GTAACGTCACAGGCCT-1",9.59068686202911
"GTAACGTGTACCATCA-1",18.5432355254025
"GTAACGTGTGAGTATA-1",26.1413451075566
"GTAACGTGTTACGGAG-1",0
"GTAACGTGTTAGGGTG-1",3.24726725004352
"GTAACGTTCGGTCCGA-1",17.4079047292192
"GTAACGTTCTCATTCA-1",4.0904861472465
"GTAACTGAGTGGGTTG-1",4.0904861472465
"GTAACTGCAATGGAAT-1",34.6726027643467
"GTAACTGCACAGGCCT-1",15.7954821210504
"GTAACTGCAGGATCGA-1",0
"GTAACTGCATCGGGTC-1",16.2197262227046
"GTAACTGGTATTACCG-1",0
"GTAACTGTCACGGTTA-1",29.3857742391028
"GTAACTGTCTACTATC-1",1.68917491877546
"GTACGTAAGGTGCTTT-1",14.823024861021
"GTACGTACAGGAATGC-1",1.49977531468034
"GTACGTACATGGATGG-1",0
"GTACGTAGTGAGTGAC-1",0
"GTACGTAGTTGGTAAA-1",0
"GTACGTATCACCTCGT-1",17.9680561041379
"GTACGTATCATCGGAT-1",2.66258782702545
"GTACGTATCCACTGGG-1",4.19975924552636
"GTACTCCAGGCAGTCA-1",18.0887667795743
"GTACTCCCAATAGCGG-1",3.57044181037561
"GTACTCCCACAGGTTT-1",32.755050081057
"GTACTCCTCACCTTAT-1",5.04125231486159
"GTACTCCTCATTGCCC-1",16.5246911964243
"GTACTCCTCCTTCAAT-1",1.49977531468034
"GTACTTTCAGTTAACC-1",4.91112458279462
"GTACTTTCATGTCGAT-1",0
"GTACTTTTCCGAAGAG-1",0
"GTAGGCCAGCAATCTC-1",0
"GTAGGCCCATTCGACA-1",5.20746224370948
"GTAGGCCGTAACGCGA-1",2.13303872768881
"GTAGGCCGTAAGGGCT-1",0
"GTAGGCCGTACGACCC-1",14.5642809147431
"GTAGGCCGTTCAGGCC-1",0
"GTAGGCCGTTGATTGC-1",1.47537638654094
"GTAGGCCTCAGCACAT-1",1.58678831255995
"GTAGTCAAGAATGTGT-1",11.7150621172034
"GTAGTCAAGATGCCTT-1",0
"GTAGTCAAGGACGAAA-1",0
"GTAGTCAAGTGAAGAG-1",1.49977531468034
"GTAGTCATCGTCACGG-1",0
"GTAGTCATCTGAAAGA-1",7.7348985296128
"GTATCTTAGAAACCAT-1",2.68645056989105
"GTATCTTAGGCTATCT-1",10.9906836331194
"GTATCTTAGTTGTCGT-1",13.149287792963
"GTATCTTCACACCGCA-1",15.4938764750635
"GTATCTTCACGAAGCA-1",2.41767330687326
"GTATCTTGTTCGCTAA-1",14.0085324039928
"GTATCTTTCATGCTCC-1",6.63867060845239
"GTATCTTTCATGTAGC-1",1.22609565110309
"GTATTCTAGAAACCAT-1",28.9345588449795
"GTATTCTAGACAAAGG-1",0
"GTATTCTCAAAGTCAA-1",27.6842446077317
"GTATTCTCAACAACCT-1",16.8919187314614
"GTATTCTCAACTTGAC-1",0
"GTATTCTCAATAAGCA-1",3.68068496948538
"GTATTCTCAGGGTTAG-1",10.3701577877584
"GTATTCTCATACTACG-1",10.3123216875995
"GTATTCTCATGGTAGG-1",27.9466577827332
"GTATTCTGTAGTGAAT-1",5.92070805516777
"GTATTCTGTCTAGAGG-1",1.93097436563771
"GTCAAGTCATATGCTG-1",0
"GTCAAGTCATGGTTGT-1",18.4917917828973
"GTCAAGTGTCAGCTAT-1",19.2596647451111
"GTCAAGTGTTCCACTC-1",13.5158792739251
"GTCACAAAGCCGATTT-1",32.1319057593733
"GTCACAAAGTGGAGTC-1",0
"GTCACAACAGGTGGAT-1",0
"GTCACAAGTAAACGCG-1",9.95499841883388
"GTCACAATCAGGATCT-1",0
"GTCACAATCAGTTGAC-1",4.27818362282818
"GTCACAATCATGCATG-1",0
"GTCACGGAGATCACGG-1",0
"GTCACGGCATATACCG-1",1.40743615219821
"GTCACGGGTGAGTGAC-1",18.3434020282119
"GTCACGGGTGTGGCTC-1",1.73109612299393
"GTCACGGTCGAGAGCA-1",13.387735061831
"GTCACGGTCTACCTGC-1",0
"GTCATTTAGAGACTAT-1",11.4455616732203
"GTCATTTCACGTGAGA-1",34.2463704913207
"GTCATTTGTAGAAGGA-1",39.165217501778
"GTCATTTGTCAGATAA-1",9.95157633950367
"GTCATTTTCCAGAGGA-1",2.48600736536419
"GTCCTCAAGCCCAACC-1",15.5406376945952
"GTCCTCAAGTAGATGT-1",2.48600736536419
"GTCCTCAAGTGGGCTA-1",30.0130153502568
"GTCCTCACAATCACAC-1",6.94077966027705
"GTCCTCAGTGGAAAGA-1",32.1319057593733
"GTCCTCATCAAAGACA-1",23.8759242487747
"GTCCTCATCGTCCGTT-1",9.95157633950367
"GTCGGGTCACTGAAGG-1",1.62760253772604
"GTCGGGTCACTTCGAA-1",12.3529011574787
"GTCGGGTCATGAAGTA-1",19.2596647451111
"GTCGGGTGTCTCACCT-1",0
"GTCGGGTGTGTGACGA-1",9.33668680609565
"GTCGGGTGTGTGTGCC-1",0
"GTCGGGTGTTACGTCA-1",13.1711182899172
"GTCGGGTTCTGCTGTC-1",7.71452772545266
"GTCGGGTTCTGTGCAA-1",2.61551605470547
"GTCGTAAAGAGATGAG-1",12.1865109553876
"GTCGTAAAGCTGCAAG-1",19.9765262387166
"GTCGTAAAGGCGACAT-1",0
"GTCGTAACATCACGAT-1",0
"GTCGTAAGTATCACCA-1",4.63875408002823
"GTCGTAATCCAAGTAC-1",30.1591049663217
"GTCTCGTAGACCACGA-1",0
"GTCTCGTCAGGAACGT-1",7.03837492003211
"GTCTCGTGTGGTAACG-1",0
"GTCTCGTGTTTGGCGC-1",0
"GTCTCGTTCACCGGGT-1",26.5458835396338
"GTCTCGTTCAGTGCAT-1",0
"GTCTTCGAGACAAGCC-1",28.9345588449795
"GTCTTCGAGGAATGGA-1",0
"GTCTTCGAGTCAAGCG-1",32.9438249708703
"GTCTTCGCACATGGGA-1",16.7390675042465
"GTCTTCGCACCAGGTC-1",0
"GTCTTCGCAGACGCAA-1",32.1319057593733
"GTCTTCGCATAACCTG-1",13.5158792739251
"GTCTTCGCATCGATGT-1",30.8316233188058
"GTCTTCGGTCTAGTGT-1",8.85480791443275
"GTCTTCGTCTCGATGA-1",11.4833436887478
"GTGAAGGAGAGCTGGT-1",4.4682244074384
"GTGAAGGAGATCGGGT-1",18.0887667795743
"GTGAAGGAGCCAGTTT-1",0
"GTGAAGGAGTGTTGAA-1",37.7370843313603
"GTGAAGGCAAAGGCGT-1",3.67483313135851
"GTGAAGGCACTTAAGC-1",0
"GTGAAGGCAGATTGCT-1",0
"GTGAAGGGTATATGGA-1",3.39004022056664
"GTGAAGGGTCTCTCTG-1",0
"GTGAAGGTCTCCTATA-1",0
"GTGCAGCAGACATAAC-1",20.473454194238
"GTGCAGCAGTGGTCCC-1",16.2197262227046
"GTGCAGCCACATCTTT-1",1.40743615219821
"GTGCAGCGTGAGTATA-1",38.7103664905493
"GTGCAGCTCTTAGAGC-1",16.8435332484763
"GTGCATAAGGCATGGT-1",0
"GTGCATAGTTTGTTGG-1",0
"GTGCATATCAGAGCTT-1",10.5250344707837
"GTGCATATCATCATTC-1",20.141679751005
"GTGCATATCTGCGTAA-1",2.80796477636142
"GTGCGGTAGCAATCTC-1",18.149848798766
"GTGCGGTAGGACAGAA-1",0
"GTGCGGTCAAAGGTGC-1",3.27544040942809
"GTGCGGTGTTCAGACT-1",15.7329481851775
"GTGCGGTGTTCTGTTT-1",12.311525906863
"GTGCGGTTCATCTGCC-1",1.32974901546006
"GTGCGGTTCCAGGGCT-1",12.9343685159363
"GTGCGGTTCGGATGGA-1",37.066027785043
"GTGCGGTTCTCGTTTA-1",18.149848798766
"GTGCGGTTCTGCTGTC-1",0
"GTGCTTCAGCCAGTTT-1",12.1275628918648
"GTGCTTCAGGATTCGG-1",1.51482301960555
"GTGCTTCAGTACACCT-1",19.3240359805902
"GTGCTTCCACTTAACG-1",0
"GTGCTTCCAGCTATTG-1",22.5762797637496
"GTGCTTCGTAGAGTGC-1",3.1407324715585
"GTGCTTCTCACAATGC-1",2.0785670335349
"GTGCTTCTCACTTCAT-1",3.77752514877899
"GTGGGTCAGACCGGAT-1",0
"GTGGGTCAGACTGTAA-1",38.7103664905493
"GTGGGTCAGCCGTCGT-1",10.9196874513827
"GTGGGTCCACCAACCG-1",1.39088687813202
"GTGGGTCCACCACCAG-1",1.49977531468034
"GTGTGCGAGACCGGAT-1",2.48600736536419
"GTGTGCGAGACTTGAA-1",1.93097436563771
"GTGTGCGCAGGTCGTC-1",19.3240359805902
"GTGTGCGGTGAGCGAT-1",32.9683654982693
"GTGTGCGTCAGTCAGT-1",7.56180919701327
"GTGTGCGTCCCTTGTG-1",3.94549319446234
"GTGTGCGTCTAACTTC-1",13.387735061831
"GTGTTAGAGGACAGAA-1",20.473454194238
"GTGTTAGAGGCATGGT-1",32.6001409204191
"GTGTTAGAGTGGAGAA-1",1.32974901546006
"GTGTTAGAGTTTGCGT-1",12.5290996143536
"GTGTTAGCAATGGAAT-1",14.8247228534024
"GTGTTAGCACCACCAG-1",0
"GTGTTAGGTGCCTGGT-1",15.2041379252076
"GTGTTAGGTGGAAAGA-1",0
"GTGTTAGGTTCCATGA-1",32.392910517972
"GTGTTAGGTTGGGACA-1",17.2993794226656
"GTTAAGCAGAGCTGCA-1",30.0130153502568
"GTTAAGCAGATAGCAT-1",7.73903461463169
"GTTAAGCAGCTAACAA-1",8.77397286002594
"GTTAAGCAGGCTACGA-1",17.4079047292192
"GTTAAGCAGTGTACCT-1",12.5127151148539
"GTTAAGCAGTTTGCGT-1",15.1198359185526
"GTTAAGCCATTCACTT-1",15.2902990466289
"GTTAAGCGTACTCGCG-1",18.7679331186378
"GTTAAGCGTCTAGGTT-1",0
"GTTAAGCGTGGCAAAC-1",3.67483313135851
"GTTAAGCGTTGCTCCT-1",0
"GTTAAGCTCCTTTCGG-1",18.149848798766
"GTTACAGAGAGCTATA-1",2.30592188645848
"GTTACAGAGTACGATA-1",16.3558473816792
"GTTACAGCAGACGCCT-1",4.0904861472465
"GTTACAGCATCGGTTA-1",0
"GTTACAGGTATGGTTC-1",26.0062998890599
"GTTACAGGTCGACTGC-1",0
"GTTACAGGTCTAGGTT-1",0
"GTTCATTAGCGATGAC-1",1.22609565110309
"GTTCATTCATATACGC-1",0
"GTTCATTCATTGGCGC-1",31.5185085767416
"GTTCATTGTGCACGAA-1",19.0564397590481
"GTTCATTGTGTTAAGA-1",0
"GTTCATTGTTCAGTAC-1",18.1486456007036
"GTTCGGGAGACGACGT-1",0
"GTTCGGGAGCTAAGAT-1",0
"GTTCGGGAGTGTCTCA-1",38.7747052808595
"GTTCGGGGTAGGGTAC-1",0
"GTTCGGGGTGCAGGTA-1",14.5642809147431
"GTTCGGGTCCACGCAG-1",7.21927180008067
"GTTCGGGTCTACTTAC-1",21.7361076374638
"GTTCTCGAGACCACGA-1",20.6758876330687
"GTTCTCGAGCGATGAC-1",0
"GTTCTCGAGGCCATAG-1",0
"GTTCTCGCATCGGACC-1",18.1880346748003
"GTTCTCGGTAAGGGAA-1",6.34875842615548
"GTTCTCGGTAGCGTAG-1",0
"GTTCTCGGTCCGTGAC-1",0
"GTTCTCGGTGTTAAGA-1",0
"GTTCTCGTCAACGCTA-1",3.57044181037561
"GTTCTCGTCCTGTACC-1",27.5184992160069
"GTTTCTACAAACCTAC-1",18.692031023216
"GTTTCTACAAGAAAGG-1",0
"GTTTCTAGTGTTGGGA-1",2.69157056773833
"GTTTCTATCCCAACGG-1",1.43192314015944
"GTTTCTATCCGTAGTA-1",0
"GTTTCTATCGGCATCG-1",0
"TAAACCGGTACTTAGC-1",3.91073574908926
"TAAACCGTCACTCTTA-1",0
"TAAACCGTCAGGCGAA-1",18.0887667795743
"TAAACCGTCCGTTGTC-1",0
"TAAACCGTCTTCCTTC-1",1.49977531468034
"TAAGAGACAAGTTGTC-1",0
"TAAGAGAGTATATCCG-1",3.27544040942809
"TAAGAGATCAATCACG-1",32.9683654982693
"TAAGAGATCTAACGGT-1",0
"TAAGAGATCTTTCCTC-1",0
"TAAGCGTAGTGGACGT-1",30.2545029265022
"TAAGCGTAGTGTCTCA-1",10.3125330841038
"TAAGCGTCAGCTTCGG-1",1.5365023226786
"TAAGCGTCAGGTGGAT-1",9.4900810786329
"TAAGCGTGTCCTGCTT-1",0
"TAAGCGTGTGCCTGGT-1",13.387735061831
"TAAGCGTGTTGTTTGG-1",32.1319057593733
"TAAGCGTTCCTCATTA-1",10.503281382798
"TAAGCGTTCGGCGCAT-1",16.6854718983364
"TAAGCGTTCTCGCATC-1",37.926716862013
"TAAGTGCAGGCTAGGT-1",33.714705030662
"TAAGTGCAGTAGCGGT-1",37.3644919756338
"TAAGTGCCAACGCACC-1",20.1882189900573
"TAAGTGCCATACAGCT-1",14.5321928129112
"TAAGTGCGTAAACACA-1",16.5246911964243
"TAAGTGCGTCTCACCT-1",2.48600736536419
"TAAGTGCGTTCAGACT-1",3.58572503447652
"TAAGTGCTCACCCTCA-1",12.9399036508804
"TAAGTGCTCACTGGGC-1",8.40916016355555
"TAAGTGCTCTGGCGTG-1",13.5158792739251
"TACACGACACCCATTC-1",18.2750024416617
"TACACGAGTGATAAAC-1",0
"TACACGATCTGTCTCG-1",16.3245738179455
"TACAGTGAGATGCGAC-1",0.974519170111612
"TACAGTGAGCGTTGCC-1",0
"TACAGTGAGTGTACGG-1",5.83361201240885
"TACAGTGCAGGAATCG-1",11.6182321394157
"TACAGTGCAGGTGCCT-1",4.4255454359854
"TACAGTGGTACTCAAC-1",1.68917491877546
"TACAGTGGTTGGACCC-1",12.9343685159363
"TACCTATAGAGCTGGT-1",1.43192314015944
"TACCTATAGAGTTGGC-1",16.6854718983364
"TACCTATAGGCTCATT-1",28.4268607221095
"TACCTATAGTTAGCGG-1",7.49133809670733
"TACCTATCAAGCTGGA-1",32.7464191151097
"TACCTATGTAAATGAC-1",0.974519170111612
"TACCTATGTAGAGTGC-1",20.3819704663037
"TACCTATGTCACCTAA-1",11.9311365398331
"TACCTATGTGTTGAGG-1",0
"TACCTATGTTAAAGAC-1",30.2181819035968
"TACCTATTCTATGTGG-1",17.8096142473812
"TACCTATTCTTCCTTC-1",18.4917917828973
"TACCTTAAGAGGTTGC-1",17.8197877809407
"TACCTTAAGTCAAGCG-1",0
"TACCTTAAGTGGTCCC-1",1.62399538746766
"TACCTTACAACTGGCC-1",27.8709854594525
"TACCTTACAAGGGTCA-1",3.68068496948538
"TACCTTACACTCAGGC-1",27.7802750290155
"TACCTTACATCTACGA-1",1.79217625746399
"TACCTTAGTAGCGTCC-1",6.10136947985607
"TACCTTAGTCTCCACT-1",1.52712153324676
"TACGGATAGATGGCGT-1",15.1198359185526
"TACGGATAGGTACTCT-1",0
"TACGGATCAGGGATTG-1",19.3132752144635
"TACGGATCATCACCCT-1",12.5238970118021
"TACGGATGTCTAGCCG-1",14.728756905087
"TACGGATTCGGTGTCG-1",0
"TACGGATTCTACTATC-1",20.1882189900573
"TACGGGCAGGATGCGT-1",12.9343685159363
"TACGGGCAGGGAACGG-1",9.95499841883388
"TACGGGCAGTATTGGA-1",37.7382011847754
"TACGGGCAGTCAAGCG-1",19.2596647451111
"TACGGGCCAAGAAGAG-1",0
"TACGGGCCACCAGATT-1",0
"TACGGGCCATCAGTAC-1",9.23761723530197
"TACGGGCGTAAGGGCT-1",7.19285506556958
"TACGGGCGTCTGATTG-1",1.56041831239381
"TACGGGCGTGATGTGG-1",37.066027785043
"TACGGGCTCACCTTAT-1",0
"TACGGGCTCAGCTCTC-1",32.406251622635
"TACGGGCTCCACGAAT-1",36.1011403376557
"TACGGGCTCCTATTCA-1",12.5273644618924
"TACGGGCTCGGTGTTA-1",20.707496965354
"TACGGTAAGATATGGT-1",0
"TACGGTAAGCCGATTT-1",5.64139161065963
"TACGGTAAGTCATGCT-1",1.62760253772604
"TACGGTAAGTGCCATT-1",17.9102678432777
"TACGGTACACAGGCCT-1",3.64080675077576
"TACGGTACATTTCAGG-1",14.823024861021
"TACGGTAGTATATCCG-1",0
"TACGGTAGTCACTTCC-1",0
"TACGGTAGTGCAGGTA-1",0
"TACGGTAGTGGGTATG-1",0
"TACGGTATCGCAGGCT-1",12.1459037103518
"TACGGTATCGGACAAG-1",1.28529841676794
"TACGGTATCGTTTATC-1",38.1410283224146
"TACTCATAGTCACGCC-1",29.0841127794283
"TACTCATCAATCTACG-1",10.8620297247051
"TACTCATCACGGTAGA-1",9.95499841883388
"TACTCATCACTTCTGC-1",3.24726725004352
"TACTCATCATCCGTGG-1",32.804597988501
"TACTCATCATGTCGAT-1",16.3245738179455
"TACTCATGTACAGCAG-1",16.7132725739479
"TACTCATGTCTTCAAG-1",0
"TACTCATTCCTTTCTC-1",32.9438249708703
"TACTCGCAGGCGACAT-1",0
"TACTCGCGTCAGAAGC-1",30.0130153502569
"TACTCGCGTCTGATTG-1",1.20621747417976
"TACTCGCGTGTAACGG-1",14.0892098654353
"TACTCGCGTTGAGTTC-1",22.3748498671212
"TACTCGCTCAACGGGA-1",0
"TACTCGCTCCGAATGT-1",19.425294571311
"TACTTACAGACTAGGC-1",3.87473664882885
"TACTTACAGCTGAACG-1",10.3123216875995
"TACTTACAGTACACCT-1",26.5458835396338
"TACTTACAGTACGCCC-1",0
"TACTTACAGTGATCGG-1",0
"TACTTACCAAGCCGTC-1",0
"TACTTACCACAGGTTT-1",3.09661107097366
"TACTTACTCGCGTTTC-1",0
"TACTTGTAGCGATATA-1",0
"TACTTGTAGTAATCCC-1",8.87038247307806
"TACTTGTCAAACAACA-1",16.2197262227046
"TACTTGTCATGCAACT-1",15.4938764750635
"TACTTGTGTAGCACGA-1",15.3832976340489
"TACTTGTGTATAAACG-1",0
"TACTTGTGTTCCACAA-1",15.1964574565791
"TACTTGTTCTGCAGTA-1",6.8232552730928
"TAGACCAAGAGACGAA-1",1.49977531468034
"TAGACCAAGCCTCGTG-1",1.81033167280907
"TAGACCAAGTCGATAA-1",3.77752514877899
"TAGACCACAACACCCG-1",9.95255748188655
"TAGACCAGTAGATTAG-1",16.4899185940919
"TAGACCAGTTCATGGT-1",22.004999387511
"TAGACCATCACTTCAT-1",19.1780422246515
"TAGACCATCGTCACGG-1",0
"TAGACCATCTCCAGGG-1",0
"TAGAGCTAGAATTCCC-1",10.9906836331194
"TAGAGCTAGTATTGGA-1",21.2616876060188
"TAGAGCTCACTGAAGG-1",18.5205084099829
"TAGAGCTGTACTTGAC-1",0
"TAGAGCTGTCTAAAGA-1",10.503281382798
"TAGCCGGAGACTGGGT-1",4.1545297955535
"TAGCCGGAGTCCCACG-1",6.10136947985607
"TAGCCGGAGTGACATA-1",20.2067682648198
"TAGCCGGCAGCAGTTT-1",0
"TAGCCGGGTACAGTGG-1",1.40743615219821
"TAGCCGGGTACCATCA-1",1.94010412181633
"TAGCCGGGTCGCGAAA-1",0.974519170111612
"TAGCCGGTCACGACTA-1",17.2993794226656
"TAGGCATAGAACTGTA-1",9.95157633950367
"TAGGCATAGCTAGGCA-1",37.066027785043
"TAGGCATAGTCGTACT-1",0
"TAGGCATAGTTTAGGA-1",0
"TAGGCATCAAGCCTAT-1",16.5002650930547
"TAGGCATCAGACGCAA-1",2.31821325043082
"TAGGCATGTACGAAAT-1",0
"TAGGCATGTCCAGTTA-1",35.061526833983
"TAGGCATGTTCCACTC-1",1.28529841676794
"TAGGCATTCCCTAACC-1",2.48600736536419
"TAGGCATTCGCTAGCG-1",1.39088687813202
"TAGGCATTCGTAGATC-1",4.0904861472465
"TAGGCATTCTTCATGT-1",9.1907334941074
"TAGTGGTAGATCACGG-1",8.77397286002594
"TAGTGGTAGCTGTTCA-1",0
"TAGTGGTCAGTATAAG-1",37.066027785043
"TAGTGGTGTAGCGTAG-1",35.6882981161639
"TAGTGGTTCAGCATGT-1",21.2792314732794
"TAGTGGTTCGGCGCAT-1",0
"TAGTGGTTCTCAAGTG-1",29.4356008912283
"TAGTGGTTCTGGGCCA-1",0.974519170111612
"TAGTGGTTCTTTAGTC-1",13.1060499034975
"TAGTTGGAGATAGGAG-1",15.2902990466289
"TAGTTGGCAGACGCAA-1",4.4255454359854
"TAGTTGGCATGCGCAC-1",0
"TAGTTGGGTATGGTTC-1",4.50115786928025
"TAGTTGGTCCGAATGT-1",0
"TAGTTGGTCTACTCAT-1",0
"TAGTTGGTCTCTAAGG-1",3.68068496948538
"TAGTTGGTCTGATACG-1",11.8748126812072
"TATCAGGAGAGTAAGG-1",17.9102678432777
"TATCAGGAGATCCGAG-1",10.9906836331194
"TATCAGGAGCAGATCG-1",9.85149624373771
"TATCAGGAGGTGCTTT-1",16.2359591071959
"TATCAGGCAACTTGAC-1",0
"TATCAGGCACGTTGGC-1",4.46158184667981
"TATCAGGGTCCGTTAA-1",0
"TATCAGGGTCTGCAAT-1",0
"TATCAGGGTTAAAGAC-1",1.56041831239381
"TATCAGGTCAAGATCC-1",10.3701577877584
"TATCAGGTCCACTCCA-1",0
"TATCAGGTCGTAGGTT-1",17.8096142473812
"TATCTCAAGAGTTGGC-1",14.8140001564668
"TATCTCAAGCCACCTG-1",0
"TATCTCAAGCGTAATA-1",37.7382011847754
"TATCTCAAGGCTAGCA-1",2.66258782702545
"TATCTCAAGTGGGCTA-1",14.5642809147431
"TATCTCACATGTCCTC-1",26.0749703046365
"TATCTCAGTAACGACG-1",2.61248962515015
"TATCTCAGTACCTACA-1",0
"TATCTCAGTACGACCC-1",1.20621747417976
"TATCTCAGTCAATGTC-1",14.5770134249001
"TATCTCATCAAGCCTA-1",14.8335249634664
"TATGCCCAGAAACCGC-1",0
"TATGCCCAGGTAGCTG-1",8.68075945249317
"TATGCCCCAATGGAAT-1",37.7370843313603
"TATGCCCCACTTAACG-1",0
"TATGCCCCATGTTCCC-1",3.37408351093633
"TATGCCCGTAGCCTCG-1",25.8020460866587
"TATGCCCGTATAGGGC-1",6.45923262651432
"TATGCCCGTATGAAAC-1",4.4682244074384
"TATGCCCGTCGCCATG-1",1.22609565110309
"TATGCCCGTGCCTTGG-1",10.1660612653491
"TATGCCCGTTAAGATG-1",0
"TATGCCCGTTGGTGGA-1",9.74185152941241
"TATGCCCGTTTAGGAA-1",28.8021374172276
"TATTACCAGAGAGCTC-1",4.1545297955535
"TATTACCAGCAAATCA-1",0
"TATTACCAGCCCGAAA-1",31.1592382680109
"TATTACCAGTATCTCG-1",0
"TATTACCCAAAGTGCG-1",18.4373443181042
"TATTACCCAGACAAGC-1",30.4119318809099
"TATTACCCAGTCAGCC-1",4.12418968661808
"TATTACCCATAAAGGT-1",0
"TATTACCCATCTACGA-1",19.5866371672242
"TATTACCGTCCAGTAT-1",0
"TCAACGAAGCCGATTT-1",12.9656497504345
"TCAACGAAGCGATGAC-1",9.63479055097199
"TCAACGAAGGCATGTG-1",13.387735061831
"TCAACGAAGTAGTGCG-1",7.80798293192993
"TCAACGACACCAGGCT-1",10.503281382798
"TCAACGACATGCCTTC-1",0.974519170111612
"TCAACGAGTTACCAGT-1",3.61875068954329
"TCAACGAGTTCCATGA-1",31.1592382680109
"TCAACGAGTTCTGGTA-1",31.1942992017882
"TCAACGATCAGTCCCT-1",14.0892098654353
"TCAACGATCTGTGCAA-1",28.9345588449795
"TCAATCTAGATCCCGC-1",5.04125231486159
"TCAATCTCACAAGCCC-1",17.4079047292192
"TCAATCTCACAGCCCA-1",6.90588184341079
"TCAATCTCATGACGGA-1",8.87038247307806
"TCAATCTCATTTGCTT-1",16.1859409772951
"TCAATCTGTAGTGAAT-1",5.95702101092997
"TCAATCTGTTAGATGA-1",8.79328387558173
"TCAATCTTCAGATAAG-1",33.4041714993212
"TCAATCTTCATGTCCC-1",0
"TCACAAGAGACTGGGT-1",0
"TCACAAGAGAGAGCTC-1",1.62399538746766
"TCACAAGAGGCCCTCA-1",16.3558473816792
"TCACAAGAGGTGGGTT-1",0
"TCACAAGAGTAGATGT-1",4.63875408002823
"TCACAAGCAGTATGCT-1",3.57044181037561
"TCACAAGCATAACCTG-1",16.5246911964243
"TCACAAGCATGACATC-1",0
"TCACAAGGTCAGATAA-1",4.93212945223794
"TCACAAGGTGTGGTTT-1",0
"TCACAAGTCATCATTC-1",2.61551605470547
"TCACAAGTCATGCATG-1",12.5238970118021
"TCACGAAAGCTCCTTC-1",12.1378970030719
"TCACGAAAGGTGCTTT-1",32.9438249708703
"TCACGAAAGTCTCGGC-1",0
"TCACGAACACAAGACG-1",7.17151903472253
"TCACGAACACTGTCGG-1",20.7830764565508
"TCACGAAGTGGTCCGT-1",21.2616876060188
"TCACGAAGTTGGTGGA-1",9.95255748188655
"TCACGAATCATGCAAC-1",0
"TCACGAATCCCGACTT-1",25.839514958855
"TCACGAATCCTCGCAT-1",1.22609565110309
"TCACGAATCGTCACGG-1",29.4356008912283
"TCAGATGAGGTGCACA-1",11.3456571602098
"TCAGATGGTCTTGTCC-1",7.17151903472253
"TCAGATGGTGCCTGCA-1",1.62760253772604
"TCAGATGGTGCTGTAT-1",0
"TCAGATGTCAGTTTGG-1",15.7363540171248
"TCAGATGTCGCATGAT-1",10.5250344707837
"TCAGATGTCTCCTATA-1",0
"TCAGCAAAGGAGTCTG-1",0
"TCAGCAAAGGCTCATT-1",0
"TCAGCAAAGTACGACG-1",15.4938764750635
"TCAGCAAAGTGGCACA-1",0
"TCAGCAACACGCATCG-1",15.6126552717832
"TCAGCAAGTACCGGCT-1",0
"TCAGCAATCAGCGATT-1",1.68917491877546
"TCAGCAATCGGAAACG-1",1.16625372558609
"TCAGCAATCTTCAACT-1",39.5577954019063
"TCAGCTCAGGTGTTAA-1",13.5158792739251
"TCAGCTCAGTATGACA-1",3.15606276561771
"TCAGCTCCAATCTGCA-1",8.77397286002594
"TCAGCTCCACGGTTTA-1",16.6854718983364
"TCAGCTCGTAATAGCA-1",5.51677469462939
"TCAGCTCGTCCGTCAG-1",10.3123216875995
"TCAGCTCGTTCACGGC-1",22.051157105181
"TCAGCTCTCACGATGT-1",0
"TCAGCTCTCATGCATG-1",5.64139161065963
"TCAGCTCTCCTAAGTG-1",0
"TCAGCTCTCTCGTATT-1",0
"TCAGGATAGACAGAGA-1",13.5158792739251
"TCAGGATAGATATGGT-1",3.24726725004352
"TCAGGATCAAACGTGG-1",0
"TCAGGATCAAGTTCTG-1",0
"TCAGGATCACGGTGTC-1",0
"TCAGGATCACTGTGTA-1",1.56041831239381
"TCAGGATCAGCATACT-1",0
"TCAGGATCATCTGGTA-1",3.1407324715585
"TCAGGATGTAAGCACG-1",25.1386341404368
"TCAGGATGTGGCCCTA-1",1.79217625746399
"TCAGGATTCCGATATG-1",1.62760253772604
"TCAGGATTCTCGATGA-1",15.1964574565791
"TCAGGTAAGATGGCGT-1",17.0821442741968
"TCAGGTAAGTGTTTGC-1",25.697026300222
"TCAGGTACACAAGTAA-1",0
"TCAGGTACACAGAGGT-1",1.56041831239381
"TCAGGTACAGCTGCTG-1",6.09835827635864
"TCAGGTAGTAAACGCG-1",15.7363540171248
"TCATTACAGAAACCAT-1",18.3374345353598
"TCATTACAGGAGTTGC-1",16.2197262227046
"TCATTACAGTTGCAGG-1",17.7246419073621
"TCATTACCACATCCAA-1",9.95255748188655
"TCATTACCAGTCAGCC-1",10.6345702877083
"TCATTACGTACGCACC-1",14.352964751042
"TCATTACGTCTAGAGG-1",15.6126552717832
"TCATTACGTGAAGGCT-1",1.93097436563771
"TCATTACGTTCTGTTT-1",8.77397286002594
"TCATTACTCATCGATG-1",8.61644619869624
"TCATTTGAGCCAGTTT-1",1.79217625746399
"TCATTTGCACGTCTCT-1",1.43192314015944
"TCATTTGCAGTTAACC-1",0
"TCATTTGTCCAGAGGA-1",10.6345702877083
"TCATTTGTCCCTTGCA-1",4.0904861472465
"TCATTTGTCCGTCAAA-1",9.85149624373771
"TCATTTGTCGCTAGCG-1",34.5030826362983
"TCATTTGTCGTACGGC-1",0
"TCATTTGTCTCTGCTG-1",0
"TCCACACCAAAGAATC-1",6.57794797378234
"TCCACACCACGCCAGT-1",1.61361093831174
"TCCACACGTACAGCAG-1",0
"TCCACACGTAGCCTAT-1",4.50115786928025
"TCCACACGTCATCGGC-1",15.7363540171248
"TCCACACGTGACCAAG-1",1.79217625746399
"TCCACACGTGCGAAAC-1",2.8628139487241
"TCCACACTCAACACCA-1",15.1080005763914
"TCCACACTCCAGTATG-1",28.2506973326587
"TCCACACTCCCATTTA-1",10.3125330841038
"TCCACACTCGAACTGT-1",26.5458835396338
"TCCCGATAGAAGAAGC-1",0
"TCCCGATAGCACAGGT-1",2.48600736536419
"TCCCGATAGCCGGTAA-1",30.0130153502568
"TCCCGATCAAGGTTCT-1",3.91073574908926
"TCCCGATCAGCCAATT-1",3.67483313135851
"TCCCGATCATCCAACA-1",2.68645056989105
"TCCCGATGTAAGGATT-1",0
"TCCCGATGTCAATACC-1",8.61644619869624
"TCCCGATTCAGAAATG-1",0
"TCCCGATTCAGTCCCT-1",17.0821442741968
"TCCCGATTCATCTGTT-1",0
"TCCCGATTCCCTAATT-1",0
"TCCCGATTCTGGAGCC-1",14.1375783607185
"TCGAGGCAGCGATGAC-1",9.85149624373771
"TCGAGGCAGTGTTTGC-1",0
"TCGAGGCCAAAGAATC-1",16.3296991132468
"TCGAGGCCAAGTTCTG-1",6.57794797378234
"TCGAGGCCAGTAACGG-1",4.27818362282818
"TCGAGGCGTATATCCG-1",0
"TCGAGGCTCGCAAGCC-1",26.0749703046365
"TCGAGGCTCTTGAGAC-1",28.4268607221095
"TCGAGGCTCTTTCCTC-1",1.39088687813202
"TCGCGAGAGACAAAGG-1",14.0085324039928
"TCGCGAGAGTGAATTG-1",37.7382011847754
"TCGCGAGCAAGCGTAG-1",0
"TCGCGAGCACCGAATT-1",23.4393579817467
"TCGCGAGCAGTAAGAT-1",0
"TCGCGAGTCCACGAAT-1",0
"TCGCGAGTCTAGCACA-1",0
"TCGCGAGTCTCTAGGA-1",12.311525906863
"TCGCGAGTCTTCATGT-1",22.051157105181
"TCGCGTTAGTGGGCTA-1",1.39088687813202
"TCGCGTTCACAGGCCT-1",27.4758566854639
"TCGCGTTCATCACAAC-1",32.9438249708703
"TCGCGTTCATCTCGCT-1",0
"TCGCGTTGTTCACCTC-1",0
"TCGCGTTTCAAGATCC-1",29.0841127794283
"TCGCGTTTCAGGTAAA-1",8.87038247307806
"TCGCGTTTCATTCACT-1",0
"TCGCGTTTCCTGTACC-1",23.1471274936683
"TCGCGTTTCGCCCTTA-1",9.88048173129446
"TCGGGACCACACATGT-1",15.8013487019915
"TCGGGACTCCTTGCCA-1",24.5069461734836
"TCGGGACTCTGCGGCA-1",5.64139161065963
"TCGGGACTCTTGTCAT-1",3.21078370002761
"TCGGTAAAGACAGGCT-1",18.1486456007036
"TCGGTAAAGCTCAACT-1",3.39004022056664
"TCGGTAACAAGCTGAG-1",2.13303872768881
"TCGGTAACAGGAATGC-1",8.08762781260482
"TCGGTAAGTATATGGA-1",0
"TCGGTAAGTCTAGTCA-1",1.93097436563771
"TCGGTAATCCCGGATG-1",0
"TCGTACCAGCAGGCTA-1",26.1598514363885
"TCGTACCAGTTTCCTT-1",19.9868303957692
"TCGTACCGTTTGCATG-1",11.7714230455452
"TCGTACCTCGGGAGTA-1",27.6842446077317
"TCGTAGAAGCTAACTC-1",0
"TCGTAGAAGGCGACAT-1",0
"TCGTAGAAGGGAACGG-1",18.4917917828973
"TCGTAGAAGTCCATAC-1",19.5541440205101
"TCGTAGACAATCCAAC-1",0
"TCGTAGACACTCAGGC-1",2.0785670335349
"TCGTAGAGTATGAATG-1",10.9906836331194
"TCGTAGAGTGAGCGAT-1",20.4288714731077
"TCGTAGAGTGTGTGCC-1",3.15606276561771
"TCGTAGAGTTCAACCA-1",3.94549319446234
"TCGTAGAGTTCCATGA-1",0
"TCGTAGATCCAAGCCG-1",0
"TCGTAGATCTTAGCCC-1",33.4972489615697
"TCTATTGAGCGATTCT-1",26.5458835396338
"TCTATTGAGTGCCATT-1",32.1319057593733
"TCTATTGCACATCTTT-1",1.16625372558609
"TCTATTGGTAAGTGTA-1",17.6371856378323
"TCTATTGGTCCAACTA-1",1.39088687813202
"TCTATTGGTCTGCCAG-1",15.7011239687851
"TCTATTGGTTGCTCCT-1",17.0821442741968
"TCTATTGTCGGCGCTA-1",0
"TCTCATAAGCTAAACA-1",0
"TCTCATAAGCTAGTCT-1",0
"TCTCATAAGTGCCATT-1",9.55432533474785
"TCTCATAGTACCGGCT-1",31.1592382680109
"TCTCATAGTGTAAGTA-1",0
"TCTCATATCAAGCCTA-1",16.6905989672696
"TCTCATATCACCTTAT-1",3.59876556531074
"TCTCATATCCTGTACC-1",1.51482301960555
"TCTCTAAAGACCGGAT-1",5.04125231486159
"TCTCTAAAGGGTGTTG-1",0
"TCTCTAACAGCCTATA-1",19.8108743194335
"TCTCTAAGTCCAGTAT-1",0
"TCTCTAAGTCCATGAT-1",1.51482301960555
"TCTCTAAGTCTCATCC-1",0
"TCTCTAAGTGGAAAGA-1",2.51755341888224
"TCTCTAATCAAACCAC-1",3.81695875376184
"TCTCTAATCACAGGCC-1",18.7679331186378
"TCTCTAATCACATACG-1",10.6345702877083
"TCTCTAATCCGTAGGC-1",4.1545297955535
"TCTCTAATCGTATCAG-1",0.974519170111612
"TCTGAGACAAACCTAC-1",0
"TCTGAGACAGAGTGTG-1",25.391515467869
"TCTGAGAGTAAGGGAA-1",16.2197262227046
"TCTGAGATCCTTGACC-1",12.311525906863
"TCTGAGATCTATCCTA-1",9.95157633950367
"TCTGGAAAGCGATGAC-1",0
"TCTGGAAAGCTCTCGG-1",0
"TCTGGAAAGGAGCGAG-1",9.95157633950367
"TCTGGAACACAAGACG-1",14.5642809147431
"TCTGGAACACACTGCG-1",14.0085324039928
"TCTGGAACACTTCTGC-1",14.9943299884939
"TCTGGAAGTGAGTATA-1",1.73109612299393
"TCTTCGGAGGTTCCTA-1",15.7363540171248
"TCTTCGGAGTTCGATC-1",9.55432533474785
"TCTTCGGCAAAGCAAT-1",28.4268607221095
"TCTTCGGCAAAGGTGC-1",7.17151903472253
"TCTTCGGCAATAGCAA-1",0
"TCTTCGGCAATGTAAG-1",0
"TCTTCGGCACACCGAC-1",0
"TCTTCGGCAGCCAATT-1",10.4079617178963
"TCTTCGGGTCATTAGC-1",10.6303012525358
"TCTTCGGTCGTAGGTT-1",9.55432533474785
"TCTTCGGTCTCTAAGG-1",1.99733992184537
"TCTTTCCAGAGAGCTC-1",3.59876556531074
"TCTTTCCAGTCATCCA-1",0
"TCTTTCCCATCTCCCA-1",1.47537638654094
"TCTTTCCGTAATCACC-1",16.3296991132468
"TCTTTCCGTAGTACCT-1",22.4390163445319
"TCTTTCCTCACAACGT-1",0
"TCTTTCCTCAGCTGGC-1",31.0660707840289
"TCTTTCCTCCAAGTAC-1",38.7103664905493
"TCTTTCCTCCTCGCAT-1",15.1198359185526
"TGAAAGAAGCTAAGAT-1",0
"TGAAAGACAAGCCGTC-1",22.5902430609139
"TGAAAGACACATTCGA-1",16.9227120053191
"TGAAAGACATGAGCGA-1",28.8021374172276
"TGAAAGAGTCTAGCGC-1",0
"TGAAAGAGTCTCATCC-1",0
"TGAAAGATCCCGACTT-1",10.3125330841038
"TGAAAGATCTATGTGG-1",0
"TGACAACCAAGCGAGT-1",27.7802750290155
"TGACAACGTAGGGACT-1",3.88605301970936
"TGACAACGTGCGCTTG-1",9.15784653582775
"TGACAACGTGGTTTCA-1",0
"TGACAACTCACAAACC-1",27.8598090850061
"TGACAACTCCACGTGG-1",19.3240359805902
"TGACAACTCGAATGCT-1",9.23761723530197
"TGACGGCAGCGCCTCA-1",0
"TGACGGCAGGCTCAGA-1",8.15870649356362
"TGACGGCAGTCAAGCG-1",16.5656459728004
"TGACGGCCACAGACTT-1",14.0085324039928
"TGACGGCGTCATCCCT-1",30.1591049663217
"TGACGGCTCAGGCGAA-1",31.0103341352943
"TGACGGCTCCACTGGG-1",17.570706594754
"TGACTAGAGACCCACC-1",13.9382009743
"TGACTAGAGGGCATGT-1",0
"TGACTAGAGTCTCAAC-1",1.58678831255995
"TGACTAGAGTTGAGAT-1",0
"TGACTAGCAGCATACT-1",0
"TGACTAGCAGTCAGAG-1",32.9683654982693
"TGACTAGCATTTCACT-1",2.0785670335349
"TGACTAGGTAAATACG-1",1.56041831239381
"TGACTAGGTGAAAGAG-1",1.79217625746399
"TGACTAGGTGCAGTAG-1",1.56041831239381
"TGACTAGTCATGCATG-1",10.6051486626167
"TGACTAGTCCATGCTC-1",0
"TGACTAGTCTGTTGAG-1",23.1471274936683
"TGACTTTAGAACAATC-1",0
"TGACTTTAGTCTCGGC-1",6.2342865718947
"TGACTTTAGTTAGGTA-1",1.32974901546006
"TGACTTTCAGTCCTTC-1",14.0085324039928
"TGACTTTCATTATCTC-1",11.0994111266272
"TGACTTTGTCACACGC-1",0
"TGACTTTTCCTCAATT-1",17.9102678432777
"TGACTTTTCTGCCCTA-1",21.2616876060188
"TGAGAGGAGGCTCATT-1",10.9196874513827
"TGAGAGGCAAAGTCAA-1",13.5158792739251
"TGAGAGGCAAGCCATT-1",6.2602072697027
"TGAGAGGCACCATGTA-1",0
"TGAGAGGGTCACTGGC-1",20.6108435816051
"TGAGAGGGTCTAAACC-1",8.61644619869624
"TGAGAGGTCGAACTGT-1",12.8516774950837
"TGAGAGGTCGCGTTTC-1",18.3434020282119
"TGAGAGGTCTGACCTC-1",0
"TGAGCATAGAAACGAG-1",3.94720298087845
"TGAGCATAGAAGCCCA-1",2.13303872768881
"TGAGCATAGATGTCGG-1",0
"TGAGCATAGGAATGGA-1",15.7329481851775
"TGAGCATCACCAGGCT-1",0
"TGAGCATCAGATGAGC-1",2.03081894043222
"TGAGCATCAGCGTAAG-1",30.4119318809099
"TGAGCATCAGCTGTAT-1",2.80796477636142
"TGAGCATGTGGCCCTA-1",0
"TGAGCATTCCACGTTC-1",3.39004022056664
"TGAGCATTCCGATATG-1",23.3736650114955
"TGAGCATTCGGCCGAT-1",0
"TGAGCCGCATCGGGTC-1",23.4393579817467
"TGAGCCGGTCGAACAG-1",5.64139161065963
"TGAGCCGGTGTAATGA-1",0
"TGAGCCGGTTGATTCG-1",4.27818362282818
"TGAGCCGTCATCTGCC-1",29.3619465500803
"TGAGCCGTCGTCACGG-1",38.9907880273269
"TGAGCCGTCTTGAGGT-1",2.61102184492469
"TGAGGGAAGAGACTAT-1",15.6126552717832
"TGAGGGAAGGAGTACC-1",0
"TGAGGGAAGTCATCCA-1",18.7679331186378
"TGAGGGAAGTCATGCT-1",1.5365023226786
"TGAGGGACACCAGTTA-1",12.1275628918648
"TGAGGGACATAAGACA-1",0
"TGAGGGAGTAAACGCG-1",1.0194944229027
"TGAGGGAGTTAGGGTG-1",38.1410283224146
"TGAGGGATCAACGGGA-1",18.3374345353598
"TGAGGGATCTAGCACA-1",0
"TGAGGGATCTCTTATG-1",30.0130153502569
"TGATTTCCATCCGGGT-1",0
"TGATTTCGTAGGCATG-1",0
"TGATTTCGTTAAGACA-1",25.391515467869
"TGATTTCTCTGATTCT-1",28.0780887305805
"TGCACCTAGACCTTTG-1",6.64585360013078
"TGCACCTAGGACGAAA-1",0
"TGCACCTCAAGTTGTC-1",0
"TGCACCTCAATAGAGT-1",28.0368797361318
"TGCACCTCATCCGGGT-1",0
"TGCACCTGTAATCACC-1",0
"TGCACCTGTCACACGC-1",0
"TGCACCTTCACGGTTA-1",26.0749703046365
"TGCACCTTCATCGGAT-1",13.9382009743
"TGCACCTTCCGCGGTA-1",17.9592509618583
"TGCACCTTCGAACTGT-1",9.23761723530197
"TGCACCTTCTCTTGAT-1",5.04125231486159
"TGCCAAACAATGTAAG-1",16.3245738179455
"TGCCAAACAATTCCTT-1",0
"TGCCAAAGTTCGCGAC-1",0
"TGCCAAATCCAAACTG-1",0
"TGCCAAATCCCTGACT-1",10.5250344707837
"TGCCAAATCGGCGGTT-1",9.88048173129446
"TGCCCATAGACTAGGC-1",0
"TGCCCATAGCGTCAAG-1",0
"TGCCCATAGCGTGAAC-1",20.2067682648198
"TGCCCATAGCTGTTCA-1",1.93097436563771
"TGCCCATAGGATGGAA-1",26.5458835396338
"TGCCCATAGTACGCCC-1",0
"TGCCCATAGTTGAGTA-1",21.7986992122359
"TGCCCATCACCAGGTC-1",1.32974901546006
"TGCCCATCACGAAATA-1",3.94549319446234
"TGCCCATCAGGACGTA-1",30.8936587459917
"TGCCCATCATGGAATA-1",18.2750024416617
"TGCCCATCATGGATGG-1",0
"TGCCCATGTAGCCTCG-1",1.32974901546006
"TGCCCATTCAAACCGT-1",0
"TGCCCATTCAGGCCCA-1",19.5866371672242
"TGCCCATTCCTTCAAT-1",0
"TGCCCATTCGGAAATA-1",19.6004814191444
"TGCCCTAAGGTCGGAT-1",0
"TGCCCTAAGGTTCCTA-1",0
"TGCCCTACACCACCAG-1",10.4079617178963
"TGCCCTACAGCCACCA-1",21.3250118957845
"TGCCCTACAGTGAGTG-1",1.94010412181633
"TGCCCTAGTCCGAGTC-1",7.31483545027369
"TGCCCTAGTGGTTTCA-1",20.3819704663037
"TGCCCTAGTTTCGCTC-1",31.1942992017882
"TGCCCTATCGACGGAA-1",1.40743615219821
"TGCCCTATCTTCGGTC-1",36.9680193678621
"TGCGCAGAGACTAGGC-1",1.56041831239381
"TGCGCAGAGCACACAG-1",0
"TGCGCAGAGCGTCTAT-1",16.2197262227046
"TGCGCAGAGGAGCGAG-1",14.823024861021
"TGCGCAGCAAACGTGG-1",1.56041831239381
"TGCGCAGCAGCTCGCA-1",15.6126552717832
"TGCGCAGCAGTAGAGC-1",8.61644619869624
"TGCGCAGTCCTACAGA-1",13.387735061831
"TGCGGGTAGAGACTTA-1",0
"TGCGGGTAGATCGATA-1",15.7363540171248
"TGCGGGTAGCTCTCGG-1",26.5458835396338
"TGCGGGTAGGTGTGGT-1",28.9345588449795
"TGCGGGTAGTACTTGC-1",0
"TGCGGGTCAATGGAAT-1",0
"TGCGGGTCACACGCTG-1",4.1545297955535
"TGCGGGTCATTGGGCC-1",7.95237472146549
"TGCGGGTGTAGAAAGG-1",10.6051486626167
"TGCGGGTGTCACCTAA-1",37.066027785043
"TGCGGGTGTCAGATAA-1",11.3456571602098
"TGCGGGTGTTAGAACA-1",8.87038247307806
"TGCGGGTTCAGTTCGA-1",37.7382011847754
"TGCGGGTTCGTAGATC-1",0
"TGCGGGTTCTCTTGAT-1",1.32974901546006
"TGCGTGGAGACGCAAC-1",2.61551605470547
"TGCGTGGAGACTGGGT-1",38.7103664905493
"TGCGTGGCAATTCCTT-1",1.5365023226786
"TGCGTGGGTGCACCAC-1",6.2602072697027
"TGCGTGGTCCGCGCAA-1",10.503281382798
"TGCGTGGTCGCCCTTA-1",0
"TGCGTGGTCTGGCGAC-1",1.71000434612725
"TGCTACCAGAAAGTGG-1",9.4900810786329
"TGCTACCAGATGGCGT-1",0
"TGCTACCAGCAAATCA-1",7.03837492003211
"TGCTACCAGTCCGTAT-1",5.51677469462939
"TGCTACCCAAGAGGCT-1",27.7802750290155
"TGCTACCCACTTAACG-1",0
"TGCTACCCATCGTCGG-1",0
"TGCTACCCATGGTTGT-1",19.3656053532427
"TGCTACCGTGTGACGA-1",0
"TGCTACCTCCTCGCAT-1",0
"TGCTACCTCTTCTGGC-1",23.4857732183099
"TGCTGCTAGACTAAGT-1",3.87473664882885
"TGCTGCTAGGTGATAT-1",6.10136947985607
"TGCTGCTCAATAGAGT-1",26.1836415755301
"TGCTGCTCACAGACAG-1",0
"TGCTGCTCATCCCATC-1",20.5588597403121
"TGCTGCTCATGGTTGT-1",1.0194944229027
"TGCTGCTGTCATACTG-1",2.61551605470547
"TGCTGCTGTGAAGGCT-1",30.3133676094799
"TGCTGCTTCATTGCGA-1",30.8936587459917
"TGGACGCAGAGGTACC-1",1.32974901546006
"TGGACGCAGTCAAGGC-1",1.98695148479768
"TGGACGCCACAGAGGT-1",18.1080434832481
"TGGACGCCATGGTAGG-1",31.1592382680109
"TGGACGCGTCCGAACC-1",0
"TGGACGCGTCTCCCTA-1",6.2342865718947
"TGGCCAGAGAAGGTGA-1",0
"TGGCCAGAGAGTACAT-1",12.04261971514
"TGGCCAGAGGCGATAC-1",0
"TGGCCAGAGGCGTACA-1",5.92070805516777
"TGGCCAGCAACTGCGC-1",5.04125231486159
"TGGCCAGCACGACTCG-1",0
"TGGCCAGGTCAATACC-1",11.7714230455452
"TGGCCAGTCGTAGATC-1",1.56041831239381
"TGGCCAGTCTATCCCG-1",0
"TGGCGCAAGCTACCTA-1",17.8096142473812
"TGGCGCAAGCTATGCT-1",13.5323586177627
"TGGCGCAAGTGTGGCA-1",3.37408351093633
"TGGCGCAAGTTACCCA-1",1.0194944229027
"TGGCGCACACAGGCCT-1",0
"TGGCGCACACGGATAG-1",16.1859409772951
"TGGCGCACAGCGATCC-1",0
"TGGCGCACATAGGATA-1",18.1392021653053
"TGGCGCAGTACTCTCC-1",0
"TGGCGCAGTGGACGAT-1",0
"TGGCGCAGTTATGTGC-1",1.47537638654094
"TGGCGCATCAAGAAGT-1",11.7714230455452
"TGGCGCATCATGCTCC-1",1.43192314015944
"TGGCGCATCATGTGGT-1",0
"TGGCGCATCATTATCC-1",9.29718413958275
"TGGCGCATCGTGGTCG-1",26.5458835396338
"TGGCTGGAGCGGATCA-1",4.63875408002823
"TGGCTGGAGTGCAAGC-1",12.8963694470552
"TGGCTGGCAAGTTAAG-1",0
"TGGCTGGCACGGATAG-1",10.3125330841038
"TGGCTGGCAGGAACGT-1",0
"TGGCTGGGTCGAGTTT-1",16.6854718983364
"TGGCTGGGTCGGCATC-1",18.149848798766
"TGGCTGGGTCTAGCCG-1",13.387735061831
"TGGCTGGGTTACGCGC-1",9.23761723530197
"TGGCTGGGTTGGACCC-1",32.9683654982693
"TGGCTGGTCTCGTTTA-1",16.5002650930547
"TGGGAAGAGATATACG-1",1.32974901546006
"TGGGAAGAGCCCAATT-1",12.4410606600087
"TGGGAAGAGCGCTCCA-1",7.7348985296128
"TGGGAAGAGGGCTTCC-1",9.1907334941074
"TGGGAAGAGTAAGTAC-1",0
"TGGGAAGAGTTAACGA-1",16.6854718983364
"TGGGAAGCAAGGTGTG-1",0
"TGGGAAGCAGATCCAT-1",0
"TGGGAAGCAGCGAACA-1",2.48600736536419
"TGGGAAGGTAAGTTCC-1",38.7103664905493
"TGGGAAGGTTAGATGA-1",6.2342865718947
"TGGGAAGGTTATTCTC-1",0
"TGGGAAGTCCCAAGAT-1",12.347230709273
"TGGGAAGTCCTTCAAT-1",30.4119318809099
"TGGGAAGTCGTGGACC-1",16.3834961676843
"TGGGAAGTCTCCTATA-1",0
"TGGGCGTAGTCTCCTC-1",17.3813699836116
"TGGGCGTCAGACGTAG-1",26.1836415755301
"TGGGCGTCAGGGATTG-1",15.1198359185526
"TGGGCGTGTCCAAGTT-1",0
"TGGGCGTGTCTAGAGG-1",0
"TGGGCGTGTGGCTCCA-1",3.68068496948538
"TGGGCGTGTTTCGCTC-1",0
"TGGGCGTTCAGCTTAG-1",23.9738967988073
"TGGTTAGAGCTACCTA-1",11.0994111266272
"TGGTTAGAGTTAGGTA-1",37.468886893779
"TGGTTAGGTGATGATA-1",0
"TGGTTAGGTTCACGGC-1",7.21927180008067
"TGGTTAGTCCCGACTT-1",16.6854718983364
"TGGTTAGTCTTGTATC-1",26.0749703046365
"TGGTTCCAGCCGTCGT-1",16.4741644356549
"TGGTTCCAGTAATCCC-1",8.98791452871747
"TGGTTCCCAAGTTGTC-1",7.17151903472253
"TGGTTCCCAGACAAAT-1",26.0749703046365
"TGGTTCCCAGACAGGT-1",9.48256208569546
"TGGTTCCCAGCTCGAC-1",12.5290996143536
"TGGTTCCCATGTCCTC-1",14.4739445984848
"TGGTTCCCATTTCACT-1",0
"TGGTTCCGTCCAAGTT-1",4.0904861472465
"TGGTTCCTCACATACG-1",38.7103664905493
"TGGTTCCTCAGCTTAG-1",0
"TGGTTCCTCTAACTTC-1",16.3070704219936
"TGGTTCCTCTAGAGTC-1",16.1038394229951
"TGGTTCCTCTGGGCCA-1",1.94010412181633
"TGTATTCAGCCCGAAA-1",1.99733992184537
"TGTATTCAGCGATCCC-1",0
"TGTATTCCAGGGCATA-1",6.2602072697027
"TGTATTCGTAAGAGAG-1",12.1378970030719
"TGTATTCGTTTGTTTC-1",16.0278895750842
"TGTATTCTCAGCATGT-1",0
"TGTATTCTCATCTGTT-1",1.58678831255995
"TGTCCCAAGCAGATCG-1",0
"TGTCCCAAGCTAGTTC-1",32.9683654982693
"TGTCCCAAGCTGAACG-1",8.24627071365514
"TGTCCCAAGTTGTCGT-1",14.5770134249001
"TGTCCCACAGTAAGCG-1",2.0785670335349
"TGTCCCACATCACGTA-1",26.1413451075566
"TGTCCCAGTAAGAGGA-1",1.39088687813202
"TGTCCCAGTAAGTGGC-1",37.066027785043
"TGTCCCAGTCGGATCC-1",13.3728555381887
"TGTCCCATCATTTGGG-1",17.8197877809407
"TGTCCCATCTGCAAGT-1",2.41767330687326
"TGTCCCATCTGCGTAA-1",8.77397286002594
"TGTGGTAGTCCCGACA-1",1.5365023226786
"TGTGGTAGTGTGAAAT-1",3.27862373864736
"TGTGGTAGTGTGACGA-1",0
"TGTGGTATCCAGGGCT-1",19.0486099627681
"TGTGGTATCTTGCATT-1",4.27818362282818
"TGTGTTTAGAGGTTAT-1",0
"TGTGTTTAGCGTGAGT-1",31.1942992017882
"TGTGTTTAGTGCGTGA-1",7.17151903472253
"TGTGTTTCATGCGCAC-1",19.3351292899064
"TGTGTTTTCTCATTCA-1",0
"TGTGTTTTCTTTCCTC-1",9.29718413958275
"TGTTCCGAGAGCAATT-1",0
"TGTTCCGAGCAACGGT-1",10.6223676014761
"TGTTCCGAGGAATTAC-1",0
"TGTTCCGAGGACTGGT-1",6.2602072697027
"TGTTCCGCAGTGAGTG-1",31.1942992017882
"TGTTCCGGTGAGTATA-1",16.1859409772951
"TGTTCCGTCAAGCCTA-1",10.4079617178963
"TGTTCCGTCAGTTCGA-1",1.40743615219821
"TGTTCCGTCGGCGGTT-1",1.16625372558609
"TGTTCCGTCTGAAAGA-1",12.9399036508804
"TGTTCCGTCTGGTATG-1",0
"TTAACTCAGTGTACGG-1",1.40627215097039
"TTAACTCCAAGCGCTC-1",8.77397286002594
"TTAACTCCAGGCAGTA-1",32.2402254872258
"TTAACTCGTTCCACAA-1",17.9680561041379
"TTAACTCTCATAAAGG-1",3.21078370002761
"TTAACTCTCCCTCAGT-1",0
"TTAGGACAGCAGGCTA-1",1.57392569303943
"TTAGGACAGCTCTCGG-1",0
"TTAGGACCAAGCCATT-1",19.3240359805902
"TTAGGACCAGTCAGAG-1",27.9466577827332
"TTAGGACGTTTGTTTC-1",0
"TTAGGCAAGAAGATTC-1",23.4393579817467
"TTAGGCAAGAGCCCAA-1",9.4900810786329
"TTAGGCAAGAGTGACC-1",30.4119318809099
"TTAGGCAAGGTTCCTA-1",4.4682244074384
"TTAGGCAAGTCGTTTG-1",4.4682244074384
"TTAGGCAAGTGTACCT-1",0
"TTAGGCACAGACGCTC-1",0
"TTAGGCACATGTTCCC-1",1.32974901546006
"TTAGGCAGTAAGGATT-1",7.7348985296128
"TTAGGCAGTAAGTAGT-1",21.7361076374638
"TTAGGCAGTCTTGATG-1",12.3529011574787
"TTAGGCATCACGCATA-1",3.57747047198837
"TTAGGCATCAGTCAGT-1",0
"TTAGGCATCCAGTATG-1",0
"TTAGGCATCGTTACGA-1",0
"TTAGTTCAGGTGCAAC-1",0
"TTAGTTCCAATGTAAG-1",2.13303872768881
"TTAGTTCCATCCTTGC-1",1.39088687813202
"TTAGTTCGTAGCCTAT-1",0
"TTAGTTCGTGCAGACA-1",8.61644619869624
"TTAGTTCGTGTCAATC-1",1.61361093831174
"TTAGTTCGTTGCCTCT-1",0
"TTAGTTCTCAGGCCCA-1",1.79217625746399
"TTAGTTCTCGCAGGCT-1",0
"TTAGTTCTCTACTATC-1",0
"TTATGCTAGAATGTGT-1",0
"TTATGCTAGCACACAG-1",5.20746224370948
"TTATGCTAGCAGCCTC-1",22.3748498671212
"TTATGCTAGTCCCACG-1",0
"TTATGCTCAGCCAGAA-1",1.58678831255995
"TTATGCTCATACCATG-1",28.9345588449795
"TTATGCTCATGTAGTC-1",19.2752910282415
"TTATGCTGTCCGAGTC-1",19.6004814191444
"TTATGCTTCGATAGAA-1",39.2883128720719
"TTCCCAGAGAATTCCC-1",30.4119318809099
"TTCCCAGAGACTAGAT-1",3.1407324715585
"TTCCCAGAGTATCGAA-1",21.2616876060188
"TTCCCAGCAGATGGGT-1",0
"TTCCCAGCATCAGTAC-1",15.6126552717832
"TTCCCAGCATCTCCCA-1",18.4917917828973
"TTCCCAGCATTACCTT-1",0
"TTCCCAGTCAACACTG-1",9.11321930107819
"TTCCCAGTCGAGAGCA-1",0
"TTCGAAGAGTCTCAAC-1",11.0725189187562
"TTCGAAGCAAGCGCTC-1",27.0339531241693
"TTCGAAGCACATTAGC-1",13.5158792739251
"TTCGAAGCACGGTGTC-1",0
"TTCGGTCAGAGGACGG-1",28.4268607221095
"TTCGGTCAGCACACAG-1",4.50115786928025
"TTCGGTCAGGCCCTCA-1",0
"TTCGGTCAGTGAATTG-1",13.5158792739251
"TTCGGTCAGTTGAGAT-1",0
"TTCGGTCCAAGGGTCA-1",9.95499841883388
"TTCGGTCCACGTCAGC-1",0
"TTCGGTCGTAACGTTC-1",32.6001409204191
"TTCGGTCGTAGAGTGC-1",11.6189823524149
"TTCGGTCGTTCATGGT-1",19.0486099627681
"TTCGGTCGTTCTGTTT-1",22.004999387511
"TTCGGTCTCAAAGACA-1",16.5246911964243
"TTCGGTCTCCAGTATG-1",0
"TTCGGTCTCGCGTTTC-1",1.22609565110309
"TTCGGTCTCGTCTGAA-1",24.5116824748132
"TTCTACAAGACTAAGT-1",0
"TTCTACAAGCAGCCTC-1",37.066027785043
"TTCTACAAGCCTTGAT-1",13.387735061831
"TTCTACAAGGCAGGTT-1",5.04125231486159
"TTCTACAAGGTAAACT-1",14.6494013758604
"TTCTACAAGTTAGGTA-1",14.9943299884939
"TTCTACACACGTGAGA-1",0
"TTCTACACAGCTGTTA-1",30.0130153502569
"TTCTACACATCGATTG-1",17.6371856378323
"TTCTACACATTACGAC-1",0
"TTCTACAGTACCGTTA-1",0
"TTCTACAGTATATGAG-1",0
"TTCTACAGTGGCTCCA-1",32.2402254872258
"TTCTACATCAACGGGA-1",8.68075945249317
"TTCTACATCCGCGTTT-1",5.96916425469838
"TTCTCAAAGAAAGTGG-1",3.15606276561771
"TTCTCAAAGAATCTCC-1",0
"TTCTCAAAGAGGTTAT-1",0
"TTCTCAAAGCAGCCTC-1",1.71000434612725
"TTCTCAAAGCCGCCTA-1",12.8723167016851
"TTCTCAAAGTCAATAG-1",3.68068496948538
"TTCTCAAAGTTGAGAT-1",1.0194944229027
"TTCTCAACACCCAGTG-1",2.48600736536419
"TTCTCAACATTGTGCA-1",3.27544040942809
"TTCTCAAGTATAAACG-1",23.9566683803412
"TTCTCAAGTCCCTTGT-1",38.5989633871447
"TTCTCAAGTCGAGATG-1",0
"TTCTCAATCATCGCTC-1",3.37408351093633
"TTCTCAATCCCTAACC-1",10.4079617178963
"TTCTCAATCGTAGGAG-1",19.3351292899065
"TTCTCCTAGAGTAAGG-1",20.473454194238
"TTCTCCTAGCGACGTA-1",0
"TTCTCCTAGCGTGAGT-1",14.9943299884939
"TTCTCCTAGTCTCGGC-1",21.2792314732794
"TTCTCCTCAACACGCC-1",6.2602072697027
"TTCTCCTCAATAACGA-1",13.5413112291941
"TTCTCCTGTTAAGAAC-1",3.94549319446234
"TTCTCCTTCAGTTCGA-1",4.1545297955535
"TTCTCCTTCCGTAGGC-1",1.0194944229027
"TTCTCCTTCCTTTCTC-1",1.40743615219821
"TTCTCCTTCTGCAAGT-1",19.2752910282415
"TTCTCCTTCTTCAACT-1",10.9906836331194
"TTCTCCTTCTTGTACT-1",15.6126552717832
"TTCTTAGAGGACTGGT-1",16.6905989672696
"TTCTTAGCAAGGTGTG-1",19.1015959689913
"TTCTTAGCATCGGAAG-1",1.62399538746766
"TTCTTAGGTAGAAGGA-1",0
"TTCTTAGGTCATATGC-1",16.6854718983364
"TTCTTAGTCAGTTCGA-1",7.43828191497547
"TTGAACGGTCACTTCC-1",12.9656497504345
"TTGAACGTCATGTCCC-1",0
"TTGACTTAGCCACGTC-1",27.9466577827332
"TTGACTTAGCGACGTA-1",0
"TTGACTTAGTTAACGA-1",11.0624498334154
"TTGACTTCACTTACGA-1",10.6051486626167
"TTGACTTGTCTCTCTG-1",6.2342865718947
"TTGACTTGTGCGATAG-1",21.2616876060188
"TTGACTTTCCAGAGGA-1",0
"TTGACTTTCTGTCCGT-1",22.8130632616633
"TTGCCGTAGGAGCGTT-1",3.91073574908926
"TTGCCGTAGGTGGGTT-1",11.9311365398331
"TTGCCGTCATGGTCAT-1",3.70256242100256
"TTGCGTCAGACAGAGA-1",3.61875068954329
"TTGCGTCAGCTCCTTC-1",0
"TTGCGTCAGTCCATAC-1",3.39004022056664
"TTGCGTCAGTGAATTG-1",28.4268607221095
"TTGCGTCCAAATTGCC-1",19.7175954209561
"TTGCGTCCACTGTGTA-1",15.8013487019915
"TTGCGTCCAGTCACTA-1",0
"TTGCGTCGTCTGATTG-1",1.79217625746399
"TTGGAACAGCCCAATT-1",9.95499841883388
"TTGGAACAGCGTCTAT-1",0.974519170111612
"TTGGAACAGGCGTACA-1",18.220842623279
"TTGGAACGTATTACCG-1",0
"TTGGAACTCCCATTAT-1",1.32974901546006
"TTGGAACTCCGTAGTA-1",9.95255748188655
"TTGGAACTCGTCCAGG-1",14.8794115704882
"TTGGCAAAGTTAGGTA-1",3.15606276561771
"TTGGCAAGTATAGGTA-1",1.22609565110309
"TTGGCAATCACATGCA-1",0
"TTGGCAATCAGAGCTT-1",15.6126552717832
"TTGGCAATCGCATGAT-1",0
"TTGGCAATCTAGAGTC-1",0
"TTGTAGGAGGTGCTAG-1",20.141679751005
"TTGTAGGCACACGCTG-1",30.4119318809099
"TTGTAGGGTCTCCCTA-1",17.3813699836116
"TTGTAGGGTGGTAACG-1",4.1545297955535
"TTGTAGGTCGGCGCTA-1",30.4119318809099
"TTGTAGGTCTGCCAGG-1",9.55432533474785
"TTTACTGAGATCACGG-1",20.7830764565508
"TTTACTGCAAAGCAAT-1",16.6854718983364
"TTTACTGCACATGGGA-1",29.0841127794283
"TTTACTGCACCACGTG-1",1.32974901546006
"TTTACTGCATGGGACA-1",5.92070805516777
"TTTACTGCATGTCCTC-1",16.6854718983364
"TTTACTGGTAACGTTC-1",22.9487991536542
"TTTACTGGTGGTGTAG-1",9.11321930107819
"TTTACTGGTTCGCTAA-1",3.91073574908926
"TTTACTGTCTGGAGCC-1",1.96221957544342
"TTTATGCAGACTGTAA-1",1.49977531468034
"TTTATGCAGATGCGAC-1",35.061526833983
"TTTATGCAGGCAAAGA-1",2.80796477636142
"TTTATGCAGGCCCGTT-1",1.58678831255995
"TTTATGCAGTTCCACA-1",31.1942992017882
"TTTATGCCAAACGCGA-1",5.61672874161628
"TTTATGCCAATCTGCA-1",3.09661107097366
"TTTATGCCACAGGTTT-1",0
"TTTATGCCAGCCAATT-1",8.53862582966419
"TTTATGCCAGGTCGTC-1",3.27544040942809
"TTTATGCCATGGTCAT-1",26.6502322979441
"TTTATGCTCACATAGC-1",8.40916016355555
"TTTATGCTCACCTTAT-1",0
"TTTATGCTCGGCGGTT-1",0
"TTTATGCTCTCGCTTG-1",0
"TTTCCTCAGCGTGAAC-1",29.7111429528055
"TTTCCTCAGGACTGGT-1",10.0395940851201
"TTTCCTCCAAAGTGCG-1",19.3351292899065
"TTTCCTCCAGGAATGC-1",0
"TTTCCTCCATTAGCCA-1",10.8525174474449
"TTTCCTCGTCCGAAGA-1",0
"TTTCCTCGTCGCTTTC-1",30.9674627981669
"TTTCCTCTCGGCCGAT-1",3.74082328655948
"TTTCCTCTCGTGTAGT-1",13.1697468394651
"TTTGCGCAGCTAAACA-1",9.95255748188655
"TTTGCGCAGCTAGTCT-1",8.61644619869624
"TTTGCGCAGGCCGAAT-1",0
"TTTGCGCAGTCAAGGC-1",19.2596647451111
"TTTGCGCCAAGTAGTA-1",8.61644619869624
"TTTGCGCCAGGTGCCT-1",1.40743615219821
"TTTGCGCGTCTAAACC-1",8.61644619869624
"TTTGCGCTCAAAGTAG-1",0
"TTTGCGCTCATGTAGC-1",0
"TTTGGTTAGAATGTGT-1",5.92070805516777
"TTTGGTTAGACAATAC-1",9.95499841883388
"TTTGGTTAGCGATTCT-1",1.47537638654094
"TTTGGTTAGGCTCAGA-1",0
"TTTGGTTAGTTACCCA-1",17.9592509618583
"TTTGGTTCAAACTGCT-1",0
"TTTGGTTCAAGCTGTT-1",0
"TTTGGTTCAGATCGGA-1",18.7679331186378
"TTTGGTTCATCACAAC-1",1.39088687813202
"TTTGGTTGTACTTCTT-1",0
"TTTGGTTGTATGCTTG-1",4.63875408002823
"TTTGGTTGTGCTTCTC-1",0
"TTTGGTTTCATGCTCC-1",9.95882290102656
"TTTGGTTTCCCTGACT-1",0
"TTTGTCAAGAGTCGGT-1",23.4103648404285
"TTTGTCACAAGTTCTG-1",14.4626281506566
"TTTGTCACAAGTTGTC-1",10.6345702877083
"TTTGTCATCACCTTAT-1",13.6749793968524
"TTTGTCATCCATTCTA-1",15.1198359185526
"TTTGTCATCCTTAATC-1",1.32974901546006
"TTTGTCATCTTATCTG-1",28.0780887305805
