"cell_barcode","expression"
"AAACCTGAGACAGAGA-1",1.30103110898363
"AAACCTGAGACTTTCG-1",5.07123053626662
"AAACCTGAGAGTAAGG-1",6.07448295812764
"AAACCTGAGAGTCGGT-1",1.8883604758502
"AAACCTGAGGATGGAA-1",0
"AAACCTGAGTAGATGT-1",7.94415319884353
"AAACCTGCAATCAGAA-1",0
"AAACCTGCACCGATAT-1",4.97536392002484
"AAACCTGCAGACGTAG-1",0
"AAACCTGCAGTATCTG-1",4.38192261366008
"AAACCTGCATAGTAAG-1",1.80098540064175
"AAACCTGCATGAACCT-1",0
"AAACCTGGTAAGAGGA-1",1.69423300438744
"AAACCTGGTCCAACTA-1",2.88498626904168
"AAACCTGTCCGTAGTA-1",2.55061307869295
"AAACCTGTCGAGAGCA-1",2.93004108740853
"AAACGGGAGTACGACG-1",0
"AAACGGGCAAGGTTTC-1",3.21191746158793
"AAACGGGCACGTCAGC-1",1.5240247353639
"AAACGGGCAGCGTTCG-1",1.5240247353639
"AAACGGGGTAGCCTCG-1",3.40188307616716
"AAACGGGGTCTACCTC-1",2.70002598603785
"AAACGGGGTGCGGTAA-1",3.1851572579192
"AAACGGGGTTGTCGCG-1",1.49815506628049
"AAACGGGTCCATGAGT-1",1.57150393782054
"AAACGGGTCCCAACGG-1",1.43313713463297
"AAACGGGTCCCATTAT-1",3.95953363080237
"AAAGATGCAGTCAGCC-1",1.85486502345797
"AAAGATGCATCTACGA-1",0
"AAAGCAAAGCGTCTAT-1",0
"AAAGCAACATGTCGAT-1",3.91766005755234
"AAAGCAAGTAGCTGCC-1",3.89575270652467
"AAAGCAAGTAGGCATG-1",1.75166176372084
"AAAGCAAGTGCGCTTG-1",3.50178516209565
"AAAGCAAGTTATTCTC-1",0
"AAAGCAATCCGTAGTA-1",5.34818136509485
"AAAGTAGAGATGTGTA-1",5.10124913030279
"AAAGTAGAGTGGGCTA-1",3.31360499264804
"AAAGTAGGTATATGGA-1",3.0514411403776
"AAAGTAGGTGAGCGAT-1",0
"AAAGTAGGTTGAGGTG-1",1.59487838953934
"AAATGCCAGCCCTAAT-1",1.46531226853977
"AAATGCCAGCGTGTCC-1",0
"AAATGCCCAACACCTA-1",0
"AAATGCCGTAGGAGTC-1",3.98194760916281
"AAATGCCGTCTTTCAT-1",0
"AAATGCCGTGGTCCGT-1",1.55686298368895
"AAATGCCGTTCCCGAG-1",5.54041584928452
"AAATGCCTCATAGCAC-1",2.46802339024753
"AAATGCCTCGCTTAGA-1",4.97536392002484
"AACACGTAGAATTCCC-1",0.967789652254861
"AACACGTAGCCCTAAT-1",0
"AACACGTAGGGTGTGT-1",0
"AACACGTCACTGTCGG-1",1.75679940136079
"AACACGTCATCCCATC-1",0
"AACACGTGTGCAACGA-1",5.0433319912669
"AACACGTGTGTCGCTG-1",0
"AACCATGAGCGCTTAT-1",0
"AACCATGGTCCGTTAA-1",3.89575270652467
"AACCATGTCAGTTCGA-1",2.46802339024753
"AACCATGTCATCGATG-1",1.62858967852153
"AACCATGTCCCAAGTA-1",0
"AACCGCGAGAAGCCCA-1",3.31360499264804
"AACCGCGAGACTGGGT-1",0
"AACCGCGAGAGGTACC-1",0
"AACCGCGAGTTAGGTA-1",1.0201744570104
"AACCGCGAGTTGCAGG-1",4.33718880640614
"AACCGCGCACGGTAGA-1",5.08803790768923
"AACCGCGCAGCATGAG-1",2.8011454947441
"AACCGCGCAGCCTGTG-1",2.06042627556635
"AACCGCGCAGCTGTGC-1",3.87875181570979
"AACCGCGCAGTATGCT-1",3.0514411403776
"AACCGCGGTACTTGAC-1",0
"AACCGCGGTCTGCAAT-1",2.93739836461166
"AACCGCGTCACATGCA-1",1.71335126959398
"AACCGCGTCACCGTAA-1",1.75166176372084
"AACCGCGTCCAGAGGA-1",8.70281081217638
"AACCGCGTCCGAAGAG-1",9.45835700333233
"AACGTTGAGCGATAGC-1",2.20508526988912
"AACGTTGAGCGATCCC-1",2.06042627556635
"AACGTTGAGCTTATCG-1",3.87875181570979
"AACGTTGCAAGTTGTC-1",6.30187601229891
"AACGTTGCAATAGAGT-1",1.92858778580112
"AACGTTGCAATGGATA-1",3.48241903274972
"AACGTTGCATGGATGG-1",0
"AACGTTGCATTCTCAT-1",1.37765692841824
"AACGTTGTCAACACGT-1",8.47009342509971
"AACGTTGTCGAGGTAG-1",4.85953354905097
"AACGTTGTCGGTCCGA-1",6.36232401199784
"AACTCAGAGAGCTATA-1",0
"AACTCAGAGAGTCGGT-1",4.95926107166495
"AACTCAGAGCCACCTG-1",0
"AACTCAGAGCCCAATT-1",1.57150393782054
"AACTCAGCAAACAACA-1",0
"AACTCAGCACAAGCCC-1",0
"AACTCAGCACGGTTTA-1",3.10934336315583
"AACTCAGCAGGATCGA-1",0
"AACTCAGCATAAAGGT-1",6.41872164813803
"AACTCAGGTTCCACAA-1",4.35883064015152
"AACTCAGTCGTACCGG-1",2.20508526988912
"AACTCCCAGCCCAGCT-1",6.54926019069306
"AACTCCCAGCTAAGAT-1",4.35883064015152
"AACTCCCCATGGTCTA-1",2.93739836461166
"AACTCCCGTTGCGCAC-1",0
"AACTCCCTCAAGAAGT-1",0.743722778171168
"AACTCCCTCAAGCCTA-1",0
"AACTCCCTCATCGCTC-1",1.66442885886046
"AACTCCCTCTGCAGTA-1",4.80961989691135
"AACTCCCTCTGGCGTG-1",1.46967931789398
"AACTCTTAGCAGACTG-1",3.20219449879405
"AACTCTTAGTCCGGTC-1",4.91714820642738
"AACTCTTCATGCTAGT-1",2.81680118902279
"AACTCTTGTCGAATCT-1",0
"AACTCTTGTCGGGTCT-1",3.1851572579192
"AACTCTTTCTCAAACG-1",0
"AACTCTTTCTCCAGGG-1",7.4434734408114
"AACTCTTTCTCTGCTG-1",3.50834368687975
"AACTGGTAGAAGATTC-1",5.9523729881531
"AACTGGTAGAGACTAT-1",2.94160156539873
"AACTGGTAGCCAACAG-1",1.8883604758502
"AACTGGTAGTGTACTC-1",4.38053863298699
"AACTGGTCACTGAAGG-1",3.85681729602409
"AACTGGTGTCCGAACC-1",1.94728283286729
"AACTGGTTCGGAGCAA-1",3.98194760916281
"AACTGGTTCGTGGGAA-1",1.59550481813018
"AACTGGTTCTGCTTGC-1",1.86355644233966
"AACTTTCAGCGTGAAC-1",4.07379839984613
"AACTTTCAGTATCTCG-1",0
"AACTTTCAGTTTCCTT-1",1.81591216229099
"AACTTTCCATCCTTGC-1",2.54235776083478
"AACTTTCGTCTAGAGG-1",3.02436953196198
"AACTTTCGTCTCTTTA-1",5.9523729881531
"AACTTTCGTTTGTTTC-1",0
"AAGACCTAGGGCTTCC-1",2.81680118902279
"AAGACCTAGTACACCT-1",0
"AAGACCTGTATATGAG-1",1.8293964807525
"AAGACCTGTATCAGTC-1",0
"AAGACCTGTCCGTGAC-1",3.95953363080237
"AAGACCTGTCGAAAGC-1",6.07448295812764
"AAGACCTTCGCCATAA-1",0
"AAGCCGCAGATCTGAA-1",2.52754385879707
"AAGCCGCAGGGTGTTG-1",3.89575270652467
"AAGCCGCAGTGGACGT-1",4.54560473201208
"AAGCCGCAGTGTACTC-1",0
"AAGCCGCCACGCTTTC-1",0.835512043189675
"AAGCCGCCAGGACGTA-1",5.50150721097126
"AAGCCGCGTACAGTTC-1",6.30187601229891
"AAGCCGCGTCATTAGC-1",0
"AAGCCGCTCACGAAGG-1",1.457426622874
"AAGCCGCTCAGTTAGC-1",3.3406398691718
"AAGCCGCTCGCAAACT-1",1.55686298368895
"AAGCCGCTCGTCGTTC-1",1.53507218954632
"AAGCCGCTCTTACCGC-1",3.20219449879405
"AAGGAGCAGAAACCGC-1",1.82895755035911
"AAGGAGCAGGCATGTG-1",3.31360499264804
"AAGGAGCAGGCGCTCT-1",5.72400514575341
"AAGGAGCAGTTGAGTA-1",4.85953354905097
"AAGGAGCCACGGCGTT-1",5.51258615158669
"AAGGAGCGTCTGCAAT-1",4.94574847416832
"AAGGAGCTCGTCTGCT-1",5.08803790768923
"AAGGCAGAGAACTGTA-1",6.20516311910212
"AAGGCAGAGAGATGAG-1",3.87875181570979
"AAGGCAGAGGTGATAT-1",0
"AAGGCAGCATAGTAAG-1",3.5905667453148
"AAGGCAGGTACTTCTT-1",0.835512043189675
"AAGGCAGGTGTGCCTG-1",3.07908873046108
"AAGGCAGTCAGATAAG-1",1.57150393782054
"AAGGCAGTCGGAATCT-1",1.43313713463297
"AAGGTTCAGTATCTCG-1",0
"AAGGTTCCATCACGTA-1",2.87974448531107
"AAGGTTCGTATATGGA-1",3.20219449879405
"AAGGTTCGTCCGAATT-1",7.65453798953633
"AAGGTTCGTCGACTAT-1",1.79092662167429
"AAGGTTCGTGTGACCC-1",3.38816326738876
"AAGGTTCTCCGTCATC-1",1.71335126959398
"AAGGTTCTCCTCGCAT-1",2.93739836461166
"AAGGTTCTCTGCGGCA-1",6.2316287679744
"AAGTCTGAGCCATCGC-1",3.3406398691718
"AAGTCTGAGTCAAGCG-1",4.38053863298699
"AAGTCTGCAAAGGAAG-1",2.70002598603785
"AAGTCTGGTCAGCTAT-1",0
"AAGTCTGTCAAACAAG-1",1.82895755035911
"AAGTCTGTCACTGGGC-1",3.95953363080237
"AAGTCTGTCAGCAACT-1",0
"AATCCAGCAAAGTGCG-1",0
"AATCCAGCAGCATACT-1",4.08294162853306
"AATCCAGGTAGGCATG-1",1.70042526017336
"AATCCAGGTCTCCCTA-1",0
"AATCCAGTCCGAATGT-1",2.83930254977766
"AATCGGTAGGCATGGT-1",9.3913016360621
"AATCGGTTCCTGTACC-1",3.253605783876
"AATCGGTTCGCCGTGA-1",6.73836573510464
"ACACCAAAGATGAGAG-1",1.46531226853977
"ACACCAAAGCCCTAAT-1",0
"ACACCAAAGGATGGTC-1",5.04002702933126
"ACACCAAAGTGTCCAT-1",3.03356749123224
"ACACCAACACTTCGAA-1",0
"ACACCAACAGACGCTC-1",0
"ACACCAACAGCCTATA-1",2.55061307869295
"ACACCAAGTCGCGTGT-1",1.62138413570584
"ACACCAAGTCTAAACC-1",0
"ACACCAAGTTATGTGC-1",5.27983974085572
"ACACCAATCGCGTTTC-1",3.3406398691718
"ACACCCTAGCCAGGAT-1",2.83930254977766
"ACACCCTAGTACTTGC-1",0.967789652254861
"ACACCCTCAAGCGCTC-1",3.02436953196198
"ACACCCTCATCACAAC-1",4.33718880640614
"ACACCCTCATGCCCGA-1",3.1658900702495
"ACACCCTGTCTGGTCG-1",5.54505653822143
"ACACCCTTCCGCAAGC-1",6.55965792583305
"ACACCCTTCCTTGCCA-1",0
"ACACCCTTCTATCCTA-1",1.37765692841824
"ACACCCTTCTGGCGTG-1",3.59980123703202
"ACACCGGAGGCTCAGA-1",1.75166176372084
"ACACCGGAGTGACATA-1",0
"ACACCGGAGTTACCCA-1",7.15655568676346
"ACACCGGCACCAGATT-1",7.4434734408114
"ACACCGGCACCGAAAG-1",1.74734361007703
"ACACCGGCATCACAAC-1",0
"ACACCGGTCCGCATAA-1",3.78599231856999
"ACACCGGTCTCGGACG-1",5.04002702933126
"ACACCGGTCTCTGTCG-1",4.27662517807637
"ACACTGAAGCACGCCT-1",1.82895755035911
"ACACTGAAGGTGATTA-1",5.29483770523168
"ACACTGACAATAGAGT-1",0
"ACACTGACAGACTCGC-1",2.03152515935284
"ACACTGACATCCAACA-1",1.97296240954775
"ACACTGAGTCCGAAGA-1",3.48241903274972
"ACACTGAGTGTTTGTG-1",0
"ACACTGAGTTTGACTG-1",1.60911798921294
"ACAGCCGAGGAATGGA-1",5.27983974085572
"ACAGCCGAGGCCCGTT-1",7.76350489390527
"ACAGCCGAGGTGCTTT-1",1.4244495020193
"ACAGCCGAGTGGTAGC-1",3.50178516209565
"ACAGCCGCATATACGC-1",5.19876666755202
"ACAGCCGCATGCAACT-1",2.83205287220179
"ACAGCCGGTAGGGTAC-1",3.94924152928572
"ACAGCCGGTCGAATCT-1",1.53478654268765
"ACAGCCGGTTCACCTC-1",4.17838099767884
"ACAGCCGGTTCCACTC-1",5.0433319912669
"ACAGCCGTCCAGAAGG-1",4.38192261366008
"ACAGCCGTCTTTACAC-1",2.96729727602234
"ACAGCTAAGCACCGCT-1",0
"ACAGCTAAGTATCTCG-1",1.7615752705669
"ACAGCTAAGTGTTGAA-1",9.45835700333233
"ACAGCTACATCGTCGG-1",3.30034887623906
"ACAGCTAGTCGACTAT-1",0
"ACAGCTAGTGGTACAG-1",0
"ACAGCTATCACCACCT-1",3.25816795014415
"ACAGCTATCTGCTTGC-1",0
"ACATACGAGAGCTTCT-1",0
"ACATACGAGCGTAGTG-1",1.53478654268765
"ACATACGAGCTTCGCG-1",2.20508526988912
"ACATACGAGCTTTGGT-1",3.50178516209565
"ACATACGCAAACGTGG-1",0.967789652254861
"ACATACGCAAGCCTAT-1",1.7900947443555
"ACATACGCATCTCCCA-1",1.55686298368895
"ACATACGCATTCTCAT-1",0.835512043189675
"ACATACGGTAGGAGTC-1",3.67799048851345
"ACATACGGTGCACCAC-1",2.91696055206904
"ACATACGGTGGTTTCA-1",2.50423787950953
"ACATACGTCGTATCAG-1",3.11822723459182
"ACATCAGAGCCACTAT-1",0
"ACATCAGAGCCTTGAT-1",0
"ACATCAGCAACACCCG-1",6.73836573510464
"ACATCAGCAACGATGG-1",3.03356749123224
"ACATCAGCAATTGCTG-1",0
"ACATCAGCACCGGAAA-1",0
"ACATCAGCATAAAGGT-1",1.75166176372084
"ACATCAGCATCCCACT-1",4.27662517807637
"ACATCAGCATTTGCCC-1",4.80961989691135
"ACATCAGGTAAGGATT-1",3.20219449879405
"ACATCAGGTCCGTGAC-1",1.0201744570104
"ACATCAGGTTAAGTAG-1",4.42480520293967
"ACATCAGTCAAACCGT-1",3.95953363080237
"ACATGGTAGCATGGCA-1",2.52754385879707
"ACATGGTAGCTGTTCA-1",7.00451457666016
"ACATGGTCACTTGGAT-1",6.42079608857582
"ACATGGTGTCAGATAA-1",0
"ACATGGTGTCTGCGGT-1",0
"ACATGGTGTGCAACTT-1",1.57910175768955
"ACATGGTTCCGCAAGC-1",1.73339425326688
"ACATGGTTCCTCCTAG-1",7.0287128499605
"ACATGGTTCTGGAGCC-1",1.79092662167429
"ACATGGTTCTTCTGGC-1",5.124280644763
"ACCAGTAAGATCACGG-1",0
"ACCAGTAAGCTTCGCG-1",0
"ACCAGTACACAGATTC-1",5.4403697639942
"ACCAGTACACAGGCCT-1",3.78773993247936
"ACCAGTACAGTATGCT-1",0
"ACCAGTACAGTCAGAG-1",1.53507218954632
"ACCAGTACAGTTTACG-1",2.93739836461166
"ACCAGTAGTCACCCAG-1",0
"ACCAGTAGTCCATCCT-1",0
"ACCAGTAGTCTTCAAG-1",0
"ACCAGTAGTGGACGAT-1",1.78843389250168
"ACCAGTATCTGCGACG-1",7.03857457583053
"ACCAGTATCTGCTTGC-1",0
"ACCAGTATCTGTTTGT-1",9.45835700333233
"ACCCACTAGAGGTTAT-1",1.46531226853977
"ACCCACTAGATCCCGC-1",1.88540950397076
"ACCCACTAGATGTGTA-1",1.51013387714339
"ACCCACTAGCCCAATT-1",7.09391260636175
"ACCCACTCAAGGGTCA-1",1.78265118401869
"ACCCACTCAAGGTTCT-1",2.52754385879707
"ACCCACTGTAAATGAC-1",5.08803790768923
"ACCCACTGTAGCCTCG-1",4.91714820642738
"ACCCACTGTCAAAGAT-1",2.85758663665227
"ACCCACTGTCAATACC-1",1.7615752705669
"ACCCACTGTGTGGTTT-1",1.71821436207196
"ACCCACTTCGCAAACT-1",3.31360499264804
"ACCCACTTCTGCCAGG-1",6.94531167236908
"ACCGTAACAATCGGTT-1",1.75561046564543
"ACCGTAACAATCTACG-1",4.95926107166495
"ACCGTAACAGGTCCAC-1",0
"ACCGTAAGTACAGCAG-1",4.54560473201208
"ACCGTAAGTCATGCAT-1",3.02436953196198
"ACCGTAAGTGAGTGAC-1",4.54560473201208
"ACCGTAAGTTAAGAAC-1",3.21191746158793
"ACCGTAAGTTCCGTCT-1",4.78219268550805
"ACCGTAATCACATAGC-1",5.9523729881531
"ACCGTAATCATGTGGT-1",4.27662517807637
"ACCGTAATCTGAAAGA-1",4.31670629136344
"ACCTTTACAATCGGTT-1",0
"ACCTTTACACGGACAA-1",2.41025919987465
"ACCTTTACAGCAGTTT-1",6.54156672877087
"ACCTTTACATGCAACT-1",3.3150941606186
"ACCTTTACATTTCAGG-1",6.84935032242042
"ACCTTTAGTGAACCTT-1",5.27983974085572
"ACCTTTAGTTCCACTC-1",7.15655568676346
"ACCTTTATCTCTAGGA-1",2.46802339024753
"ACGAGCCAGGCAGGTT-1",0
"ACGAGCCCACAGGCCT-1",3.11822723459182
"ACGAGCCCATGGAATA-1",1.82895755035911
"ACGAGCCGTGCACGAA-1",0
"ACGAGCCGTGTGACCC-1",0
"ACGAGCCGTTGGTTTG-1",1.70042526017336
"ACGAGCCTCAGTCCCT-1",0
"ACGAGCCTCGCAAACT-1",1.87281826504998
"ACGAGGACACTACAGT-1",4.38192261366008
"ACGAGGACATGTAGTC-1",6.73836573510464
"ACGAGGAGTACACCGC-1",1.8293964807525
"ACGAGGAGTGCCTGCA-1",3.38816326738876
"ACGAGGAGTTCTGAAC-1",4.08294162853306
"ACGAGGATCTGCGGCA-1",0
"ACGATACAGAGTGACC-1",2.06042627556635
"ACGATACAGCGCCTTG-1",4.30596777527518
"ACGATACCACGTTGGC-1",3.38816326738876
"ACGATACCATTGGGCC-1",2.86336900900946
"ACGATACGTCGAATCT-1",1.64323655240376
"ACGATACTCTGACCTC-1",6.73836573510464
"ACGATGTAGTGCGATG-1",1.57150393782054
"ACGATGTAGTTGAGAT-1",0
"ACGATGTCAACGCACC-1",3.97856020502302
"ACGATGTCACACGCTG-1",2.20508526988912
"ACGATGTGTATTCTCT-1",4.0482847413382
"ACGATGTGTCAGTGGA-1",1.82895755035911
"ACGATGTGTGACTACT-1",4.07379839984613
"ACGATGTGTGTCGCTG-1",6.3225197920916
"ACGATGTTCGCGTAGC-1",1.43313713463297
"ACGATGTTCTCTTATG-1",1.7900947443555
"ACGCAGCAGCGGCTTC-1",1.84807577775508
"ACGCAGCAGCTGCGAA-1",1.44714843721857
"ACGCAGCAGTGTACGG-1",3.39496917772129
"ACGCAGCCACCTCGTT-1",5.07123053626662
"ACGCAGCCATCGACGC-1",1.60911798921294
"ACGCAGCCATTACCTT-1",0
"ACGCAGCGTCCATGAT-1",1.61490021214288
"ACGCAGCGTCTACCTC-1",5.54041584928452
"ACGCAGCGTCTGGTCG-1",0
"ACGCAGCGTGCGATAG-1",4.12141751465317
"ACGCCAGCAAAGCAAT-1",1.75679940136079
"ACGCCAGCAACGCACC-1",2.41025919987465
"ACGCCAGCACGAGAGT-1",8.70281081217638
"ACGCCAGCAGTGAGTG-1",0
"ACGCCAGGTGCACTTA-1",4.47743115316572
"ACGCCAGGTGTGCGTC-1",5.54041584928452
"ACGCCAGTCACAGGCC-1",6.2316287679744
"ACGCCAGTCAGTGTTG-1",2.70002598603785
"ACGCCGAAGAAACGCC-1",1.64323655240376
"ACGCCGAAGATCTGCT-1",3.11822723459182
"ACGCCGACAGCCTGTG-1",1.53478654268765
"ACGCCGAGTTCCAACA-1",3.20219449879405
"ACGCCGATCCTATGTT-1",0
"ACGCCGATCGCAGGCT-1",1.53507218954632
"ACGCCGATCTTGTATC-1",1.86355644233966
"ACGGAGAAGCCAGTTT-1",0
"ACGGAGACACACATGT-1",2.50423787950953
"ACGGAGACAGCCTGTG-1",1.88456240551596
"ACGGAGACAGCGTAAG-1",2.06042627556635
"ACGGAGACAGTAAGCG-1",4.27662517807637
"ACGGAGAGTGTGACGA-1",3.40188307616716
"ACGGAGATCCACGAAT-1",0
"ACGGCCACACATCCAA-1",2.62084687112039
"ACGGCCACACATTCGA-1",6.73836573510464
"ACGGCCAGTACCGTAT-1",2.20508526988912
"ACGGCCAGTGTATGGG-1",0
"ACGGCCATCACGGTTA-1",5.60417557349725
"ACGGCCATCAGTGTTG-1",1.59550481813018
"ACGGCCATCTACTATC-1",2.03152515935284
"ACGGGCTAGGATCGCA-1",0
"ACGGGCTAGGTTCCTA-1",3.03356749123224
"ACGGGCTAGTGGCACA-1",2.93004108740853
"ACGGGCTCATCTGGTA-1",0
"ACGGGCTGTGAGGCTA-1",1.85486502345797
"ACGGGCTTCCGAACGC-1",1.8883604758502
"ACGGGTCAGATGCCAG-1",0
"ACGGGTCCATGATCCA-1",1.48613350607472
"ACGGGTCCATTAGGCT-1",5.08803790768923
"ACGGGTCCATTTCACT-1",3.1658900702495
"ACGGGTCGTTAGGGTG-1",8.24478378887749
"ACGGGTCTCAACACCA-1",3.48241903274972
"ACGGGTCTCCACGCAG-1",1.74383018970019
"ACGTCAAAGGGCTTCC-1",0
"ACGTCAAAGTGGTAAT-1",0
"ACGTCAACAACTGCGC-1",1.7615752705669
"ACGTCAACACAAGACG-1",1.45440072228004
"ACGTCAAGTAGCTCCG-1",1.46531226853977
"ACGTCAAGTGTCGCTG-1",4.80961989691135
"ACGTCAAGTTATGCGT-1",2.77599543650027
"ACGTCAATCAACCAAC-1",4.38192261366008
"ACGTCAATCATAACCG-1",3.34615655063818
"ACGTCAATCCAGAAGG-1",7.65453798953633
"ACGTCAATCTAACTCT-1",0
"ACTATCTAGAGGTTAT-1",6.42079608857582
"ACTATCTAGATACACA-1",1.82895755035911
"ACTATCTAGGAGTAGA-1",0
"ACTATCTAGGCATGTG-1",0
"ACTATCTCAAATACAG-1",5.51276846290019
"ACTATCTCAAATTGCC-1",1.75679940136079
"ACTATCTGTAGGGACT-1",1.8293964807525
"ACTATCTGTCGCGTGT-1",8.4169393755095
"ACTATCTGTGCACGAA-1",0
"ACTATCTGTGGTTTCA-1",2.54235776083478
"ACTATCTTCGCCGTGA-1",1.77650710215293
"ACTGAACAGAGTGAGA-1",4.61768987683632
"ACTGAACAGATCCCGC-1",3.87484792658833
"ACTGAACAGGTGATAT-1",3.25816795014415
"ACTGAACCAAAGCGGT-1",1.77650710215293
"ACTGAACCAAGCGAGT-1",1.57150393782054
"ACTGAACCAATTCCTT-1",1.61490021214288
"ACTGAACCAGCTGGCT-1",0
"ACTGAACCAGTCTTCC-1",2.55061307869295
"ACTGAACCATTACCTT-1",1.78223992380716
"ACTGAACGTAAGCACG-1",1.457426622874
"ACTGAACGTAATCGTC-1",1.33323532171794
"ACTGAACGTCCAGTAT-1",2.93004108740853
"ACTGAACGTCTGATCA-1",3.97856020502302
"ACTGAACTCCCACTTG-1",0
"ACTGAGTAGCCGGTAA-1",6.94531167236908
"ACTGAGTCAGTGGGAT-1",2.03152515935284
"ACTGAGTCATTTGCCC-1",1.89881327590684
"ACTGAGTGTAGAGCTG-1",0.899236510835915
"ACTGAGTGTTGTGGCC-1",3.25816795014415
"ACTGAGTTCAGGTTCA-1",2.06042627556635
"ACTGATGAGACAGACC-1",0
"ACTGATGAGCGGATCA-1",2.62084687112039
"ACTGATGAGGTGCTTT-1",5.57055546641896
"ACTGATGCAGCAGTTT-1",0
"ACTGATGCATCACAAC-1",2.94160156539873
"ACTGATGGTCATGCAT-1",2.70002598603785
"ACTGATGTCACAATGC-1",4.85472757508034
"ACTGATGTCACTCCTG-1",3.93791969739005
"ACTGATGTCCCTGACT-1",1.75679940136079
"ACTGATGTCCGCTGTT-1",4.38053863298699
"ACTGATGTCCGGCACA-1",5.26788888500991
"ACTGATGTCCTATTCA-1",3.38604408383801
"ACTGCTCAGAGCTTCT-1",1.8280804879181
"ACTGCTCAGATGCCTT-1",0
"ACTGCTCCACACCGCA-1",1.46531226853977
"ACTGCTCCAGATGGGT-1",5.07123053626662
"ACTGCTCCATGCCTAA-1",3.11822723459182
"ACTGCTCGTAGGCATG-1",0
"ACTGCTCGTATCACCA-1",0.835512043189675
"ACTGCTCGTCCGAAGA-1",5.60417557349725
"ACTGCTCTCCGAGCCA-1",5.34818136509485
"ACTGTCCAGAGGGCTT-1",6.94123554160948
"ACTGTCCAGCAGCGTA-1",4.05119230538018
"ACTGTCCAGGCATGGT-1",2.96729727602234
"ACTGTCCCAAGGTTTC-1",0.967789652254861
"ACTGTCCCAAGTACCT-1",1.61490021214288
"ACTGTCCCAGTATCTG-1",1.83335888087173
"ACTGTCCCATAGAAAC-1",0
"ACTGTCCGTTGAGGTG-1",1.91847658751164
"ACTGTCCTCCACGTGG-1",1.82895755035911
"ACTGTCCTCCTTGGTC-1",4.38053863298699
"ACTGTCCTCTCTGTCG-1",6.0541455039323
"ACTTACTAGCGATAGC-1",1.77650710215293
"ACTTACTAGGGATGGG-1",0
"ACTTACTCACAGACAG-1",3.6410348193075
"ACTTACTCACATTTCT-1",2.54235776083478
"ACTTACTGTACTCAAC-1",5.07123053626662
"ACTTACTGTTCCACAA-1",3.87484792658833
"ACTTACTTCATCGGAT-1",8.68939263570609
"ACTTGTTAGACAAGCC-1",6.03981797451661
"ACTTGTTAGCTAGCCC-1",0
"ACTTGTTAGTTACCCA-1",6.73836573510464
"ACTTGTTCACGACGAA-1",1.86355644233966
"ACTTGTTCACGGCTAC-1",1.69714008955371
"ACTTGTTGTATCGCAT-1",0
"ACTTGTTGTGGTAACG-1",6.84935032242042
"ACTTGTTGTTGTGGAG-1",2.96729727602234
"ACTTGTTTCATCACCC-1",6.54926019069306
"ACTTTCACATGGTCAT-1",0
"ACTTTCAGTGACTACT-1",5.51258615158669
"ACTTTCATCGCCAGCA-1",3.38604408383801
"AGAATAGAGCTGAACG-1",8.13586856958167
"AGAATAGAGCTGTCTA-1",4.3924721885946
"AGAATAGAGGTAGCTG-1",9.45835700333233
"AGAATAGCATGGTCTA-1",3.0514411403776
"AGAATAGGTATTCTCT-1",3.95953363080237
"AGAATAGGTGCGGTAA-1",0
"AGAATAGGTTAAGAAC-1",5.4403697639942
"AGAATAGTCAGGCCCA-1",3.64010253376031
"AGACGTTAGAATGTGT-1",3.94924152928572
"AGACGTTAGCTCCTCT-1",0
"AGACGTTAGTGCCAGA-1",5.27983974085572
"AGACGTTCAGGATCGA-1",5.56275276940802
"AGACGTTGTAGCTGCC-1",3.66582019758867
"AGACGTTGTCTGCAAT-1",2.54235776083478
"AGACGTTGTTCTGTTT-1",4.85953354905097
"AGACGTTTCGCATGGC-1",4.08294162853306
"AGACGTTTCGCTTAGA-1",1.73339425326688
"AGAGCGACAACTTGAC-1",1.66442885886046
"AGAGCGACAAGTACCT-1",3.03906431179278
"AGAGCGACACAACGTT-1",2.03152515935284
"AGAGCGACATGAGCGA-1",1.80056345012877
"AGAGCGAGTCAGTGGA-1",3.3406398691718
"AGAGCGAGTCGACTGC-1",1.46531226853977
"AGAGCGAGTTGAGTTC-1",0
"AGAGCGATCGCGTAGC-1",4.91714820642738
"AGAGCGATCTATCCTA-1",6.54156672877087
"AGAGCGATCTCGCTTG-1",0
"AGAGCTTAGCCGTCGT-1",4.31670629136344
"AGAGCTTAGTACACCT-1",3.86390206294322
"AGAGCTTAGTCATGCT-1",3.70731401063996
"AGAGCTTGTAGAGCTG-1",0
"AGAGCTTGTATCACCA-1",4.71021335607165
"AGAGCTTTCACTATTC-1",0
"AGAGCTTTCCTGCAGG-1",0
"AGAGCTTTCGCAAACT-1",3.38816326738876
"AGAGCTTTCGCTTAGA-1",1.85851196975552
"AGAGTGGAGAGCCTAG-1",0
"AGAGTGGAGGCCCTTG-1",4.3924721885946
"AGAGTGGAGGTACTCT-1",3.427694767874
"AGAGTGGCACAAGACG-1",8.86905500236471
"AGAGTGGCACCTCGTT-1",3.427694767874
"AGAGTGGCATCCGGGT-1",4.17838099767884
"AGAGTGGCATCTGGTA-1",2.41025919987465
"AGAGTGGGTCAGCTAT-1",0
"AGAGTGGGTCCTCCAT-1",4.85953354905097
"AGAGTGGGTCTAGTCA-1",1.37765692841824
"AGAGTGGGTTACCGAT-1",3.65072154665222
"AGATCTGAGGTGGGTT-1",3.94924152928572
"AGATCTGAGTCAAGGC-1",0
"AGATCTGCAATGTTGC-1",3.50178516209565
"AGATCTGTCGAATCCA-1",4.03166236512835
"AGATCTGTCTGCAGTA-1",6.42079608857582
"AGATTGCAGGCTACGA-1",1.80098540064175
"AGATTGCCACGACGAA-1",3.50178516209565
"AGATTGCCAGATGGGT-1",1.75561046564543
"AGATTGCGTAGAGCTG-1",2.62084687112039
"AGATTGCGTGATGTCT-1",0.835512043189675
"AGATTGCGTGTTCGAT-1",8.6783218459176
"AGATTGCGTTCACGGC-1",6.18652314058037
"AGATTGCTCACTGGGC-1",0
"AGATTGCTCATCTGTT-1",1.9365404041865
"AGCAGCCAGCTGATAA-1",3.38816326738876
"AGCAGCCCACCGAAAG-1",4.33718880640614
"AGCAGCCGTCGACTGC-1",0
"AGCAGCCGTCGCTTTC-1",6.73836573510464
"AGCAGCCGTCTAACGT-1",5.124280644763
"AGCAGCCGTGTGAAAT-1",0
"AGCAGCCGTTTGTTGG-1",7.39928281568305
"AGCAGCCTCCAAACAC-1",6.13932665614691
"AGCATACAGTGGTAGC-1",2.50423787950953
"AGCATACAGTTGTCGT-1",3.25816795014415
"AGCATACGTCTTCTCG-1",7.83551615209481
"AGCATACGTTAAGTAG-1",3.31360499264804
"AGCATACTCCGTTGCT-1",1.54138858559963
"AGCCTAAAGATATGGT-1",0
"AGCCTAACAAAGCGGT-1",1.88456240551596
"AGCCTAACAGATAATG-1",1.59550481813018
"AGCCTAAGTACGAAAT-1",6.3225197920916
"AGCCTAAGTCACCTAA-1",2.75334710580621
"AGCCTAAGTGTGCCTG-1",2.50437875320082
"AGCCTAATCACCCGAG-1",1.73339425326688
"AGCCTAATCCAATGGT-1",2.81680118902279
"AGCCTAATCCTTGGTC-1",2.10596262976118
"AGCCTAATCTGTGCAA-1",7.94415319884353
"AGCCTAATCTGTTTGT-1",2.94160156539873
"AGCGGTCAGCGAAGGG-1",1.86355644233966
"AGCGGTCAGGTACTCT-1",2.83930254977766
"AGCGGTCAGTGACTCT-1",2.24973925508615
"AGCGGTCCAGCCTTGG-1",0
"AGCGGTCGTCCTAGCG-1",5.12835657250993
"AGCGGTCGTGGTGTAG-1",0
"AGCGGTCGTTAAGGGC-1",4.71021335607165
"AGCGGTCGTTTGCATG-1",2.54235776083478
"AGCGGTCTCCGAAGAG-1",0
"AGCGGTCTCCTCAATT-1",4.08294162853306
"AGCGGTCTCTGGGCCA-1",1.79092662167429
"AGCGTATAGAACTGTA-1",0
"AGCGTATAGCGATGAC-1",1.74734361007703
"AGCGTATAGGTACTCT-1",0
"AGCGTATGTTGAGGTG-1",0
"AGCGTATTCCAGAGGA-1",6.94123554160948
"AGCGTCGAGTTGAGTA-1",0
"AGCGTCGCAGGGATTG-1",2.99051932966281
"AGCGTCGTCTGAAAGA-1",3.94924152928572
"AGCTCCTAGACCTAGG-1",1.82895755035911
"AGCTCCTAGCGTTTAC-1",0
"AGCTCCTGTGTTTGTG-1",0
"AGCTCCTGTTGTCTTT-1",3.89575270652467
"AGCTCCTTCCGAATGT-1",4.38192261366008
"AGCTCCTTCTTGACGA-1",2.50437875320082
"AGCTCTCAGCGGATCA-1",4.38192261366008
"AGCTCTCAGCTGTTCA-1",6.73836573510464
"AGCTCTCAGGTGCTAG-1",4.85472757508034
"AGCTCTCCATACAGCT-1",6.94123554160948
"AGCTCTCGTCAGAGGT-1",8.0551905179368
"AGCTCTCGTGGGTCAA-1",5.124280644763
"AGCTCTCTCACAACGT-1",2.93004108740853
"AGCTCTCTCTTGACGA-1",3.32436433846248
"AGCTTGAAGCATCATC-1",6.94531167236908
"AGCTTGAAGTAGCGGT-1",4.80961989691135
"AGCTTGAAGTTGTCGT-1",2.83205287220179
"AGCTTGACAATCCAAC-1",0
"AGCTTGACACCGATAT-1",3.52362948513994
"AGCTTGAGTCTACCTC-1",2.54235776083478
"AGCTTGAGTGCGCTTG-1",2.10596262976118
"AGCTTGAGTTACGCGC-1",0
"AGCTTGATCCTGCCAT-1",7.20600521323451
"AGCTTGATCTGCAAGT-1",0
"AGGCCACAGAGTAAGG-1",3.20219449879405
"AGGCCACAGGGTCTCC-1",0
"AGGCCACAGTACTTGC-1",2.99051932966281
"AGGCCACCAGGACCCT-1",5.54041584928452
"AGGCCACCATCAGTCA-1",1.54138858559963
"AGGCCACTCATGCTCC-1",1.75561046564543
"AGGCCACTCATTGCGA-1",1.67527766992964
"AGGCCGTAGGATCGCA-1",8.80294605686188
"AGGCCGTCACGTAAGG-1",0
"AGGCCGTCAGCTCGAC-1",4.42480520293967
"AGGCCGTCATCGTCGG-1",0
"AGGCCGTTCACGGTTA-1",0
"AGGCCGTTCGAACTGT-1",0.835512043189675
"AGGCCGTTCTCAAGTG-1",1.54138858559963
"AGGCCGTTCTGCTTGC-1",5.07123053626662
"AGGGAGTAGCCCAACC-1",0
"AGGGAGTAGGAGTACC-1",3.07908873046108
"AGGGAGTAGGCAGGTT-1",4.31024621690855
"AGGGAGTCACGAGAGT-1",0
"AGGGAGTCAGAAGCAC-1",1.78265118401869
"AGGGAGTCAGATCCAT-1",3.30034887623906
"AGGGAGTCATCGACGC-1",0
"AGGGAGTCATGCTAGT-1",0
"AGGGAGTGTCCATGAT-1",0
"AGGGAGTTCATAACCG-1",0
"AGGGATGAGCTCTCGG-1",1.09343917725102
"AGGGATGAGGAGTAGA-1",8.70281081217638
"AGGGATGAGTAGCGGT-1",3.37663080567064
"AGGGATGCAATGAATG-1",4.0482847413382
"AGGGATGCAATGGAGC-1",4.26155519744861
"AGGGATGCACAAGACG-1",0
"AGGGATGCACATTTCT-1",2.41025919987465
"AGGGATGCATGGTCTA-1",0
"AGGGATGGTTAAAGTG-1",6.07448295812764
"AGGGATGGTTATGCGT-1",0.835512043189675
"AGGGATGTCGTGACAT-1",2.24973925508615
"AGGGTGAAGATGGCGT-1",3.0514411403776
"AGGGTGAAGATGGGTC-1",1.85851196975552
"AGGGTGAAGGCTCAGA-1",0
"AGGGTGACACGAGAGT-1",0
"AGGGTGACAGATGGCA-1",2.96729727602234
"AGGGTGACAGATTGCT-1",6.42079608857582
"AGGGTGAGTACTCTCC-1",3.64010253376031
"AGGGTGAGTTATCGGT-1",3.50834368687975
"AGGGTGAGTTCTGAAC-1",1.89881327590684
"AGGGTGATCTCGCTTG-1",4.95926107166495
"AGGTCATAGAGCCCAA-1",0
"AGGTCATAGCCAGAAC-1",4.35883064015152
"AGGTCATAGGCATGGT-1",1.8293964807525
"AGGTCATAGGGAGTAA-1",5.4403697639942
"AGGTCATCACTCAGGC-1",3.02436953196198
"AGGTCATCACTCTGTC-1",1.9462530845868
"AGGTCATGTTCCACTC-1",2.50423787950953
"AGGTCATTCTCGTTTA-1",0
"AGGTCCGAGGATGCGT-1",1.60911798921294
"AGGTCCGGTGATGCCC-1",6.42079608857582
"AGGTCCGTCCATGAAC-1",2.87974448531107
"AGGTCCGTCGCCCTTA-1",1.55686298368895
"AGGTCCGTCTGCGTAA-1",0
"AGTAGTCAGACTGTAA-1",6.41872164813803
"AGTAGTCAGTACGACG-1",1.96027522819815
"AGTAGTCAGTTTAGGA-1",1.82895755035911
"AGTAGTCCAACTGGCC-1",5.07123053626662
"AGTAGTCGTGCAGACA-1",0.835512043189675
"AGTAGTCTCACCCGAG-1",4.61768987683632
"AGTCTTTAGGCAGTCA-1",6.3225197920916
"AGTCTTTCAAATCCGT-1",0
"AGTCTTTCATATACCG-1",4.3628096009252
"AGTCTTTGTGCTTCTC-1",0.899236510835915
"AGTCTTTGTGTCCTCT-1",3.40188307616716
"AGTCTTTTCGCAGGCT-1",0
"AGTCTTTTCGCGTAGC-1",4.3924721885946
"AGTCTTTTCGCTAGCG-1",1.60911798921294
"AGTCTTTTCGCTTGTC-1",3.95953363080237
"AGTCTTTTCTGACCTC-1",2.10596262976118
"AGTGAGGAGATAGCAT-1",3.40188307616716
"AGTGAGGCAGGTGCCT-1",3.94924152928572
"AGTGAGGGTATGAAAC-1",0
"AGTGAGGGTCACTTCC-1",1.75442353071454
"AGTGAGGGTCGCGAAA-1",7.73452725131051
"AGTGAGGGTTATGTGC-1",4.27662517807637
"AGTGAGGTCTACTATC-1",3.11822723459182
"AGTGGGAAGCAGACTG-1",5.9523729881531
"AGTGGGACAAACGCGA-1",1.62138413570584
"AGTGGGACAAGCCGTC-1",1.59550481813018
"AGTGGGACACAGGAGT-1",0
"AGTGGGACACGAGAGT-1",4.3628096009252
"AGTGGGATCATCGATG-1",1.46531226853977
"AGTGGGATCCACGAAT-1",1.7615752705669
"AGTGGGATCCTGCAGG-1",1.88540950397076
"AGTGTCAAGAAGCCCA-1",3.30034887623906
"AGTGTCAAGCTAGTCT-1",3.0385354779172
"AGTGTCAAGTACGACG-1",1.84807577775508
"AGTGTCAAGTGAACAT-1",3.40867192319652
"AGTGTCACACCATCCT-1",2.41025919987465
"AGTGTCACAGTAAGCG-1",3.64360584513933
"AGTGTCACAGTGGAGT-1",3.15360300698652
"AGTGTCAGTAAACCTC-1",1.48613350607472
"AGTGTCAGTACAGCAG-1",5.07123053626662
"AGTGTCAGTCTCCACT-1",2.86336900900946
"AGTGTCAGTTTGACTG-1",1.60911798921294
"AGTGTCATCAAAGTAG-1",3.42459944131601
"AGTGTCATCCGTCAAA-1",3.21191746158793
"AGTGTCATCGTTACAG-1",1.74734361007703
"AGTGTCATCTGTCAAG-1",2.54235776083478
"AGTTGGTAGACTGTAA-1",2.93004108740853
"AGTTGGTAGTACGCGA-1",2.83930254977766
"AGTTGGTCAAATTGCC-1",5.4403697639942
"AGTTGGTCAGGAATGC-1",5.9523729881531
"AGTTGGTCATGCGCAC-1",0.835512043189675
"AGTTGGTGTACCGTAT-1",1.92858778580112
"AGTTGGTGTATGCTTG-1",0
"AGTTGGTGTCAGGACA-1",2.70002598603785
"AGTTGGTGTTCAGACT-1",4.92018259306503
"AGTTGGTTCAGTACGT-1",3.32436433846248
"AGTTGGTTCCTCAACC-1",3.0385354779172
"AGTTGGTTCGTACCGG-1",2.50437875320082
"AGTTGGTTCTGTCCGT-1",1.61490021214288
"ATAACGCAGTTGAGTA-1",3.0514411403776
"ATAACGCCACGTGAGA-1",0
"ATAACGCGTGAACCTT-1",7.65453798953633
"ATAACGCGTGTCCTCT-1",1.87281826504998
"ATAACGCGTGTGAAAT-1",1.82895755035911
"ATAACGCTCTCCGGTT-1",7.65453798953633
"ATAAGAGAGTCCGGTC-1",0
"ATAAGAGCAACTGCGC-1",3.89575270652467
"ATAAGAGCAGTATCTG-1",3.26094185814711
"ATAAGAGGTGACGCCT-1",2.94160156539873
"ATAAGAGGTTAAAGTG-1",0
"ATAAGAGTCAGCACAT-1",3.07908873046108
"ATAAGAGTCAGTGCAT-1",0
"ATAGACCAGAGAGCTC-1",0
"ATAGACCAGCCCAATT-1",0.835512043189675
"ATAGACCCAAGCCATT-1",4.08294162853306
"ATAGACCCATCTGGTA-1",2.52754385879707
"ATAGACCGTATATGGA-1",5.4403697639942
"ATAGACCGTGGACGAT-1",0
"ATAGACCGTGGCGAAT-1",4.71021335607165
"ATAGACCGTTTCGCTC-1",1.54138858559963
"ATCACGAAGAACTCGG-1",3.3150941606186
"ATCACGAAGACACGAC-1",4.85472757508034
"ATCACGAAGTTACCCA-1",4.33718880640614
"ATCACGACAAGACACG-1",4.65144769323807
"ATCACGACAAGCGTAG-1",1.85486502345797
"ATCACGACACACATGT-1",0
"ATCACGACACCACCAG-1",0
"ATCACGACACGGTAAG-1",1.85486502345797
"ATCACGACAGCGAACA-1",2.62084687112039
"ATCACGATCCCGACTT-1",0
"ATCACGATCGGTGTCG-1",4.54560473201208
"ATCATCTAGCCTATGT-1",0
"ATCATCTAGGCCATAG-1",1.89881327590684
"ATCATCTAGTACTTGC-1",6.07448295812764
"ATCATCTCAGACGCCT-1",1.55686298368895
"ATCATCTCATCCGTGG-1",3.64010253376031
"ATCATCTGTATTACCG-1",0
"ATCATCTGTCACTTCC-1",1.84807577775508
"ATCATCTTCAGCGACC-1",1.75442353071454
"ATCATCTTCCTCAACC-1",3.40188307616716
"ATCATGGCAAGCGTAG-1",3.427694767874
"ATCATGGCAAGGTTCT-1",6.51077680620042
"ATCATGGCACTACAGT-1",1.80098540064175
"ATCATGGGTAAGGGAA-1",2.39698828459651
"ATCATGGGTTGTGGCC-1",6.54156672877087
"ATCATGGTCAATAAGG-1",1.77650710215293
"ATCATGGTCCAATGGT-1",4.38053863298699
"ATCATGGTCGCCATAA-1",8.32316782229849
"ATCATGGTCGGTTAAC-1",0
"ATCCACCAGCTAGTCT-1",7.0287128499605
"ATCCACCAGGCTCTTA-1",5.51258615158669
"ATCCACCCAAACGTGG-1",0
"ATCCACCCAGTTAACC-1",9.45835700333233
"ATCCACCGTCCGAAGA-1",1.75679940136079
"ATCCACCGTTTGTTTC-1",4.30596777527518
"ATCCACCTCCTGCTTG-1",0
"ATCCACCTCCTTAATC-1",2.93739836461166
"ATCCACCTCTGGTATG-1",1.44714843721857
"ATCCGAAAGCGATGAC-1",0
"ATCCGAAAGCTAGGCA-1",2.93739836461166
"ATCCGAACAAACGTGG-1",0
"ATCCGAACAACAACCT-1",1.61490021214288
"ATCCGAACAAGGACTG-1",4.3924721885946
"ATCCGAACACCCATTC-1",5.27983974085572
"ATCCGAACACGGTAGA-1",1.61490021214288
"ATCCGAAGTAGCGCTC-1",2.93004108740853
"ATCCGAAGTCATTAGC-1",3.1658900702495
"ATCCGAAGTCTCTTAT-1",0
"ATCCGAATCCAACCAA-1",5.76625112757844
"ATCCGAATCCTTGACC-1",5.27983974085572
"ATCCGAATCTTGTCAT-1",5.4403697639942
"ATCGAGTAGACTTTCG-1",2.81680118902279
"ATCGAGTCATCCGGGT-1",5.08803790768923
"ATCGAGTGTCCCTTGT-1",0
"ATCGAGTGTCTCCCTA-1",1.82895755035911
"ATCGAGTTCATGCATG-1",0
"ATCGAGTTCCTGCCAT-1",2.81680118902279
"ATCTACTAGGTGTGGT-1",4.95926107166495
"ATCTACTCAGCTGTAT-1",5.49014480172223
"ATCTACTCAGTACACT-1",5.76625112757844
"ATCTACTCATGACATC-1",4.71021335607165
"ATCTACTGTAAGTAGT-1",0
"ATCTACTGTGTCGCTG-1",3.20219449879405
"ATCTACTTCCGCGTTT-1",6.2316287679744
"ATCTACTTCGCAAGCC-1",4.03696244089605
"ATCTACTTCTATCGCC-1",3.11822723459182
"ATCTACTTCTCTAAGG-1",5.67635922982422
"ATCTGCCAGGCTCAGA-1",5.51276846290019
"ATCTGCCGTACAGTTC-1",1.59487838953934
"ATCTGCCGTTGTGGAG-1",4.38192261366008
"ATCTGCCTCAGAGACG-1",0
"ATCTGCCTCAGCTGGC-1",5.76625112757844
"ATCTGCCTCGTACGGC-1",0
"ATCTGCCTCTCGAGTA-1",1.58926704261798
"ATCTGCCTCTGAGTGT-1",5.51276846290019
"ATCTGCCTCTTGTATC-1",9.45835700333233
"ATGAGGGAGGTCGGAT-1",1.37765692841824
"ATGAGGGCATGACGGA-1",5.04002702933126
"ATGAGGGCATTAGGCT-1",3.64360584513933
"ATGAGGGTCACATGCA-1",4.91714820642738
"ATGAGGGTCAGTCCCT-1",3.50834368687975
"ATGCGATAGTCAATAG-1",3.50178516209565
"ATGCGATCATGTTGAC-1",2.03152515935284
"ATGCGATGTGCAGTAG-1",2.46802339024753
"ATGCGATGTGCATCTA-1",4.17838099767884
"ATGCGATTCCCAAGAT-1",4.38192261366008
"ATGCGATTCGCCATAA-1",0
"ATGGGAGAGCAATATG-1",8.70281081217638
"ATGGGAGAGCCACGCT-1",0
"ATGGGAGAGGTGATAT-1",3.253605783876
"ATGGGAGCACCAGGTC-1",6.09061731668623
"ATGGGAGCACTATCTT-1",4.95926107166495
"ATGGGAGCAGCATACT-1",5.99227498735777
"ATGGGAGCATAGAAAC-1",1.71335126959398
"ATGGGAGCATTACCTT-1",6.07448295812764
"ATGTGTGAGCGAAGGG-1",0
"ATGTGTGAGGGTTTCT-1",3.38816326738876
"ATGTGTGAGTTGAGTA-1",6.94531167236908
"ATGTGTGCACGGCGTT-1",3.37663080567064
"ATGTGTGCACGGTTTA-1",0
"ATGTGTGCAGTATAAG-1",1.09343917725102
"ATGTGTGTCACGCGGT-1",3.1658900702495
"ATTACTCAGATGTGTA-1",7.09391260636175
"ATTACTCAGCGTAATA-1",3.34615655063818
"ATTACTCAGGTGCACA-1",1.5240247353639
"ATTACTCAGTGAAGTT-1",0
"ATTACTCCAAACTGTC-1",0
"ATTACTCCACCATCCT-1",6.58757008141075
"ATTACTCCAGACTCGC-1",3.38604408383801
"ATTACTCCATATGCTG-1",1.48613350607472
"ATTACTCCATCGGTTA-1",0
"ATTACTCCATTGCGGC-1",1.75442353071454
"ATTACTCGTTAAAGAC-1",2.03152515935284
"ATTACTCTCCGAACGC-1",6.84935032242042
"ATTATCCAGAGTACCG-1",5.58116801547685
"ATTATCCAGCTTATCG-1",1.80098540064175
"ATTATCCCACAAGCCC-1",1.75166176372084
"ATTATCCCATATGAGA-1",3.5905667453148
"ATTATCCCATCTGGTA-1",1.53507218954632
"ATTATCCGTCGTTGTA-1",0
"ATTATCCGTCTCTCTG-1",5.124280644763
"ATTATCCTCAACGGGA-1",3.38816326738876
"ATTATCCTCCGCGCAA-1",2.94160156539873
"ATTATCCTCTCCGGTT-1",4.80961989691135
"ATTCTACGTCACTTCC-1",5.08803790768923
"ATTCTACGTCTAGTCA-1",3.02436953196198
"ATTCTACGTTGTCGCG-1",1.77650710215293
"ATTGGACAGCAGATCG-1",7.94415319884353
"ATTGGACAGGGCATGT-1",3.34615655063818
"ATTGGACAGTGGACGT-1",0
"ATTGGACCAAGACACG-1",2.83930254977766
"ATTGGACGTAATAGCA-1",0.743722778171168
"ATTGGACTCCTGCTTG-1",0
"ATTGGACTCGGCGCAT-1",7.94415319884353
"ATTGGACTCGTTTGCC-1",6.08820769908234
"ATTGGTGAGAATGTTG-1",3.85681729602409
"ATTGGTGCAAGCTGAG-1",0
"ATTGGTGCAGCAGTTT-1",1.59550481813018
"ATTGGTGGTTGAGTTC-1",1.59550481813018
"ATTGGTGTCAAAGTAG-1",1.86355644233966
"ATTGGTGTCGGAAACG-1",1.61490021214288
"ATTTCTGAGGGATACC-1",0
"ATTTCTGAGGGATCTG-1",2.06042627556635
"ATTTCTGAGGTGTTAA-1",1.33323532171794
"ATTTCTGAGTCGAGTG-1",6.94531167236908
"ATTTCTGAGTTCGCAT-1",1.69714008955371
"ATTTCTGCAAGGTGTG-1",3.427694767874
"ATTTCTGGTAGCTCCG-1",3.0514411403776
"ATTTCTGGTGCACGAA-1",3.21041444954534
"ATTTCTGGTTGCCTCT-1",0
"ATTTCTGTCAAAGTAG-1",6.20516311910212
"ATTTCTGTCAGCTCGG-1",0
"ATTTCTGTCTTGGGTA-1",0
"CAACCAAAGAAACGCC-1",3.427694767874
"CAACCAAAGAGGGCTT-1",2.93739836461166
"CAACCAAAGCTGAAAT-1",7.0287128499605
"CAACCAAAGGACAGCT-1",3.85681729602409
"CAACCAAAGGGAGTAA-1",2.46802339024753
"CAACCAACATACGCTA-1",4.80961989691135
"CAACCTCAGTAATCCC-1",3.20219449879405
"CAACCTCCAGACGCAA-1",4.42480520293967
"CAACCTCGTGAGTGAC-1",1.91847658751164
"CAACCTCGTTCCACGG-1",2.70002598603785
"CAACCTCTCATACGGT-1",1.59487838953934
"CAACCTCTCCGATATG-1",1.75679940136079
"CAACCTCTCCTTTACA-1",2.96729727602234
"CAACCTCTCTCTAGGA-1",0
"CAACTAGAGAATAGGG-1",1.51013387714339
"CAACTAGAGGATGCGT-1",1.69423300438744
"CAACTAGCACCATCCT-1",1.75679940136079
"CAACTAGCAGACTCGC-1",1.59550481813018
"CAACTAGCAGTTCATG-1",3.50178516209565
"CAACTAGGTACGCACC-1",4.42480520293967
"CAACTAGTCAGGCCCA-1",1.30103110898363
"CAAGAAAAGAAGGACA-1",0
"CAAGAAAAGACGCACA-1",1.67281284037323
"CAAGAAAAGGCCCTTG-1",3.50178516209565
"CAAGAAAAGGTGATAT-1",2.46802339024753
"CAAGAAAAGTCGATAA-1",3.87875181570979
"CAAGAAAAGTGGAGTC-1",6.09061731668623
"CAAGAAAAGTGTACCT-1",5.50150721097126
"CAAGAAACACGGTGTC-1",1.82895755035911
"CAAGAAATCTGCTTGC-1",7.65453798953633
"CAAGATCAGCTGAAAT-1",0
"CAAGATCGTAAGAGGA-1",4.65144769323807
"CAAGATCGTGCCTTGG-1",0
"CAAGATCTCAACACCA-1",3.64360584513933
"CAAGATCTCTCGATGA-1",4.3924721885946
"CAAGGCCAGGAGTCTG-1",5.03600371716971
"CAAGGCCAGGCTATCT-1",6.09061731668623
"CAAGGCCCACGGTAAG-1",4.08294162853306
"CAAGGCCCATGTTCCC-1",6.42079608857582
"CAAGGCCGTCCGTCAG-1",2.20508526988912
"CAAGGCCTCAACGGGA-1",4.26155519744861
"CAAGGCCTCCTTGACC-1",4.31670629136344
"CAAGGCCTCGTGACAT-1",0
"CAAGTTGAGACAGGCT-1",4.14493540494767
"CAAGTTGAGATGTCGG-1",6.54156672877087
"CAAGTTGAGCGTCAAG-1",1.55686298368895
"CAAGTTGAGCGTTTAC-1",0
"CAAGTTGCACATTAGC-1",3.93791969739005
"CAAGTTGCACGCTTTC-1",2.70205681886764
"CAAGTTGCACGGTGTC-1",1.86724712895827
"CAAGTTGCATTCTTAC-1",2.50423787950953
"CAAGTTGGTACTCAAC-1",0
"CAAGTTGGTCAGGACA-1",1.86355644233966
"CAAGTTGGTCGGCACT-1",1.7615752705669
"CAAGTTGTCAACGAAA-1",7.09391260636175
"CAAGTTGTCACCACCT-1",1.75679940136079
"CAAGTTGTCATTGCCC-1",1.54138858559963
"CAAGTTGTCGAATCCA-1",6.3225197920916
"CAAGTTGTCTACTTAC-1",4.07379839984613
"CACAAACAGGGCTCTC-1",3.31360499264804
"CACAAACAGGGCTTGA-1",1.62957827162262
"CACAAACAGTGACATA-1",1.79092662167429
"CACAAACCAACTGCGC-1",7.94415319884353
"CACAAACCAATAAGCA-1",0
"CACAAACCAATCAGAA-1",1.88456240551596
"CACAAACCACTTAACG-1",1.85486502345797
"CACAAACCATGAACCT-1",0
"CACAAACCATGGTCAT-1",1.74734361007703
"CACAAACGTCAACTGT-1",5.51258615158669
"CACAAACGTCAGAATA-1",1.84807577775508
"CACAAACTCTTCGGTC-1",6.07448295812764
"CACAAACTCTTGGGTA-1",7.65453798953633
"CACACAAAGCGACGTA-1",1.75166176372084
"CACACAAAGGGAGTAA-1",5.51276846290019
"CACACAACAAACGTGG-1",1.75166176372084
"CACACAACACATGACT-1",1.66442885886046
"CACACAACATCGATTG-1",1.64021460899844
"CACACAACATTGGGCC-1",0
"CACACAAGTACGACCC-1",1.44714843721857
"CACACAAGTCAGTGGA-1",1.91847658751164
"CACACAAGTCATCGGC-1",0
"CACACAAGTTTACTCT-1",0
"CACACAATCCACGTGG-1",2.50437875320082
"CACACAATCCACGTTC-1",5.04002702933126
"CACACAATCGGCGCAT-1",3.427694767874
"CACACCTAGAGACTAT-1",1.74734361007703
"CACACCTAGGACATTA-1",0
"CACACCTAGTGTGAAT-1",9.60396199351735
"CACACCTCACTGAAGG-1",6.84935032242042
"CACACCTCATAGGATA-1",0
"CACACCTCATAGTAAG-1",4.93031708034803
"CACACCTCATTGGGCC-1",9.3913016360621
"CACACCTGTACAGCAG-1",0
"CACACCTGTACCGCTG-1",3.89575270652467
"CACACCTGTCCAAGTT-1",1.86355644233966
"CACACCTGTGGACGAT-1",7.39928281568305
"CACACCTGTGGTCTCG-1",6.41872164813803
"CACACCTTCATGTCTT-1",0
"CACACCTTCTGGCGAC-1",6.09061731668623
"CACACTCAGGGAAACA-1",3.3150941606186
"CACACTCCAACACCTA-1",1.8280804879181
"CACACTCCAAGGGTCA-1",1.84807577775508
"CACACTCGTGACGCCT-1",3.50178516209565
"CACACTCGTTTGTGTG-1",0
"CACAGGCAGCCATCGC-1",0
"CACAGGCAGGGATGGG-1",1.31981576213676
"CACAGGCCAAGAGTCG-1",8.6783218459176
"CACAGGCCAATGGAGC-1",0
"CACAGGCGTCTAGGTT-1",1.77650710215293
"CACAGGCGTTACGCGC-1",3.07908873046108
"CACAGGCTCGGGAGTA-1",7.4938763796143
"CACAGGCTCTATGTGG-1",1.30103110898363
"CACAGTAAGACGCAAC-1",3.89575270652467
"CACAGTAAGACGCACA-1",2.28148492095396
"CACAGTAAGTGGGCTA-1",2.39698828459651
"CACAGTACAACTGGCC-1",1.75561046564543
"CACAGTACATCGGACC-1",1.30103110898363
"CACAGTAGTTCCATGA-1",1.89881327590684
"CACATAGAGCCCAATT-1",0
"CACATAGAGTGTACTC-1",0
"CACATAGCACTTCTGC-1",0
"CACATAGCAGGGTATG-1",1.69423300438744
"CACATAGTCCTTGCCA-1",3.5905667453148
"CACATAGTCGGCGCAT-1",3.03356749123224
"CACATTTAGCAGATCG-1",3.02436953196198
"CACATTTAGGGCACTA-1",5.04002702933126
"CACATTTCACGGCGTT-1",0
"CACATTTCATTACCTT-1",0
"CACATTTGTCGAACAG-1",1.9462530845868
"CACATTTGTGTTGAGG-1",0
"CACATTTTCCAGAGGA-1",1.74383018970019
"CACATTTTCCGCATCT-1",7.39928281568305
"CACATTTTCTACTATC-1",0
"CACATTTTCTGTGCAA-1",2.54235776083478
"CACCACTAGCCACGTC-1",2.94160156539873
"CACCACTAGTGGTAAT-1",3.50834368687975
"CACCACTAGTTACCCA-1",0
"CACCACTCAAGCCCAC-1",2.81680118902279
"CACCACTCAGTTCATG-1",5.60417557349725
"CACCACTGTTATTCTC-1",1.41376060629237
"CACCACTTCACCGGGT-1",6.3225197920916
"CACCACTTCGAATCCA-1",2.83930254977766
"CACCACTTCGACCAGC-1",1.60911798921294
"CACCACTTCTAACCGA-1",2.70002598603785
"CACCACTTCTTTAGTC-1",0
"CACCAGGCACATTAGC-1",1.89881327590684
"CACCAGGCACTGCCAG-1",3.94924152928572
"CACCAGGCATAAAGGT-1",5.0433319912669
"CACCAGGCATGAACCT-1",1.78265118401869
"CACCAGGGTGAAATCA-1",0
"CACCAGGGTGTTTGGT-1",3.42459944131601
"CACCAGGGTTATCACG-1",3.64360584513933
"CACCAGGTCATGTAGC-1",2.46802339024753
"CACCAGGTCTGCTTGC-1",0
"CACCTTGAGACTTGAA-1",0
"CACCTTGAGTCAATAG-1",2.8011454947441
"CACCTTGCAGGCGATA-1",4.54560473201208
"CACCTTGCATTCCTGC-1",1.44714843721857
"CACCTTGGTCATTAGC-1",6.94531167236908
"CACCTTGGTGATGTCT-1",0
"CACCTTGGTTATGTGC-1",1.60911798921294
"CACCTTGTCAACCATG-1",7.92156657995407
"CACCTTGTCATTATCC-1",2.99051932966281
"CACCTTGTCCAAAGTC-1",5.04002702933126
"CACCTTGTCTCACATT-1",4.30596777527518
"CACTCCAAGACAAGCC-1",7.37920858437602
"CACTCCAAGGTACTCT-1",0
"CACTCCACAATGGACG-1",0
"CACTCCAGTACATGTC-1",7.86111649342905
"CACTCCAGTTGTCGCG-1",0.899236510835915
"CACTCCATCAACACAC-1",1.71335126959398
"CACTCCATCCCAGGTG-1",1.57150393782054
"CAGAATCAGAAACCTA-1",8.80294605686188
"CAGAATCAGCCAACAG-1",4.85953354905097
"CAGAATCAGCTGGAAC-1",1.69714008955371
"CAGAATCAGGACTGGT-1",1.8293964807525
"CAGAATCAGTATCGAA-1",1.92858778580112
"CAGAATCCACAGAGGT-1",4.35883064015152
"CAGAATCCAGGGTACA-1",3.73075725056123
"CAGAATCGTAAGTGTA-1",7.00451457666016
"CAGAATCGTAATCACC-1",3.87349537251675
"CAGAATCTCAGTTTGG-1",0
"CAGAATCTCGCAAGCC-1",0
"CAGAATCTCGGTCCGA-1",2.70002598603785
"CAGAATCTCTTGCAAG-1",0
"CAGAATCTCTTGTACT-1",0
"CAGAGAGAGAATTGTG-1",4.95926107166495
"CAGAGAGAGCAATATG-1",1.9365404041865
"CAGAGAGCAAGAAGAG-1",3.42459944131601
"CAGAGAGCACCAGATT-1",0
"CAGAGAGGTAATCACC-1",5.51276846290019
"CAGAGAGGTAGCTGCC-1",6.42079608857582
"CAGAGAGGTAGGACAC-1",8.70281081217638
"CAGAGAGGTATAGGGC-1",5.54041584928452
"CAGAGAGGTCCGAATT-1",3.38404479869863
"CAGAGAGGTTGAGGTG-1",0
"CAGAGAGTCACCCGAG-1",0.835512043189675
"CAGAGAGTCATAACCG-1",0
"CAGAGAGTCCGAACGC-1",0.899236510835915
"CAGAGAGTCTGGTATG-1",5.29483770523168
"CAGATCAAGAGACGAA-1",2.86336900900946
"CAGATCAAGCACCGTC-1",0
"CAGATCAAGCTTCGCG-1",0
"CAGATCAAGGATTCGG-1",0.835512043189675
"CAGATCAAGTGTACCT-1",5.4403697639942
"CAGATCAAGTTTAGGA-1",0
"CAGATCACAATAACGA-1",1.66442885886046
"CAGATCACACACCGAC-1",0
"CAGATCACACGGTAAG-1",2.50437875320082
"CAGATCACACTCTGTC-1",3.97856020502302
"CAGATCACAGCATACT-1",6.54926019069306
"CAGATCACAGTGGGAT-1",3.11822723459182
"CAGATCAGTACCAGTT-1",1.75442353071454
"CAGATCAGTGCGGTAA-1",2.01516306475125
"CAGATCATCTGATTCT-1",4.08294162853306
"CAGCAGCAGATGCCAG-1",7.94415319884353
"CAGCAGCAGGGAACGG-1",6.03981797451661
"CAGCAGCCACCTATCC-1",2.52754385879707
"CAGCAGCCATCACAAC-1",3.85681729602409
"CAGCAGCTCAACACTG-1",7.65453798953633
"CAGCAGCTCGAACTGT-1",0
"CAGCAGCTCGCCGTGA-1",4.17838099767884
"CAGCATAAGAGACGAA-1",3.30034887623906
"CAGCATAGTCTAGGTT-1",0
"CAGCATAGTTTACTCT-1",3.25816795014415
"CAGCATATCACGAAGG-1",6.42079608857582
"CAGCATATCAGGCAAG-1",0
"CAGCATATCCTTAATC-1",3.07908873046108
"CAGCCGAAGCATCATC-1",6.20516311910212
"CAGCCGAAGTTTCCTT-1",1.77650710215293
"CAGCCGACACGTGAGA-1",1.57150393782054
"CAGCCGACATCAGTCA-1",1.71335126959398
"CAGCCGAGTGATGTCT-1",3.67879449342731
"CAGCCGATCACCAGGC-1",0
"CAGCCGATCCTCAATT-1",3.44603925175626
"CAGCGACAGAAACGCC-1",4.65144769323807
"CAGCGACAGCGTCAAG-1",1.61490021214288
"CAGCGACCAAACGTGG-1",0
"CAGCGACCAAAGCGGT-1",4.71021335607165
"CAGCGACCACGTCAGC-1",1.30103110898363
"CAGCGACCATGGGACA-1",1.7900947443555
"CAGCGACGTCTGATTG-1",4.07379839984613
"CAGCGACGTGGACGAT-1",7.65453798953633
"CAGCGACGTGGTTTCA-1",3.85681729602409
"CAGCGACGTTCGGCAC-1",3.87875181570979
"CAGCGACTCCGCAAGC-1",3.38404479869863
"CAGCGACTCTGGGCCA-1",5.07123053626662
"CAGCTAAAGATGTGTA-1",1.5240247353639
"CAGCTAAAGCAGACTG-1",2.93004108740853
"CAGCTAAAGCTGTTCA-1",2.64711637505429
"CAGCTAAAGGAGCGTT-1",1.8293964807525
"CAGCTAACACAGATTC-1",6.3225197920916
"CAGCTAACATCAGTAC-1",3.38816326738876
"CAGCTAAGTAATCGTC-1",1.59487838953934
"CAGCTAAGTCTCACCT-1",7.00451457666016
"CAGCTAAGTTCGTCTC-1",7.09391260636175
"CAGCTAATCCACGCAG-1",2.96729727602234
"CAGCTAATCCCTAACC-1",0
"CAGCTAATCTGGTTCC-1",3.3406398691718
"CAGCTAATCTTAGCCC-1",0
"CAGCTAATCTTCGGTC-1",1.0201744570104
"CAGCTGGAGACACTAA-1",3.62256528668081
"CAGCTGGAGATCCTGT-1",1.96448062371802
"CAGCTGGCACCAACCG-1",1.69714008955371
"CAGCTGGCAGTGGAGT-1",3.0385354779172
"CAGCTGGCATGCATGT-1",7.09391260636175
"CAGCTGGTCTACCTGC-1",3.427694767874
"CAGGTGCAGAGACGAA-1",3.95953363080237
"CAGGTGCAGATCCTGT-1",7.4434734408114
"CAGGTGCAGGCATGTG-1",0
"CAGGTGCCAGGAACGT-1",5.04002702933126
"CAGGTGCCATAGTAAG-1",3.25816795014415
"CAGGTGCCATCGGAAG-1",0
"CAGGTGCTCAGTTGAC-1",1.59487838953934
"CAGGTGCTCCAAGTAC-1",1.70042526017336
"CAGGTGCTCTTGTATC-1",0
"CAGTAACAGATATGGT-1",3.89575270652467
"CAGTAACAGATGGCGT-1",3.07908873046108
"CAGTAACCAATCACAC-1",0
"CAGTAACCACTCGACG-1",5.0433319912669
"CAGTAACGTGATAAGT-1",1.61490021214288
"CAGTAACGTGCACCAC-1",0
"CAGTAACTCAGAGGTG-1",7.73452725131051
"CAGTAACTCGTACGGC-1",1.5240247353639
"CAGTAACTCGTGACAT-1",0
"CAGTAACTCTGCCAGG-1",1.86355644233966
"CAGTCCTAGAATCTCC-1",0
"CAGTCCTAGATCTGCT-1",3.02436953196198
"CAGTCCTCAGTATAAG-1",1.8883604758502
"CAGTCCTTCAACACGT-1",2.41025919987465
"CAGTCCTTCCATGAGT-1",1.75679940136079
"CAGTCCTTCCCGACTT-1",1.71335126959398
"CAGTCCTTCCCTTGTG-1",1.77650710215293
"CAGTCCTTCGAACGGA-1",6.36232401199784
"CAGTCCTTCGGTTCGG-1",2.20508526988912
"CAGTCCTTCTACTTAC-1",4.12141751465317
"CATATGGAGAGATGAG-1",0
"CATATGGAGGCATGGT-1",5.07123053626662
"CATATGGAGTATTGGA-1",0
"CATATGGCAAGCGTAG-1",7.39928281568305
"CATATGGGTCGCATAT-1",0
"CATATGGTCATTATCC-1",1.94728283286729
"CATATGGTCATTGCGA-1",3.3150941606186
"CATATTCCACCACCAG-1",4.91714820642738
"CATATTCGTGACTACT-1",2.93739836461166
"CATATTCGTGGTACAG-1",0
"CATATTCGTGTGACGA-1",0
"CATATTCTCACAGGCC-1",7.15655568676346
"CATATTCTCGCAAACT-1",1.70042526017336
"CATCAAGAGAACTCGG-1",1.80098540064175
"CATCAAGAGATGGCGT-1",0
"CATCAAGAGCCGCCTA-1",0
"CATCAAGCACGAAACG-1",0.743722778171168
"CATCAAGCAGCCTTTC-1",5.67635922982422
"CATCAAGCATGGAATA-1",3.48241903274972
"CATCAAGGTTACTGAC-1",0
"CATCAAGGTTCCATGA-1",6.94123554160948
"CATCAAGTCTAAGCCA-1",0
"CATCAAGTCTGACCTC-1",2.20508526988912
"CATCAGAAGCTAGTCT-1",5.71203443893268
"CATCAGACAAGCCATT-1",1.78347441769395
"CATCAGACAATGACCT-1",4.80961989691135
"CATCAGACACGGCCAT-1",5.60417557349725
"CATCAGACAGACAGGT-1",1.46531226853977
"CATCAGACATAACCTG-1",0
"CATCAGAGTAATTGGA-1",0
"CATCAGAGTACATGTC-1",1.75679940136079
"CATCAGAGTGTTAAGA-1",0
"CATCAGAGTTCAACCA-1",2.70002598603785
"CATCAGATCGTTGACA-1",3.40867192319652
"CATCCACGTAAAGTCA-1",5.72826504333395
"CATCCACGTACCGTAT-1",3.07908873046108
"CATCCACGTGCCTGTG-1",1.88540950397076
"CATCCACGTTTAAGCC-1",0
"CATCGAAAGAGTACAT-1",2.46802339024753
"CATCGAAAGCTGTCTA-1",2.70002598603785
"CATCGAACAAGAGGCT-1",0
"CATCGAACAAGCTGAG-1",0
"CATCGAACACATTTCT-1",0
"CATCGAACATAAAGGT-1",0
"CATCGAAGTAGTACCT-1",3.253605783876
"CATCGAAGTCCGACGT-1",2.03152515935284
"CATCGAAGTGCACTTA-1",0
"CATCGAATCAAACCAC-1",0
"CATCGAATCCGCGGTA-1",0
"CATCGAATCCGTAGTA-1",2.17617116813839
"CATCGGGAGAAGCCCA-1",3.50178516209565
"CATCGGGAGCGAGAAA-1",1.78223992380716
"CATCGGGAGGGTGTGT-1",3.253605783876
"CATCGGGAGGTGTTAA-1",0
"CATCGGGAGTGACTCT-1",1.84807577775508
"CATCGGGCACTCAGGC-1",6.20516311910212
"CATCGGGCAGACGCTC-1",5.27983974085572
"CATCGGGCATCACAAC-1",3.87875181570979
"CATCGGGGTCCTCTTG-1",1.43313713463297
"CATCGGGGTGAGGGAG-1",5.08803790768923
"CATCGGGGTTCGAATC-1",0
"CATCGGGTCAGGATCT-1",1.75679940136079
"CATCGGGTCCACGAAT-1",0
"CATCGGGTCGATGAGG-1",7.4434734408114
"CATGACAAGACCACGA-1",1.86355644233966
"CATGACAAGCTCCTCT-1",0.835512043189675
"CATGACAAGTAACCCT-1",6.36232401199784
"CATGACAAGTATCTCG-1",3.31360499264804
"CATGACAGTCGTCTTC-1",4.80961989691135
"CATGACAGTGAACCTT-1",2.76696419935533
"CATGACATCAATAAGG-1",4.38053863298699
"CATGACATCTAACTGG-1",3.0514411403776
"CATGCCTAGACCTAGG-1",2.41025919987465
"CATGCCTAGAGTCTGG-1",0
"CATGCCTCACCACCAG-1",2.54235776083478
"CATGCCTGTCAAAGCG-1",3.97856020502302
"CATGCCTGTCGATTGT-1",6.3225197920916
"CATGCCTTCCACGACG-1",3.38816326738876
"CATGCCTTCCTCATTA-1",0
"CATGCCTTCGCATGAT-1",2.81680118902279
"CATGGCGAGAGCTGGT-1",3.40188307616716
"CATGGCGAGTACGACG-1",3.87484792658833
"CATGGCGTCCAAAGTC-1",6.73836573510464
"CATGGCGTCCCTTGTG-1",3.42459944131601
"CATGGCGTCGGCCGAT-1",6.41442887550676
"CATGGCGTCTCAAACG-1",1.71335126959398
"CATGGCGTCTGCCCTA-1",4.2819973441281
"CATTATCAGACCCACC-1",0
"CATTATCAGTCCCACG-1",0
"CATTATCCAAGTCTGT-1",1.43313713463297
"CATTATCCAGGGCATA-1",3.46392406319852
"CATTATCGTCAATGTC-1",3.64010253376031
"CATTATCTCACAAACC-1",0
"CATTATCTCAGATAAG-1",2.96729727602234
"CATTATCTCGCGTTTC-1",0
"CATTATCTCGTTGCCT-1",2.03152515935284
"CATTATCTCTATCCCG-1",5.51276846290019
"CATTATCTCTTAACCT-1",1.71335126959398
"CATTCGCAGGTGCTAG-1",3.3406398691718
"CATTCGCCAAGGGTCA-1",8.4169393755095
"CATTCGCCAGCCTATA-1",9.45835700333233
"CATTCGCCATACAGCT-1",4.03696244089605
"CATTCGCCATGGATGG-1",5.10124913030279
"CATTCGCCATGTCTCC-1",6.54926019069306
"CATTCGCCATTCACTT-1",2.70002598603785
"CATTCGCGTAGCACGA-1",3.42459944131601
"CATTCGCTCATCACCC-1",8.6783218459176
"CCAATCCAGACCACGA-1",3.87484792658833
"CCAATCCAGATATGGT-1",6.36232401199784
"CCAATCCAGTCGAGTG-1",6.42079608857582
"CCAATCCAGTCGTTTG-1",0
"CCAATCCAGTTTAGGA-1",0
"CCAATCCCAAGCGAGT-1",5.34818136509485
"CCAATCCTCGGACAAG-1",0
"CCACCTAAGGATGGTC-1",2.62026356876331
"CCACCTAAGTCGAGTG-1",0
"CCACCTAAGTGGGATC-1",3.64360584513933
"CCACCTAAGTGTGGCA-1",5.60417557349725
"CCACCTACAACAACCT-1",3.66582019758867
"CCACCTACAAGCCGCT-1",0.835512043189675
"CCACCTACAATCTACG-1",1.59487838953934
"CCACCTAGTAGTACCT-1",1.71335126959398
"CCACCTAGTCGCGTGT-1",0
"CCACCTAGTGGGTCAA-1",2.50437875320082
"CCACCTATCAGTTGAC-1",3.44603925175626
"CCACCTATCTGATACG-1",0
"CCACGGAAGGGAACGG-1",6.30187601229891
"CCACGGACATGTCGAT-1",1.79092662167429
"CCACGGAGTAAGGGCT-1",0
"CCACGGAGTCAGATAA-1",3.97856020502302
"CCACGGAGTCCGTGAC-1",2.46802339024753
"CCACGGAGTGTAATGA-1",0
"CCACGGAGTTCTGAAC-1",1.46531226853977
"CCACGGATCACATAGC-1",7.86111649342905
"CCACGGATCCACGTGG-1",0
"CCACGGATCTACTATC-1",4.32341449385592
"CCACGGATCTAGAGTC-1",5.10124913030279
"CCACTACAGAGTACCG-1",1.8293964807525
"CCACTACAGCTTTGGT-1",5.51276846290019
"CCACTACCAGCAGTTT-1",4.17838099767884
"CCACTACCAGTAGAGC-1",3.63388518260956
"CCACTACGTCCGAATT-1",2.52754385879707
"CCACTACGTCTCAACA-1",2.03152515935284
"CCACTACGTGACAAAT-1",2.50423787950953
"CCACTACGTGACCAAG-1",5.60417557349725
"CCACTACGTGCACGAA-1",2.54235776083478
"CCACTACTCACTCTTA-1",3.52362948513994
"CCACTACTCCGCATCT-1",3.02436953196198
"CCACTACTCGGAAATA-1",1.65683308016806
"CCACTACTCTCGTATT-1",5.58116801547685
"CCACTACTCTCGTTTA-1",3.427694767874
"CCAGCGAAGCCCAACC-1",5.57589536756561
"CCAGCGACATCGGGTC-1",0
"CCAGCGACATGTCCTC-1",0
"CCAGCGAGTAGGCATG-1",6.42079608857582
"CCAGCGAGTCCGTTAA-1",0
"CCAGCGATCAGAAATG-1",3.93791969739005
"CCATGTCAGCGATCCC-1",1.64323655240376
"CCATGTCAGGTCGGAT-1",3.78599231856999
"CCATGTCAGGTTACCT-1",0
"CCATGTCCAAGCTGGA-1",2.52754385879707
"CCATGTCCACATCCGG-1",1.8293964807525
"CCATGTCGTCCAGTAT-1",0
"CCATGTCTCCAAGTAC-1",4.12141751465317
"CCATGTCTCTTGTATC-1",7.39928281568305
"CCATTCGCAGTACACT-1",1.89881327590684
"CCATTCGCAGTTTACG-1",1.94728283286729
"CCATTCGGTAATCGTC-1",1.69423300438744
"CCATTCGGTATTACCG-1",4.08294162853306
"CCCAATCAGTCACGCC-1",1.86724712895827
"CCCAATCCAGGTGGAT-1",1.66442885886046
"CCCAATCGTGAAGGCT-1",3.38816326738876
"CCCAATCGTTGGAGGT-1",0
"CCCAATCTCACATGCA-1",4.91714820642738
"CCCAATCTCCAGTATG-1",3.64360584513933
"CCCAATCTCGGAGCAA-1",1.74383018970019
"CCCAGTTAGAATAGGG-1",0
"CCCAGTTAGATCCCGC-1",8.68939263570609
"CCCAGTTAGCGTGAAC-1",3.50178516209565
"CCCAGTTAGGAATCGC-1",3.253605783876
"CCCAGTTAGTCCGGTC-1",1.43313713463297
"CCCAGTTAGTTTGCGT-1",0
"CCCAGTTGTACATGTC-1",0
"CCCAGTTGTCTGCAAT-1",1.49815506628049
"CCCAGTTTCTGAAAGA-1",2.46802339024753
"CCCATACAGGGTTCCC-1",2.50437875320082
"CCCATACAGTGTTTGC-1",1.59487838953934
"CCCATACCAAAGGTGC-1",3.67799048851345
"CCCATACCAACACCCG-1",9.45835700333233
"CCCATACCAGCAGTTT-1",5.57589536756561
"CCCATACGTATTACCG-1",1.54138858559963
"CCCATACGTCAATACC-1",9.73196388749614
"CCCATACGTCTAGTCA-1",3.427694767874
"CCCATACGTTGAGTTC-1",4.07379839984613
"CCCATACTCAATAAGG-1",5.5979114557363
"CCCATACTCAGCGACC-1",5.08803790768923
"CCCATACTCATCACCC-1",7.94415319884353
"CCCATACTCCGTAGGC-1",1.54138858559963
"CCCTCCTAGGAATCGC-1",1.88540950397076
"CCCTCCTCAGCTTAAC-1",0
"CCCTCCTCATATGAGA-1",1.60911798921294
"CCCTCCTCATCACGTA-1",0
"CCCTCCTGTATGGTTC-1",0
"CCCTCCTGTTAGATGA-1",3.95953363080237
"CCCTCCTTCAATCACG-1",0
"CCCTCCTTCCGCAGTG-1",3.02436953196198
"CCGGGATAGCTTCGCG-1",2.75334710580621
"CCGGGATAGGCGACAT-1",1.75442353071454
"CCGGGATAGGCTAGGT-1",6.54156672877087
"CCGGGATCACAGTCGC-1",2.10596262976118
"CCGGGATGTATAGGTA-1",5.11199970893326
"CCGGGATTCAGAGCTT-1",5.04002702933126
"CCGGGATTCGCTAGCG-1",0
"CCGGGATTCGCTTGTC-1",1.80098540064175
"CCGGTAGAGCGTCTAT-1",3.52362948513994
"CCGGTAGAGTACGCCC-1",0
"CCGGTAGCACATAACC-1",2.99051932966281
"CCGGTAGCACGCATCG-1",1.8280804879181
"CCGGTAGGTACTTCTT-1",1.78265118401869
"CCGGTAGGTCAAACTC-1",5.26788888500991
"CCGGTAGTCGTCCGTT-1",3.26094185814711
"CCGTACTAGAGAACAG-1",1.59550481813018
"CCGTACTAGTCCGTAT-1",7.94415319884353
"CCGTACTCAAGCCCAC-1",2.03152515935284
"CCGTACTCAAGCGAGT-1",0
"CCGTACTCATCCCACT-1",2.50437875320082
"CCGTACTGTACAGCAG-1",3.5905667453148
"CCGTACTGTGCGGTAA-1",0
"CCGTACTTCGTTACAG-1",7.94415319884353
"CCGTGGAAGACGCACA-1",2.94160156539873
"CCGTGGAAGAGTTGGC-1",0
"CCGTGGAAGGTGATAT-1",4.78219268550805
"CCGTGGAAGGTTCCTA-1",7.65453798953633
"CCGTGGACAGCCTTGG-1",1.8883604758502
"CCGTGGAGTTCCATGA-1",0
"CCGTGGATCTAACTTC-1",5.54041584928452
"CCGTTCAAGCGTAATA-1",1.53507218954632
"CCGTTCAAGTACGATA-1",0
"CCGTTCAAGTAGATGT-1",1.75166176372084
"CCGTTCACAGGATCGA-1",0
"CCGTTCAGTATAGGGC-1",4.38192261366008
"CCGTTCAGTCGCGAAA-1",1.90862732886202
"CCGTTCATCGTACCGG-1",2.41025919987465
"CCTAAAGAGAGTTGGC-1",6.30187601229891
"CCTAAAGCAAACCTAC-1",0
"CCTAAAGCATGTCTCC-1",3.78773993247936
"CCTAAAGGTACTCAAC-1",0
"CCTAAAGGTCGGCACT-1",5.50150721097126
"CCTAAAGGTGTAATGA-1",0
"CCTAAAGTCACCGTAA-1",5.07123053626662
"CCTAAAGTCAGCGATT-1",6.54156672877087
"CCTAAAGTCGGCGCTA-1",3.11822723459182
"CCTAAAGTCGGTCCGA-1",1.75679940136079
"CCTACACAGGACCACA-1",1.66442885886046
"CCTACACAGGGTGTTG-1",9.13267706894993
"CCTACACCAGTAAGAT-1",1.9462530845868
"CCTACACGTATAGTAG-1",1.59550481813018
"CCTACACGTCCGAACC-1",4.97536392002484
"CCTACACGTGGGTCAA-1",3.73075725056123
"CCTACACGTTTGACTG-1",3.67879449342731
"CCTACACTCGGCGCTA-1",5.51276846290019
"CCTACACTCGTGACAT-1",8.47009342509971
"CCTACCAAGATAGGAG-1",2.06042627556635
"CCTACCAAGCAAATCA-1",3.1658900702495
"CCTACCAAGCGTAGTG-1",0
"CCTACCAAGTGCGATG-1",2.54235776083478
"CCTACCAGTATCAGTC-1",5.27983974085572
"CCTACCAGTCTCTCTG-1",0
"CCTACCAGTCTTTCAT-1",1.66442885886046
"CCTACCATCAGCACAT-1",0
"CCTACCATCGCCAGCA-1",0
"CCTAGCTAGCAAATCA-1",2.06042627556635
"CCTAGCTAGCTCCTCT-1",2.52754385879707
"CCTAGCTAGGTTACCT-1",0
"CCTAGCTAGTACGCGA-1",3.66582019758867
"CCTAGCTCAATGAATG-1",5.51258615158669
"CCTAGCTCAATGGTCT-1",1.61490021214288
"CCTAGCTCACATCCAA-1",3.66582019758867
"CCTAGCTCAGCCAGAA-1",0
"CCTAGCTGTAGAAAGG-1",6.41872164813803
"CCTAGCTGTCACCCAG-1",7.86111649342905
"CCTAGCTGTCTGATTG-1",4.85472757508034
"CCTAGCTTCACGATGT-1",7.76350489390527
"CCTAGCTTCGTAGGAG-1",0
"CCTATTAAGAATTCCC-1",4.97536392002484
"CCTATTAAGCAGGCTA-1",1.79092662167429
"CCTATTAAGCAGGTCA-1",2.52754385879707
"CCTATTAAGGGAGTAA-1",0.899236510835915
"CCTATTAAGGTAGCCA-1",3.11822723459182
"CCTATTACACAACTGT-1",1.53507218954632
"CCTATTACACATCCGG-1",1.7615752705669
"CCTATTAGTCAATACC-1",0.835512043189675
"CCTATTATCATCACCC-1",1.53478654268765
"CCTATTATCTGCGACG-1",1.43313713463297
"CCTCAGTAGCTAACTC-1",6.15691342379681
"CCTCAGTCAGGTGGAT-1",5.07123053626662
"CCTCAGTGTCCATCCT-1",1.55656757939767
"CCTCAGTGTCCGACGT-1",4.26155519744861
"CCTCAGTGTCTTGTCC-1",1.53507218954632
"CCTCAGTGTGGGTATG-1",7.94415319884353
"CCTCTGAAGTATCGAA-1",2.31821325043082
"CCTCTGAAGTGGGTTG-1",0
"CCTCTGACAAGCTGTT-1",1.81591216229099
"CCTCTGACACCGATAT-1",1.79092662167429
"CCTCTGACAGATGAGC-1",4.71021335607165
"CCTCTGAGTCAATACC-1",4.78219268550805
"CCTCTGAGTCCGAACC-1",0
"CCTCTGAGTCGTGGCT-1",3.31360499264804
"CCTCTGAGTCTGATTG-1",6.42079608857582
"CCTTACGCAAGCGTAG-1",8.4169393755095
"CCTTACGCACCAACCG-1",0.835512043189675
"CCTTACGGTCATCCCT-1",2.50437875320082
"CCTTACGGTCCTCTTG-1",4.80961989691135
"CCTTACGTCACAACGT-1",0
"CCTTACGTCATCTGCC-1",2.10596262976118
"CCTTACGTCGGAGGTA-1",3.85681729602409
"CCTTCCCAGAGACTAT-1",8.32316782229849
"CCTTCCCAGCTAGGCA-1",0
"CCTTCCCAGGACGAAA-1",3.1658900702495
"CCTTCCCAGGGCATGT-1",0
"CCTTCCCAGGTACTCT-1",0
"CCTTCCCCATGATCCA-1",4.80961989691135
"CCTTCCCTCAAGGCTT-1",4.80961989691135
"CCTTCCCTCTATCCTA-1",1.55686298368895
"CCTTCCCTCTATCGCC-1",8.70281081217638
"CCTTCGAAGGCGCTCT-1",0
"CCTTCGACAACACCCG-1",0
"CCTTCGACAGCGATCC-1",5.34818136509485
"CCTTCGAGTAAGCACG-1",1.9462530845868
"CCTTCGAGTCCATGAT-1",1.53507218954632
"CCTTCGAGTGTGACCC-1",1.46531226853977
"CCTTCGAGTTGGTGGA-1",5.04002702933126
"CCTTCGATCACAGTAC-1",2.76696419935533
"CCTTCGATCCTATGTT-1",0
"CCTTCGATCGCACTCT-1",6.73836573510464
"CCTTTCTAGACGCTTT-1",1.43924329833117
"CCTTTCTAGGGCACTA-1",1.69423300438744
"CCTTTCTAGTGGAGTC-1",3.50834368687975
"CCTTTCTCAGACAAGC-1",0
"CCTTTCTCATCACGAT-1",5.51258615158669
"CCTTTCTCATGCCCGA-1",2.94160156539873
"CCTTTCTTCCCACTTG-1",4.42480520293967
"CCTTTCTTCTTTACGT-1",4.30596777527518
"CGAACATCACATGACT-1",1.54138858559963
"CGAACATCACTTGGAT-1",2.54235776083478
"CGAACATCAGTCCTTC-1",1.64021460899844
"CGAACATGTCTGATTG-1",3.50178516209565
"CGAACATGTGCTGTAT-1",1.84807577775508
"CGAACATTCTCAAACG-1",6.3225197920916
"CGAATGTAGAGGTTAT-1",6.41442887550676
"CGAATGTAGCGATAGC-1",0
"CGAATGTAGTTCGCAT-1",1.78843389250168
"CGAATGTCAATGCCAT-1",0
"CGAATGTGTCTAGTCA-1",1.84807577775508
"CGAATGTGTCTCACCT-1",3.44095313727561
"CGAATGTTCAACACAC-1",0
"CGAATGTTCATCACCC-1",3.253605783876
"CGAATGTTCTGTACGA-1",0
"CGACCTTAGCTACCGC-1",5.4403697639942
"CGACCTTAGCTAGTCT-1",0
"CGACCTTCAAAGTGCG-1",4.85953354905097
"CGACCTTCACGAAATA-1",1.90862732886202
"CGACCTTGTAAGTGTA-1",1.45440072228004
"CGACCTTGTCAGAATA-1",1.59550481813018
"CGACCTTGTCTCCCTA-1",0
"CGACCTTGTCTCTTAT-1",9.45835700333233
"CGACCTTTCCGCGTTT-1",1.87281826504998
"CGACCTTTCGTTTATC-1",1.86355644233966
"CGACCTTTCTCCAGGG-1",2.83205287220179
"CGACTTCAGACACGAC-1",1.54138858559963
"CGACTTCAGGTAGCCA-1",3.59980123703202
"CGACTTCAGTCTTGCA-1",0
"CGACTTCCAATGGACG-1",2.52754385879707
"CGACTTCGTGGTGTAG-1",6.40149307127149
"CGACTTCGTTGAGTTC-1",1.60911798921294
"CGACTTCTCACTTACT-1",4.0482847413382
"CGACTTCTCTCGCTTG-1",2.46802339024753
"CGAGAAGAGAAACGCC-1",0
"CGAGAAGAGCCAACAG-1",4.94574847416832
"CGAGAAGAGCGTGTCC-1",0.967789652254861
"CGAGAAGCAAGTTCTG-1",3.38816326738876
"CGAGAAGCACATCCGG-1",5.04002702933126
"CGAGAAGCAGGCTGAA-1",2.03152515935284
"CGAGAAGTCGGATGGA-1",5.54041584928452
"CGAGCACAGCCAGAAC-1",8.67832184591759
"CGAGCACCACATGTGT-1",3.50178516209565
"CGAGCACGTAGCGTCC-1",3.97856020502302
"CGAGCACGTAGCGTGA-1",1.54138858559963
"CGAGCACGTCAGATAA-1",0
"CGAGCACGTGCCTTGG-1",2.50423787950953
"CGAGCACTCCCGGATG-1",0
"CGAGCACTCCGCTGTT-1",3.50178516209565
"CGAGCACTCGTGACAT-1",3.66582019758867
"CGAGCCAAGCTAGCCC-1",4.12141751465317
"CGAGCCAGTATATCCG-1",5.04002702933126
"CGAGCCAGTCAAGCGA-1",3.97856020502302
"CGATCGGAGAGCCTAG-1",2.46802339024753
"CGATCGGAGTACGATA-1",0
"CGATCGGCAAACGCGA-1",4.31024621690855
"CGATCGGCAAGCGATG-1",2.8011454947441
"CGATCGGCAATACGCT-1",0
"CGATCGGCAGTTAACC-1",0
"CGATCGGCATACTCTT-1",3.1658900702495
"CGATCGGGTCGACTGC-1",0
"CGATCGGTCAACGGGA-1",5.51276846290019
"CGATCGGTCTAGCACA-1",5.12835657250993
"CGATGGCAGCCGTCGT-1",1.5240247353639
"CGATGGCAGTCCAGGA-1",0
"CGATGGCCACTTAACG-1",3.21191746158793
"CGATGGCCAGCGTAAG-1",6.84935032242042
"CGATGGCCATCATCCC-1",1.61490021214288
"CGATGGCTCCTAGAAC-1",3.59980123703202
"CGATGGCTCGCTAGCG-1",0
"CGATGGCTCTGACCTC-1",7.03857457583053
"CGATGTAAGGCAATTA-1",3.40188307616716
"CGATGTAAGTTTGCGT-1",0
"CGATGTACACAGGCCT-1",0
"CGATGTACAGGTCTCG-1",4.55898917882875
"CGATGTAGTCCAGTGC-1",1.96027522819815
"CGATGTAGTCTAGGTT-1",0
"CGATGTAGTGTGCCTG-1",1.69423300438744
"CGATGTAGTTTGCATG-1",2.28148492095396
"CGATTGAAGATGTGGC-1",0
"CGATTGACAGACGCAA-1",2.93004108740853
"CGATTGAGTATGGTTC-1",3.1851572579192
"CGATTGAGTTCAGACT-1",5.60417557349725
"CGATTGATCATGGTCA-1",0
"CGATTGATCTGCGGCA-1",1.90862732886202
"CGCCAAGAGAATGTTG-1",1.77650710215293
"CGCCAAGAGACCTTTG-1",4.30596777527518
"CGCCAAGAGATCGGGT-1",4.08294162853306
"CGCCAAGAGATCTGAA-1",3.64010253376031
"CGCCAAGAGCGTGTCC-1",1.91847658751164
"CGCCAAGGTCTAGGTT-1",1.87281826504998
"CGCCAAGTCAGGATCT-1",3.1851572579192
"CGCCAAGTCCACTCCA-1",1.0201744570104
"CGCCAAGTCTTGTTTG-1",2.50437875320082
"CGCGGTAAGCTAGCCC-1",0
"CGCGGTAAGGGTTCCC-1",4.38053863298699
"CGCGGTACAAACTGCT-1",0
"CGCGGTACAATGGAAT-1",0
"CGCGGTACAGCTGTTA-1",0
"CGCGGTAGTCAAGCGA-1",0
"CGCGGTAGTGAGGCTA-1",1.75166176372084
"CGCGGTAGTTTGCATG-1",0
"CGCGTTTAGTTATCGC-1",1.86355644233966
"CGCGTTTCAACAACCT-1",6.30187601229891
"CGCGTTTCAAGCGAGT-1",2.93004108740853
"CGCGTTTCAATGGACG-1",2.41025919987465
"CGCGTTTCACGGTGTC-1",3.5905667453148
"CGCGTTTGTGCTGTAT-1",3.38604408383801
"CGCGTTTGTGGACGAT-1",4.14945718963423
"CGCGTTTTCAAACCGT-1",1.87281826504998
"CGCGTTTTCAGCCTAA-1",3.02436953196198
"CGCGTTTTCCTATGTT-1",2.81680118902279
"CGCGTTTTCGTGGTCG-1",2.39698828459651
"CGCTATCAGAAACCGC-1",4.3924721885946
"CGCTATCAGTCATCCA-1",1.74383018970019
"CGCTATCCAAGCGAGT-1",5.50150721097126
"CGCTATCCAGTCGATT-1",0
"CGCTATCCATCGACGC-1",1.30103110898363
"CGCTATCCATTTCAGG-1",2.96729727602234
"CGCTATCGTACCGAGA-1",1.44714843721857
"CGCTATCGTTCGAATC-1",2.62084687112039
"CGCTATCGTTTCGCTC-1",6.36232401199784
"CGCTATCTCGTTACAG-1",0
"CGCTGGAAGGACATTA-1",0
"CGCTGGAAGGGCACTA-1",3.78461618194158
"CGCTGGAAGGTGATAT-1",2.41025919987465
"CGCTGGACAGACTCGC-1",0
"CGCTGGAGTGTAATGA-1",5.4403697639942
"CGCTGGAGTTCTGGTA-1",3.21191746158793
"CGCTGGATCCGAAGAG-1",5.84285720872809
"CGCTGGATCCGTTGCT-1",5.4403697639942
"CGCTGGATCGTAGGAG-1",2.46802339024753
"CGCTGGATCGTTACAG-1",3.50178516209565
"CGCTTCAAGAAGGGTA-1",3.25816795014415
"CGCTTCAAGGTCGGAT-1",1.91847658751164
"CGCTTCACACGGTGTC-1",4.39119709906582
"CGCTTCACAGACAAGC-1",2.96729727602234
"CGCTTCACATCACCCT-1",4.0482847413382
"CGCTTCAGTCGCGGTT-1",7.65453798953633
"CGCTTCATCTTAGAGC-1",4.35883064015152
"CGGACACAGCGATATA-1",6.07448295812764
"CGGACACAGCGATGAC-1",1.57150393782054
"CGGACACAGCTTCGCG-1",1.87281826504998
"CGGACACAGGTAAACT-1",4.3924721885946
"CGGACACAGTAGCCGA-1",4.3924721885946
"CGGACACCACAGGAGT-1",0
"CGGACACCATTCACTT-1",3.02436953196198
"CGGACACGTGAGCGAT-1",0
"CGGACACGTGCTCTTC-1",2.20508526988912
"CGGACACGTGTGACCC-1",1.87142150649412
"CGGACGTAGGTTACCT-1",1.53478654268765
"CGGACGTCATGGGACA-1",4.85953354905097
"CGGACGTGTGAAAGAG-1",1.78182890102545
"CGGACGTGTTGGTAAA-1",5.37302749781474
"CGGACGTTCATGTGGT-1",5.60417557349725
"CGGACGTTCTGTCCGT-1",5.9523729881531
"CGGACTGAGGAGCGAG-1",3.1851572579192
"CGGACTGAGGAGTCTG-1",1.64021460899844
"CGGACTGAGTGGTAGC-1",3.87875181570979
"CGGACTGCAACTTGAC-1",0
"CGGACTGCAATGACCT-1",3.66582019758867
"CGGACTGCACAACGTT-1",2.99051932966281
"CGGACTGCACGCCAGT-1",1.80056345012877
"CGGACTGCAGTATGCT-1",0
"CGGACTGGTAAAGGAG-1",2.41025919987465
"CGGACTGGTATAAACG-1",5.76625112757844
"CGGACTGGTGTAAGTA-1",9.91428586605687
"CGGACTGGTGTGGTTT-1",7.73452725131051
"CGGACTGGTTGACGTT-1",3.78461618194158
"CGGACTGTCCATGCTC-1",7.15655568676346
"CGGACTGTCCGTCAAA-1",1.85486502345797
"CGGACTGTCGTTTGCC-1",5.08803790768923
"CGGAGCTAGTTTAGGA-1",5.07123053626662
"CGGAGCTGTAGAAAGG-1",2.93004108740853
"CGGAGCTTCACTTATC-1",7.0287128499605
"CGGAGCTTCATGTAGC-1",3.66582019758867
"CGGAGCTTCCACGAAT-1",4.61768987683632
"CGGAGTCAGTGCGATG-1",4.14945718963423
"CGGAGTCAGTGTGAAT-1",0
"CGGAGTCCAGTGGGAT-1",1.5240247353639
"CGGAGTCCATTATCTC-1",0
"CGGAGTCGTAGCTGCC-1",4.3924721885946
"CGGAGTCGTGTTCGAT-1",1.75166176372084
"CGGAGTCTCCCAGGTG-1",1.66442885886046
"CGGAGTCTCCGTAGTA-1",3.64360584513933
"CGGCTAGAGAAACGCC-1",3.66582019758867
"CGGCTAGAGCACCGTC-1",1.80056345012877
"CGGCTAGAGCTAAACA-1",6.25837514775797
"CGGCTAGCAGACAAAT-1",5.51276846290019
"CGGCTAGGTAACGCGA-1",3.89575270652467
"CGGCTAGGTTCATGGT-1",5.07123053626662
"CGGCTAGTCAAAGACA-1",0
"CGGCTAGTCGTGGGAA-1",1.69714008955371
"CGGCTAGTCTTGTTTG-1",1.66442885886046
"CGGGTCAAGAGTCGGT-1",2.5908581184642
"CGGGTCAAGCACACAG-1",1.61490021214288
"CGGGTCAAGCTAACTC-1",1.9462530845868
"CGGGTCAAGGACACCA-1",2.54235776083478
"CGGGTCAAGTATGACA-1",4.33718880640614
"CGGGTCACAATGACCT-1",0
"CGGGTCACACCGAAAG-1",3.02436953196198
"CGGGTCACAGCCACCA-1",1.86355644233966
"CGGGTCACATACAGCT-1",1.77650710215293
"CGGGTCACATCCTTGC-1",3.66582019758867
"CGGGTCAGTAGCGCTC-1",0
"CGGGTCAGTCGATTGT-1",1.75679940136079
"CGGGTCAGTGCAACTT-1",0
"CGGGTCAGTTGTTTGG-1",1.57150393782054
"CGGGTCATCAACACCA-1",2.83930254977766
"CGGGTCATCACCTTAT-1",6.2316287679744
"CGGGTCATCCACGACG-1",1.29908907764106
"CGGTTAACAGGACCCT-1",1.78223992380716
"CGGTTAACATGTCCTC-1",1.94728283286729
"CGGTTAACATTCCTGC-1",0
"CGGTTAAGTCGACTGC-1",0
"CGGTTAATCCGGCACA-1",3.3406398691718
"CGGTTAATCCTTTCGG-1",1.59487838953934
"CGGTTAATCTTATCTG-1",8.4169393755095
"CGTAGCGAGATGTAAC-1",2.50423787950953
"CGTAGCGAGGCAATTA-1",3.253605783876
"CGTAGCGCAAGCGCTC-1",2.81680118902279
"CGTAGCGTCCAACCAA-1",6.09061731668623
"CGTAGCGTCGGCGGTT-1",6.94123554160948
"CGTAGGCAGGGCTCTC-1",1.77691506007952
"CGTAGGCCAAGCGATG-1",0
"CGTAGGCCACTAAGTC-1",1.82895755035911
"CGTAGGCCAGAGTGTG-1",4.03166236512835
"CGTAGGCCATCCCATC-1",2.83930254977766
"CGTAGGCGTATTAGCC-1",1.57910175768955
"CGTAGGCGTCAATACC-1",1.79342808299749
"CGTAGGCGTGGCGAAT-1",5.19876666755202
"CGTAGGCTCCAGAAGG-1",5.58116801547685
"CGTCACTAGTCATGCT-1",0
"CGTCACTCAAAGCGGT-1",1.86724712895827
"CGTCACTCAGGTCCAC-1",5.07123053626662
"CGTCACTCAGTCACTA-1",1.46531226853977
"CGTCACTTCCTTGACC-1",0
"CGTCACTTCGGTGTTA-1",2.50437875320082
"CGTCACTTCTGTGCAA-1",2.50423787950953
"CGTCACTTCTTGAGAC-1",3.6410348193075
"CGTCAGGAGCTGTTCA-1",1.46531226853977
"CGTCAGGCAAAGCAAT-1",1.85486502345797
"CGTCAGGCAAAGCGGT-1",2.46802339024753
"CGTCAGGCAACACGCC-1",4.12141751465317
"CGTCAGGCATCCGCGA-1",6.54156672877087
"CGTCAGGGTCAGCTAT-1",1.59487838953934
"CGTCAGGGTCGTTGTA-1",1.78223992380716
"CGTCAGGGTGTAAGTA-1",3.64360584513933
"CGTCAGGTCCACTGGG-1",0
"CGTCAGGTCGACAGCC-1",7.09391260636175
"CGTCAGGTCGGGAGTA-1",0
"CGTCCATAGACCACGA-1",3.0514411403776
"CGTCCATAGCGATTCT-1",0
"CGTCCATAGGCTATCT-1",6.45400344388836
"CGTCCATAGTCTCAAC-1",5.54041584928452
"CGTCCATCACGACTCG-1",4.12141751465317
"CGTCCATCATTCACTT-1",1.66442885886046
"CGTCCATGTCTAGCGC-1",1.39818618843915
"CGTCCATGTGATAAAC-1",0
"CGTCCATGTTTGGGCC-1",1.59487838953934
"CGTCCATGTTTGTGTG-1",1.9365404041865
"CGTCCATTCAACACCA-1",7.94415319884353
"CGTCCATTCATTCACT-1",3.46392406319852
"CGTCTACAGTGCGTGA-1",1.62138413570584
"CGTCTACGTAGTAGTA-1",4.91714820642738
"CGTCTACTCGAGCCCA-1",1.75679940136079
"CGTCTACTCGCCATAA-1",1.71335126959398
"CGTCTACTCGGCCGAT-1",1.49815506628049
"CGTCTACTCGTCCAGG-1",1.5240247353639
"CGTGAGCAGATCTGAA-1",0.743722778171168
"CGTGAGCAGCAATCTC-1",7.92156657995407
"CGTGAGCAGCGGATCA-1",3.07908873046108
"CGTGAGCAGCTAGTGG-1",7.65453798953633
"CGTGAGCAGCTTCGCG-1",1.55686298368895
"CGTGAGCAGGGCACTA-1",3.94924152928572
"CGTGAGCAGGGTGTGT-1",0
"CGTGAGCAGTGGAGAA-1",3.21041444954534
"CGTGAGCCAAGCCGCT-1",7.15655568676346
"CGTGAGCCACGTAAGG-1",1.85486502345797
"CGTGAGCCATACGCCG-1",1.69714008955371
"CGTGAGCGTAGATTAG-1",0
"CGTGAGCGTCTCTTAT-1",1.58926704261798
"CGTGAGCTCACAAACC-1",1.62694524888205
"CGTGAGCTCCAAATGC-1",3.64360584513933
"CGTGAGCTCCGAGCCA-1",7.4434734408114
"CGTGAGCTCGTTGCCT-1",1.61490021214288
"CGTGAGCTCTGGGCCA-1",7.83551615209481
"CGTGTAAAGATAGTCA-1",5.51276846290019
"CGTGTAAAGGTGTTAA-1",6.07448295812764
"CGTGTAAAGTACATGA-1",0
"CGTGTAACATGGGACA-1",5.9523729881531
"CGTGTAAGTGTCTGAT-1",3.03423846909286
"CGTGTAATCTACTATC-1",0
"CGTGTAATCTCGATGA-1",1.37765692841824
"CGTGTAATCTTTAGTC-1",3.3150941606186
"CGTGTCTAGGCGCTCT-1",1.39818618843915
"CGTGTCTAGGGATGGG-1",1.06373550709797
"CGTGTCTCAGACAAAT-1",3.93791969739005
"CGTGTCTCAGACACTT-1",3.38604408383801
"CGTGTCTGTAAGAGGA-1",2.70205681886764
"CGTGTCTGTATATGAG-1",5.04002702933126
"CGTGTCTGTCAAAGCG-1",3.63434001858035
"CGTGTCTGTTCCGTCT-1",5.60417557349725
"CGTGTCTTCAATCACG-1",3.62256528668081
"CGTGTCTTCAGAGGTG-1",0
"CGTGTCTTCATAGCAC-1",2.06042627556635
"CGTGTCTTCCGAACGC-1",1.90862732886202
"CGTGTCTTCGGCATCG-1",1.70042526017336
"CGTGTCTTCGTGGACC-1",0
"CGTGTCTTCTACTTAC-1",7.92156657995407
"CGTGTCTTCTGAGTGT-1",6.36232401199784
"CGTTAGAAGATCTGAA-1",0
"CGTTAGAAGGCCCTTG-1",3.427694767874
"CGTTAGACACGAAAGC-1",1.59550481813018
"CGTTAGACAGCTTCGG-1",3.97856020502302
"CGTTAGAGTTTAAGCC-1",1.45440072228004
"CGTTAGATCACTTATC-1",3.5905667453148
"CGTTAGATCAGCCTAA-1",2.55061307869295
"CGTTCTGAGAAGGGTA-1",0
"CGTTCTGAGTGAACAT-1",1.75166176372084
"CGTTCTGCAGCTCGCA-1",6.20516311910212
"CGTTCTGCATTGGCGC-1",1.86724712895827
"CGTTCTGGTGAGGGTT-1",0
"CGTTCTGTCTGATTCT-1",7.94415319884353
"CGTTGGGAGCTAGTTC-1",3.1851572579192
"CGTTGGGAGGATGCGT-1",0
"CGTTGGGCACATTAGC-1",2.50437875320082
"CGTTGGGCAGACAGGT-1",3.87875181570979
"CGTTGGGGTTCCCGAG-1",1.78265118401869
"CGTTGGGTCATGCTCC-1",0
"CGTTGGGTCCATGAAC-1",2.93004108740853
"CGTTGGGTCTACCAGA-1",7.15655568676346
"CTAACTTAGTCCTCCT-1",2.77599543650027
"CTAACTTCAATAGCAA-1",5.76625112757844
"CTAACTTCAATCGGTT-1",2.86336900900946
"CTAACTTGTGAGGCTA-1",0
"CTAACTTTCGTACGGC-1",4.27229553679136
"CTAACTTTCTGGCGTG-1",7.94415319884353
"CTAAGACAGGGAAACA-1",3.59815208609815
"CTAAGACAGTACATGA-1",5.72377361529494
"CTAAGACAGTTCGCGC-1",2.86336900900946
"CTAAGACCAAGTAATG-1",0
"CTAAGACCAGTAAGAT-1",1.8293964807525
"CTAAGACCATGCAATC-1",0
"CTAAGACGTAAGGATT-1",0
"CTAAGACGTATCAGTC-1",1.69423300438744
"CTAAGACGTCACCTAA-1",1.79092662167429
"CTAAGACTCGTTGCCT-1",7.65453798953633
"CTAAGACTCTTACCGC-1",4.12141751465317
"CTAAGACTCTTGAGGT-1",1.69714008955371
"CTAATGGAGCAATCTC-1",2.20508526988912
"CTAATGGAGCGCTCCA-1",4.71021335607165
"CTAATGGAGCTCCCAG-1",4.08294162853306
"CTAATGGAGCTGAAAT-1",2.03152515935284
"CTAATGGAGTTAGGTA-1",2.53644472708947
"CTAATGGCATGGAATA-1",2.46802339024753
"CTAATGGGTACCGCTG-1",1.53507218954632
"CTAATGGGTCTAGCGC-1",4.42480520293967
"CTAATGGGTGAGGGAG-1",6.42079608857582
"CTAATGGGTTGGTGGA-1",0
"CTAATGGTCATGCTCC-1",1.69714008955371
"CTAATGGTCCACTGGG-1",5.07123053626662
"CTAATGGTCCGTTGCT-1",1.64323655240376
"CTAATGGTCCTAGAAC-1",3.48241903274972
"CTACACCAGTGCGATG-1",3.67814886834575
"CTACACCCACGGACAA-1",4.42480520293967
"CTACACCGTAATAGCA-1",1.60911798921294
"CTACACCGTCTGATTG-1",0
"CTACACCGTTCGTCTC-1",0
"CTACACCTCAGAAATG-1",0
"CTACACCTCGGCTTGG-1",8.0551905179368
"CTACACCTCGGTCCGA-1",1.9462530845868
"CTACACCTCTCGCATC-1",0.967789652254861
"CTACACCTCTCTGCTG-1",4.0482847413382
"CTACATTAGATCACGG-1",2.75334710580621
"CTACATTCACTCGACG-1",3.89575270652467
"CTACATTCATTTCACT-1",4.0482847413382
"CTACATTGTGATGATA-1",4.12141751465317
"CTACATTGTTCGAATC-1",4.12141751465317
"CTACATTTCAACGCTA-1",1.86724712895827
"CTACATTTCGCCATAA-1",4.42480520293967
"CTACATTTCTAGCACA-1",3.11822723459182
"CTACCCACACAGAGGT-1",0
"CTACCCACACGACGAA-1",1.66442885886046
"CTACCCACATGGTTGT-1",0
"CTACCCAGTATCTGCA-1",3.64010253376031
"CTACCCAGTATGAATG-1",0
"CTACCCAGTCAGAAGC-1",1.87281826504998
"CTACCCAGTGTGACCC-1",0
"CTACCCAGTTATGTGC-1",4.33718880640614
"CTACCCATCTACGAGT-1",0
"CTACGTCAGGTGCAAC-1",2.52754385879707
"CTACGTCAGTGCGATG-1",4.38192261366008
"CTACGTCAGTTGTCGT-1",2.62084687112039
"CTACGTCCATATACCG-1",2.55061307869295
"CTACGTCGTATATGGA-1",1.30103110898363
"CTACGTCGTGTGGTTT-1",6.42079608857582
"CTACGTCTCAAAGTAG-1",0
"CTACGTCTCACGACTA-1",4.97536392002484
"CTACGTCTCACGGTTA-1",3.95953363080237
"CTACGTCTCCTAGAAC-1",1.59550481813018
"CTAGAGTAGCTGTCTA-1",2.50423787950953
"CTAGAGTAGGATCGCA-1",1.80098540064175
"CTAGAGTAGTCCATAC-1",4.54560473201208
"CTAGAGTCACATTAGC-1",4.27662517807637
"CTAGAGTCAGTATGCT-1",4.85953354905097
"CTAGAGTCATACTCTT-1",2.50423787950953
"CTAGAGTCATGTAAGA-1",6.03981797451661
"CTAGAGTGTGACCAAG-1",8.70281081217638
"CTAGAGTTCAACACCA-1",3.39496917772129
"CTAGAGTTCCGTCAAA-1",4.08294162853306
"CTAGAGTTCCTAAGTG-1",0
"CTAGAGTTCGCCAGCA-1",3.93791969739005
"CTAGAGTTCGCTTAGA-1",2.50423787950953
"CTAGAGTTCGTGACAT-1",7.39928281568305
"CTAGAGTTCTGATTCT-1",1.37765692841824
"CTAGCCTCACCAGATT-1",1.81591216229099
"CTAGCCTGTATATCCG-1",4.38192261366008
"CTAGCCTGTGATGCCC-1",0
"CTAGCCTTCGGGAGTA-1",3.40188307616716
"CTAGTGAAGCTGGAAC-1",3.25816795014415
"CTAGTGAAGTGTACCT-1",0
"CTAGTGACAAGTCTAC-1",1.75166176372084
"CTAGTGACAGGATCGA-1",7.65453798953633
"CTAGTGAGTTATGCGT-1",1.86724712895827
"CTAGTGATCAGTTGAC-1",6.30187601229891
"CTAGTGATCCAGTAGT-1",1.61490021214288
"CTCACACAGCTAAGAT-1",6.51077680620042
"CTCACACAGCTGCCCA-1",5.07123053626662
"CTCACACAGGATGCGT-1",1.80098540064175
"CTCACACCACGTAAGG-1",3.94924152928572
"CTCACACCACTGTTAG-1",1.7900947443555
"CTCACACCATATACGC-1",1.88456240551596
"CTCACACGTGCTGTAT-1",0
"CTCACACGTTCCATGA-1",6.0501536243113
"CTCACACGTTTGGGCC-1",4.07379839984613
"CTCACACTCACCGGGT-1",6.03981797451661
"CTCACACTCATCGGAT-1",2.62084687112039
"CTCACACTCCGCGCAA-1",1.75679940136079
"CTCACACTCTAACCGA-1",3.3150941606186
"CTCAGAAAGAGCTGCA-1",1.59550481813018
"CTCAGAAAGGAGTAGA-1",0
"CTCAGAACAACGCACC-1",0
"CTCAGAACAAGCGATG-1",1.90862732886202
"CTCAGAACAGGGCATA-1",0
"CTCAGAAGTGACGGTA-1",5.124280644763
"CTCAGAATCTTAACCT-1",6.3225197920916
"CTCATTAAGAACTGTA-1",1.82895755035911
"CTCATTACATGGTCAT-1",5.9523729881531
"CTCATTAGTGTAACGG-1",2.93004108740853
"CTCATTAGTTTACTCT-1",3.48241903274972
"CTCCTAGCAAGTACCT-1",1.9462530845868
"CTCCTAGCAATTCCTT-1",5.26788888500991
"CTCCTAGCACTGTCGG-1",1.75166176372084
"CTCCTAGCAGTCCTTC-1",4.27662517807637
"CTCCTAGCATAACCTG-1",9.45835700333233
"CTCCTAGCATGCGCAC-1",2.06042627556635
"CTCCTAGGTAGAAAGG-1",3.50178516209565
"CTCCTAGGTCCGAGTC-1",4.92291278022623
"CTCCTAGGTCTAGCCG-1",3.02436953196198
"CTCCTAGGTGTTTGTG-1",0
"CTCCTAGGTTCGTGAT-1",2.81680118902279
"CTCCTAGGTTGTTTGG-1",0
"CTCCTAGTCACTTACT-1",0
"CTCCTAGTCTCATTCA-1",5.51258615158669
"CTCGAAAAGCCCAACC-1",1.69714008955371
"CTCGAAAAGCTATGCT-1",6.55965792583305
"CTCGAAAAGGCCCTTG-1",0
"CTCGAAAAGGGCTTCC-1",5.19876666755202
"CTCGAAACAAGCCGTC-1",2.75334710580621
"CTCGAAACACATTAGC-1",2.5908581184642
"CTCGAAACACCGAAAG-1",8.68939263570609
"CTCGAAACACGGCTAC-1",2.46802339024753
"CTCGAAACAGTAAGAT-1",3.1658900702495
"CTCGAGGAGCCATCGC-1",0
"CTCGAGGAGGGCTTCC-1",3.0388020795772
"CTCGAGGCAGATAATG-1",1.92858778580112
"CTCGAGGGTATTCTCT-1",1.43313713463297
"CTCGAGGGTGCCTGGT-1",3.66582019758867
"CTCGGAGAGTCCCACG-1",3.50834368687975
"CTCGGAGCACTTCTGC-1",4.07379839984613
"CTCGGAGCAGCTGCAC-1",5.5979114557363
"CTCGGAGCAGGATCGA-1",0
"CTCGGAGGTAGCCTAT-1",1.71335126959398
"CTCGGAGGTCATGCCG-1",0
"CTCGGAGTCAAACGGG-1",1.94728283286729
"CTCGGAGTCACATACG-1",3.25816795014415
"CTCGGAGTCAGCTTAG-1",1.71335126959398
"CTCGGGAAGACCTAGG-1",4.0482847413382
"CTCGGGACACAGCCCA-1",6.94531167236908
"CTCGGGACATAAAGGT-1",5.60417557349725
"CTCGGGACATCCCACT-1",1.0201744570104
"CTCGGGACATGTCGAT-1",3.10934336315583
"CTCGGGAGTCGCGTGT-1",2.10596262976118
"CTCGGGAGTGACTACT-1",0.899236510835915
"CTCGGGAGTTACGACT-1",3.02436953196198
"CTCGGGATCCGTACAA-1",3.37663080567064
"CTCGGGATCCTTGACC-1",1.55686298368895
"CTCGGGATCTTGTTTG-1",3.37663080567064
"CTCGTACAGCGATAGC-1",7.94415319884353
"CTCGTACCAGCGTAAG-1",0
"CTCGTACCATAGTAAG-1",2.54235776083478
"CTCGTACGTAGAGTGC-1",1.61490021214288
"CTCGTACGTATCACCA-1",5.29483770523168
"CTCGTACGTGCAGTAG-1",0
"CTCGTACTCAAAGTAG-1",1.59550481813018
"CTCGTACTCAATCTCT-1",4.93031708034803
"CTCGTACTCGTTGCCT-1",1.80098540064175
"CTCGTACTCTGGTTCC-1",1.77650710215293
"CTCGTCAAGATGCCTT-1",0
"CTCGTCAAGTGGAGTC-1",2.83930254977766
"CTCGTCAAGTTTGCGT-1",4.95261696070943
"CTCGTCACAACGATCT-1",3.02436953196198
"CTCGTCACACATCCGG-1",4.03166236512835
"CTCGTCACAGTCGTGC-1",5.49014480172223
"CTCGTCAGTCTCATCC-1",2.06042627556635
"CTCGTCAGTCTCCATC-1",3.5905667453148
"CTCGTCAGTGAGCGAT-1",3.70731401063996
"CTCGTCAGTTGACGTT-1",1.85486502345797
"CTCGTCAGTTGGGACA-1",0
"CTCGTCATCACTTATC-1",0
"CTCGTCATCGACCAGC-1",0
"CTCGTCATCTGCTGTC-1",3.0514411403776
"CTCTAATCACCAGGTC-1",2.96538748995268
"CTCTAATCACGGTGTC-1",3.66582019758867
"CTCTAATCAGGAATCG-1",0
"CTCTAATGTCCAAGTT-1",0
"CTCTACGAGCTAAACA-1",3.1851572579192
"CTCTACGAGCTAGTGG-1",3.38604408383801
"CTCTACGAGTACGCCC-1",4.02515941201754
"CTCTACGAGTAGGCCA-1",9.83614594288128
"CTCTACGCAATAACGA-1",0
"CTCTACGCAGACGCTC-1",1.46531226853977
"CTCTACGCATGACATC-1",1.91847658751164
"CTCTACGTCATGTCTT-1",3.66582019758867
"CTCTACGTCCCTAATT-1",1.5240247353639
"CTCTACGTCGGCATCG-1",4.27662517807637
"CTCTACGTCGGTCTAA-1",3.30034887623906
"CTCTGGTAGCGTTCCG-1",5.5979114557363
"CTCTGGTAGGCATGGT-1",3.21041444954534
"CTCTGGTAGTGCCAGA-1",2.20508526988912
"CTCTGGTCACAAGCCC-1",1.31981576213676
"CTCTGGTCAGCCTTTC-1",1.53507218954632
"CTCTGGTTCATCTGTT-1",1.8280804879181
"CTCTGGTTCTTGTACT-1",1.84807577775508
"CTGAAACAGATCCCGC-1",3.21191746158793
"CTGAAACAGGTGCTAG-1",0
"CTGAAACAGTCCGTAT-1",4.3924721885946
"CTGAAACAGTGTCTCA-1",1.69423300438744
"CTGAAACGTCATCGGC-1",6.84935032242042
"CTGAAACGTTAAAGAC-1",3.07908873046108
"CTGAAACTCATACGGT-1",2.85758663665227
"CTGAAGTAGTGCGTGA-1",0
"CTGAAGTCAGCTGTAT-1",1.92858778580112
"CTGAAGTGTTAAAGTG-1",3.94924152928572
"CTGAAGTTCAAGCCTA-1",8.4169393755095
"CTGAAGTTCGGATGTT-1",3.38604408383801
"CTGATAGAGGGAGTAA-1",1.39818618843915
"CTGATAGAGTGCAAGC-1",4.80961989691135
"CTGATAGCAGCCTTTC-1",1.66442885886046
"CTGATAGCATCCCATC-1",2.54235776083478
"CTGATAGCATCTCCCA-1",0
"CTGATAGGTCAAAGCG-1",2.03152515935284
"CTGATAGGTCGCTTTC-1",1.7900947443555
"CTGATAGGTTACGACT-1",5.07123053626662
"CTGATAGTCGCGATCG-1",1.75442353071454
"CTGATCCAGGCATTGG-1",3.25816795014415
"CTGATCCAGGTGACCA-1",1.75442353071454
"CTGATCCCACAGAGGT-1",1.31981576213676
"CTGATCCCAGGCTGAA-1",3.85681729602409
"CTGATCCGTGCCTGGT-1",4.42480520293967
"CTGATCCGTTATCCGA-1",0
"CTGATCCGTTGTGGCC-1",4.17838099767884
"CTGCCTAAGGGTCTCC-1",4.80961989691135
"CTGCCTAAGGTGATAT-1",5.72400514575341
"CTGCCTAAGTACGCGA-1",3.73075725056123
"CTGCCTAAGTGCGTGA-1",1.37765692841824
"CTGCCTACATCCCACT-1",5.50150721097126
"CTGCCTATCAATAAGG-1",2.03152515935284
"CTGCGGAAGAAGGACA-1",2.96729727602234
"CTGCGGAAGAGCTGGT-1",3.95953363080237
"CTGCGGAAGATGAGAG-1",4.71021335607165
"CTGCGGACAGGTCGTC-1",0
"CTGCGGACATGTCTCC-1",1.75442353071454
"CTGCGGAGTCACTTCC-1",2.53644472708947
"CTGCGGAGTCGTGGCT-1",0
"CTGCGGAGTTCTGTTT-1",5.57055546641896
"CTGCGGAGTTGGACCC-1",1.74734361007703
"CTGCGGATCGCCTGTT-1",0
"CTGCGGATCTTACCGC-1",0
"CTGCTGTAGGGTGTTG-1",3.30034887623906
"CTGCTGTAGTACCGGA-1",1.66442885886046
"CTGCTGTAGTGGAGAA-1",0
"CTGCTGTCACATCTTT-1",1.9462530845868
"CTGCTGTGTTAAAGAC-1",3.11822723459182
"CTGCTGTTCTCCAACC-1",3.97856020502302
"CTGCTGTTCTTACCGC-1",5.07123053626662
"CTGGTCTAGCGTTGCC-1",5.26788888500991
"CTGGTCTAGGACAGCT-1",2.55061307869295
"CTGGTCTAGGGCTTGA-1",5.50150721097126
"CTGGTCTAGTCGAGTG-1",3.37663080567064
"CTGGTCTCAAAGGAAG-1",0
"CTGGTCTCACCAGTTA-1",0
"CTGGTCTGTACCTACA-1",1.57150393782054
"CTGGTCTGTACGCTGC-1",7.4434734408114
"CTGGTCTGTCCGCTGA-1",0
"CTGGTCTGTCCGTTAA-1",3.66582019758867
"CTGGTCTGTTCATGGT-1",1.79092662167429
"CTGGTCTGTTCGTGAT-1",6.3225197920916
"CTGGTCTTCAACGGGA-1",3.31360499264804
"CTGGTCTTCACTTACT-1",1.51013387714339
"CTGGTCTTCTTACCTA-1",2.06042627556635
"CTGTGCTGTATATCCG-1",5.9523729881531
"CTGTGCTGTCATCCCT-1",1.84807577775508
"CTGTGCTGTCCCTACT-1",1.86355644233966
"CTGTGCTGTCGGCACT-1",3.93791969739005
"CTGTGCTTCCATTCTA-1",4.38053863298699
"CTGTTTAAGAAACCGC-1",0
"CTGTTTAAGATCGATA-1",0
"CTGTTTAAGGAGTTGC-1",6.13932665614691
"CTGTTTAGTCAAAGCG-1",2.06042627556635
"CTGTTTATCAGCCTAA-1",2.20508526988912
"CTGTTTATCATTTGGG-1",3.20219449879405
"CTGTTTATCTCCAGGG-1",5.0433319912669
"CTGTTTATCTCTTGAT-1",7.15655568676346
"CTGTTTATCTTCTGGC-1",0
"CTTAACTAGCCAGTAG-1",0
"CTTAACTAGGCTCTTA-1",5.07123053626662
"CTTAACTAGGTGCACA-1",0
"CTTAACTAGTCTCGGC-1",5.9523729881531
"CTTACCGAGCGCTTAT-1",0
"CTTACCGAGGCTACGA-1",2.86336900900946
"CTTACCGCAGATCTGT-1",2.86336900900946
"CTTACCGCAGTCAGAG-1",5.50150721097126
"CTTACCGGTCCTGCTT-1",3.02436953196198
"CTTACCGGTCGCCATG-1",6.94123554160948
"CTTACCGGTCTACCTC-1",1.54138858559963
"CTTACCGTCGGACAAG-1",1.7615752705669
"CTTAGGAAGCCCAACC-1",1.75166176372084
"CTTAGGACACGACGAA-1",3.87875181570979
"CTTAGGAGTTATGTGC-1",5.32522330623656
"CTTAGGATCCCATTTA-1",1.0201744570104
"CTTAGGATCTTTACAC-1",3.253605783876
"CTTCTCTAGAACTCGG-1",0
"CTTCTCTAGAGTGAGA-1",3.59815208609815
"CTTCTCTAGCAGGCTA-1",0
"CTTCTCTAGTTAACGA-1",3.10934336315583
"CTTCTCTCAAAGGTGC-1",1.44714843721857
"CTTCTCTGTAACGACG-1",1.30103110898363
"CTTCTCTGTGCATCTA-1",4.42480520293967
"CTTCTCTTCGAGCCCA-1",4.80961989691135
"CTTGGCTAGCGATATA-1",2.54235776083478
"CTTGGCTAGTACGTTC-1",2.52754385879707
"CTTGGCTCATTACCTT-1",2.46802339024753
"CTTGGCTGTCTCCATC-1",2.75334710580621
"CTTGGCTTCCCTAATT-1",0
"CTTGGCTTCGCGTAGC-1",5.4403697639942
"CTTGGCTTCTCGTTTA-1",7.4434734408114
"CTTTGCGAGCAAATCA-1",1.85486502345797
"CTTTGCGAGCGTTCCG-1",5.51264575213919
"CTTTGCGAGTATCTCG-1",1.5240247353639
"CTTTGCGCAATTCCTT-1",2.62084687112039
"CTTTGCGCACTTAAGC-1",2.55061307869295
"CTTTGCGCAGACGCAA-1",4.91714820642738
"CTTTGCGGTAGAGGAA-1",1.79092662167429
"CTTTGCGTCCAGGGCT-1",3.02436953196198
"GAAACTCAGAGACGAA-1",4.30596777527518
"GAAACTCAGAGGTTAT-1",0
"GAAACTCAGCAGCCTC-1",1.59550481813018
"GAAACTCAGCCCAGCT-1",1.37765692841824
"GAAACTCAGCTAAACA-1",5.26788888500991
"GAAACTCAGTGCTGCC-1",1.46531226853977
"GAAACTCCAAGCCCAC-1",0
"GAAACTCCACATGACT-1",1.91847658751164
"GAAACTCCAGACACTT-1",0
"GAAACTCCATGGATGG-1",2.41025919987465
"GAAACTCGTACTCGCG-1",6.42079608857582
"GAAACTCGTAGCGATG-1",4.65144769323807
"GAAACTCGTGTGAAAT-1",3.64360584513933
"GAAACTCGTTTGTGTG-1",8.78093291089489
"GAAATGAAGCCAGTTT-1",3.50834368687975
"GAAATGAAGCTAGTCT-1",1.53478654268765
"GAAATGAAGTACGTAA-1",6.09061731668623
"GAAATGATCATGCTCC-1",3.5905667453148
"GAAATGATCCTCGCAT-1",6.84935032242042
"GAACATCAGATGGCGT-1",3.50834368687975
"GAACATCCAACAACCT-1",3.427694767874
"GAACATCCACATCTTT-1",3.70731401063996
"GAACATCCACCTATCC-1",3.1658900702495
"GAACATCCACGGACAA-1",3.3150941606186
"GAACATCCATGCTAGT-1",3.50178516209565
"GAACATCGTACGACCC-1",1.77650710215293
"GAACATCGTGGACGAT-1",4.31024621690855
"GAACATCGTTCCCGAG-1",3.67070238163121
"GAACATCTCCAAGTAC-1",5.60417557349725
"GAACATCTCGATCCCT-1",1.75561046564543
"GAACATCTCTCCAACC-1",7.0287128499605
"GAACCTAAGAACTGTA-1",6.94531167236908
"GAACCTAAGAGCAATT-1",2.46802339024753
"GAACCTAAGCCAGTAG-1",5.2630967786016
"GAACCTACAAGGACAC-1",2.81680118902279
"GAACCTACAGACACTT-1",5.07123053626662
"GAACCTAGTACCAGTT-1",3.253605783876
"GAACCTAGTGTCAATC-1",2.94160156539873
"GAACCTATCACGATGT-1",2.54235776083478
"GAACGGAAGACGCAAC-1",4.33718880640614
"GAACGGAAGTAATCCC-1",1.55686298368895
"GAACGGAAGTCAATAG-1",3.89575270652467
"GAACGGAAGTGGACGT-1",3.89575270652467
"GAACGGACACAGCGTC-1",1.69714008955371
"GAACGGACACCTCGTT-1",0
"GAACGGACACTTAACG-1",4.12141751465317
"GAACGGAGTAGCGTAG-1",1.75561046564543
"GAACGGAGTCAGAGGT-1",1.75166176372084
"GAACGGAGTGGCGAAT-1",1.51013387714339
"GAACGGATCACTCCTG-1",1.44714843721857
"GAACGGATCCACGAAT-1",3.59028393822837
"GAACGGATCGTAGGAG-1",1.0201744570104
"GAACGGATCTGTCAAG-1",2.06042627556635
"GAAGCAGAGACTAAGT-1",4.80961989691135
"GAAGCAGAGAGACGAA-1",0
"GAAGCAGAGCCACGCT-1",2.5908581184642
"GAAGCAGAGTTCGCGC-1",0
"GAAGCAGCAATCCGAT-1",5.26788888500991
"GAAGCAGCAGATCTGT-1",1.39818618843915
"GAAGCAGCAGATGAGC-1",6.09061731668623
"GAAGCAGCATGAACCT-1",4.97536392002484
"GAAGCAGCATGGAATA-1",0
"GAAGCAGGTAACGCGA-1",1.62694524888205
"GAAGCAGGTCATACTG-1",4.71021335607165
"GAAGCAGTCCTAGTGA-1",0
"GAAGCAGTCTTATCTG-1",3.40188307616716
"GAATAAGCAAGGTGTG-1",3.40188307616716
"GAATAAGCAGACAAGC-1",1.55686298368895
"GAATAAGCATGCAACT-1",3.64010253376031
"GAATAAGGTCCGTTAA-1",6.84935032242042
"GAATAAGGTGAGTGAC-1",3.10934336315583
"GAATAAGGTTCCCTTG-1",3.59980123703202
"GAATAAGTCGTTTAGG-1",0
"GAATGAAAGAGTCTGG-1",8.32316782229849
"GAATGAAAGCTTATCG-1",0
"GAATGAAAGGCATGTG-1",5.54584970350429
"GAATGAACAAACGCGA-1",3.1658900702495
"GAATGAACAGTGAGTG-1",5.70084976842028
"GAATGAACATCATCCC-1",5.60417557349725
"GAATGAAGTCAACATC-1",6.55965792583305
"GAATGAAGTCTCACCT-1",7.15655568676346
"GAATGAAGTGGCAAAC-1",1.48613350607472
"GAATGAAGTTGCGTTA-1",0
"GAATGAATCAGTTAGC-1",0
"GAATGAATCCTGCCAT-1",0.967789652254861
"GACACGCAGACGCACA-1",1.78843389250168
"GACACGCAGAGTAATC-1",0
"GACACGCAGCCAACAG-1",5.57589536756561
"GACACGCAGGAGTTTA-1",0.899236510835915
"GACACGCAGGGCATGT-1",0
"GACACGCAGGTGCACA-1",2.93004108740853
"GACACGCAGTCCAGGA-1",6.84935032242042
"GACACGCAGTGGGATC-1",5.50150721097126
"GACACGCAGTGGGTTG-1",0
"GACACGCCAAGCGTAG-1",0.967789652254861
"GACACGCCAAGGACAC-1",3.5905667453148
"GACACGCCAGACGCTC-1",2.06042627556635
"GACACGCCATCCTTGC-1",7.4434734408114
"GACACGCGTTCACGGC-1",1.85486502345797
"GACACGCTCATGTAGC-1",2.96729727602234
"GACAGAGAGTACGATA-1",7.15655568676346
"GACAGAGCAACGATCT-1",2.93004108740853
"GACAGAGCAAGTCTAC-1",0
"GACAGAGCAGCTCCGA-1",2.55061307869295
"GACAGAGCAGCTGGCT-1",5.5979114557363
"GACAGAGTCAAACAAG-1",1.44714843721857
"GACAGAGTCAGAGACG-1",5.57589536756561
"GACAGAGTCCTTCAAT-1",3.1851572579192
"GACAGAGTCCTTGCCA-1",3.52362948513994
"GACAGAGTCTTCATGT-1",7.39928281568305
"GACCAATAGAAGGGTA-1",4.02515941201754
"GACCAATAGCTACCGC-1",7.92156657995407
"GACCAATAGCTACCTA-1",0
"GACCAATCAGGTGCCT-1",3.11822723459182
"GACCAATCATGCGCAC-1",9.13267706894993
"GACCAATGTACAGTTC-1",3.427694767874
"GACCAATGTCGCTTCT-1",5.57589536756561
"GACCAATTCCGATATG-1",0
"GACCAATTCGAATGGG-1",1.75442353071454
"GACCAATTCGTCACGG-1",1.84807577775508
"GACCTGGCATCACAAC-1",1.59550481813018
"GACCTGGCATGTCTCC-1",7.29500838670736
"GACCTGGCATTGGCGC-1",1.43313713463297
"GACCTGGGTAAAGGAG-1",1.59550481813018
"GACCTGGGTCCAGTTA-1",5.72826504333395
"GACCTGGGTGCAGTAG-1",3.10934336315583
"GACCTGGTCATAGCAC-1",1.54138858559963
"GACCTGGTCCTTGCCA-1",1.92858778580112
"GACCTGGTCGCATGAT-1",4.30596777527518
"GACCTGGTCGTCACGG-1",0
"GACGCGTAGTGGTAAT-1",2.46802339024753
"GACGCGTAGTTGTAGA-1",4.07379839984613
"GACGCGTGTAAAGGAG-1",2.93004108740853
"GACGCGTGTGTGAAAT-1",2.99051932966281
"GACGCGTGTTAAGACA-1",1.74734361007703
"GACGCGTTCAAACCGT-1",4.42480520293967
"GACGCGTTCCAAATGC-1",4.03696244089605
"GACGCGTTCCGCGGTA-1",1.86355644233966
"GACGCGTTCCTACAGA-1",0
"GACGCGTTCTCCGGTT-1",0.835512043189675
"GACGGCTAGAAGATTC-1",9.45835700333233
"GACGGCTAGAGCTGGT-1",5.4403697639942
"GACGGCTCAAGGTTTC-1",5.12835657250993
"GACGGCTCACCGCTAG-1",3.66582019758867
"GACGGCTCATGAACCT-1",1.86724712895827
"GACGGCTCATGCAACT-1",3.40188307616716
"GACGGCTGTGTGTGCC-1",2.54235776083478
"GACGGCTGTTATGTGC-1",3.4142306384318
"GACGGCTGTTTGGCGC-1",3.31360499264804
"GACGGCTTCTATCGCC-1",5.57055546641896
"GACGTGCAGGCAAAGA-1",5.58116801547685
"GACGTGCAGGGTGTGT-1",4.27662517807637
"GACGTGCAGGTGTTAA-1",3.38816326738876
"GACGTGCCAGGTCGTC-1",5.60417557349725
"GACGTGCGTAACGTTC-1",5.27983974085572
"GACGTGCTCACCTCGT-1",0
"GACGTTAAGCTACCGC-1",0
"GACGTTAAGGCAAAGA-1",6.73836573510464
"GACGTTAAGTCAAGCG-1",3.0514411403776
"GACGTTACAAGCCATT-1",5.32522330623656
"GACGTTACAAGGTTTC-1",2.75334710580621
"GACGTTACAGACACTT-1",0
"GACGTTAGTATCTGCA-1",0
"GACGTTAGTTTGACAC-1",0
"GACGTTAGTTTGACTG-1",0
"GACGTTATCACAGGCC-1",4.54560473201208
"GACGTTATCATTGCGA-1",4.95261696070943
"GACGTTATCCCGGATG-1",1.86355644233966
"GACGTTATCCGAAGAG-1",3.3150941606186
"GACGTTATCGCGTTTC-1",5.29483770523168
"GACGTTATCTGTCCGT-1",5.76625112757844
"GACTAACAGACAGAGA-1",6.73836573510464
"GACTAACAGTGGAGAA-1",0
"GACTAACCAAATCCGT-1",1.75166176372084
"GACTAACGTCTAGTCA-1",3.62256528668081
"GACTAACGTGCAACTT-1",2.06042627556635
"GACTAACGTTCAGACT-1",2.03152515935284
"GACTAACTCCTTTCTC-1",3.50834368687975
"GACTAACTCTTGCCGT-1",3.10934336315583
"GACTAACTCTTTACAC-1",3.40188307616716
"GACTACAAGATATGGT-1",1.75442353071454
"GACTACACAAATCCGT-1",0
"GACTACAGTGCTGTAT-1",4.80961989691135
"GACTACATCAGCCTAA-1",0
"GACTACATCAGGTAAA-1",2.62833172190116
"GACTACATCTGCAGTA-1",7.39928281568305
"GACTGCGAGCGTAGTG-1",0
"GACTGCGAGTTGTAGA-1",3.85681729602409
"GACTGCGCACTTAACG-1",1.65683308016806
"GACTGCGCATGTTCCC-1",3.87875181570979
"GACTGCGGTACGCACC-1",1.53478654268765
"GACTGCGGTTCTCATT-1",1.64323655240376
"GACTGCGTCAACACAC-1",6.36232401199784
"GACTGCGTCACGACTA-1",4.38053863298699
"GACTGCGTCGCCCTTA-1",0
"GACTGCGTCTCAAACG-1",8.13586856958167
"GAGCAGAGTAGGGTAC-1",0
"GAGCAGAGTCAGATAA-1",3.48241903274972
"GAGCAGAGTCATATGC-1",0
"GAGCAGAGTGAGCGAT-1",1.75442353071454
"GAGCAGAGTGTAACGG-1",8.6783218459176
"GAGCAGAGTGTGACCC-1",6.3225197920916
"GAGCAGAGTTCGGGCT-1",1.66442885886046
"GAGCAGAGTTTAAGCC-1",0
"GAGCAGAGTTTGCATG-1",6.04757779633341
"GAGGTGAAGCAACGGT-1",1.8293964807525
"GAGGTGAAGGCTCTTA-1",3.78773993247936
"GAGGTGAAGTGGTAGC-1",1.30103110898363
"GAGGTGAAGTTGTAGA-1",1.86355644233966
"GAGGTGACACTGTCGG-1",1.85486502345797
"GAGGTGACATCCTTGC-1",5.60417557349725
"GAGGTGACATGCATGT-1",0
"GAGGTGAGTACCTACA-1",4.38053863298699
"GAGGTGAGTCATTAGC-1",4.80961989691135
"GAGGTGAGTTCCTCCA-1",2.70002598603785
"GAGGTGATCATCGCTC-1",0
"GAGGTGATCTAGAGTC-1",3.89575270652467
"GAGGTGATCTCTAGGA-1",3.95953363080237
"GAGGTGATCTGCTGTC-1",0
"GAGGTGATCTGGGCCA-1",1.75679940136079
"GAGTCCGAGGACAGAA-1",4.14945718963423
"GAGTCCGAGGCATGTG-1",0
"GAGTCCGAGGCGTACA-1",1.75679940136079
"GAGTCCGCAAACCCAT-1",3.2865077392504
"GAGTCCGGTCAAGCGA-1",1.75679940136079
"GAGTCCGGTGACCAAG-1",5.51276846290019
"GAGTCCGGTGACTCAT-1",0
"GAGTCCGGTGTGACCC-1",0
"GAGTCCGGTTCGGGCT-1",3.64010253376031
"GAGTCCGGTTTGCATG-1",1.71335126959398
"GAGTCCGTCGGCGCAT-1",0
"GAGTCCGTCTGATTCT-1",1.7615752705669
"GATCAGTAGATGTCGG-1",1.74383018970019
"GATCAGTAGTGGTAGC-1",0
"GATCAGTGTATATGAG-1",7.4434734408114
"GATCAGTGTCTGCGGT-1",4.42480520293967
"GATCAGTGTTATGCGT-1",2.03152515935284
"GATCAGTGTTGTACAC-1",7.4434734408114
"GATCGATAGAATGTTG-1",5.29483770523168
"GATCGATAGAGCTGCA-1",4.07379839984613
"GATCGATAGCATGGCA-1",1.75166176372084
"GATCGATCAAGCGAGT-1",5.54041584928452
"GATCGATCAAGCGTAG-1",1.7615752705669
"GATCGATGTCAACATC-1",3.0514411403776
"GATCGATGTTGCCTCT-1",3.94924152928572
"GATCGATTCCGCATCT-1",7.0287128499605
"GATCGCGAGATAGTCA-1",2.24973925508615
"GATCGCGAGCCTTGAT-1",1.66442885886046
"GATCGCGAGGAGCGTT-1",0
"GATCGCGCAGGTCGTC-1",1.57150393782054
"GATCGCGGTACAGCAG-1",0
"GATCGCGGTGAGTATA-1",0
"GATCGCGGTTGTCGCG-1",7.4938763796143
"GATCGCGTCACTCCTG-1",0
"GATCGTAAGACATAAC-1",0.967789652254861
"GATCGTAAGCTCAACT-1",1.9365404041865
"GATCGTACATAACCTG-1",5.2630967786016
"GATCGTAGTGGCTCCA-1",3.3150941606186
"GATCGTATCATATCGG-1",1.75166176372084
"GATCGTATCATGTCCC-1",0
"GATCGTATCTTACCGC-1",3.02436953196198
"GATCTAGAGCGTCTAT-1",6.03981797451661
"GATCTAGAGTGGAGAA-1",4.42480520293967
"GATCTAGCAACACCTA-1",5.2630967786016
"GATCTAGCAAGGGTCA-1",7.65453798953633
"GATCTAGGTCTAAAGA-1",1.48613350607472
"GATCTAGGTCTCACCT-1",9.45835700333233
"GATCTAGGTCTCTTTA-1",8.24478378887749
"GATCTAGTCACATAGC-1",3.31360499264804
"GATCTAGTCTAAGCCA-1",1.74383018970019
"GATGAAAAGAGTAATC-1",4.31670629136344
"GATGAAAAGCTCCCAG-1",4.26155519744861
"GATGAAACACGGTAGA-1",3.38816326738876
"GATGAAACAGCTGTAT-1",0
"GATGAAAGTGGGTATG-1",0.967789652254861
"GATGAAATCACCCTCA-1",5.07123053626662
"GATGAAATCACTCCTG-1",9.45835700333233
"GATGAAATCAGCAACT-1",3.59980123703202
"GATGAAATCGAGAGCA-1",4.54560473201208
"GATGAGGAGATCCCGC-1",5.04002702933126
"GATGAGGAGTTCGATC-1",3.31633452666771
"GATGAGGCACCAGTTA-1",1.91847658751164
"GATGAGGGTATCACCA-1",0
"GATGAGGGTATTCGTG-1",7.90478357364219
"GATGAGGGTCGCGTGT-1",1.57150393782054
"GATGAGGGTGATGATA-1",1.48613350607472
"GATGAGGTCACAGGCC-1",5.0433319912669
"GATGAGGTCACATAGC-1",2.86336900900946
"GATGAGGTCCCTTGTG-1",2.5908581184642
"GATGAGGTCTGCTGTC-1",4.38053863298699
"GATGCTAAGACTAAGT-1",2.55061307869295
"GATGCTAAGGATGCGT-1",3.59980123703202
"GATGCTAAGGCTCTTA-1",4.17050478267729
"GATGCTAAGGGAACGG-1",2.54235776083478
"GATGCTAAGTATCTCG-1",3.95953363080237
"GATGCTAAGTCTCGGC-1",1.43924329833117
"GATGCTACATGTTGAC-1",0
"GATGCTACATTGCGGC-1",1.0201744570104
"GATGCTAGTCTCCATC-1",0
"GATGCTAGTGGAAAGA-1",1.90862732886202
"GATGCTAGTTAGGGTG-1",0
"GATGCTATCCTGTACC-1",4.08294162853306
"GATGCTATCGGCGCTA-1",5.08803790768923
"GATTCAGAGAAACCTA-1",1.53478654268765
"GATTCAGAGAGTGACC-1",0
"GATTCAGAGATTACCC-1",3.03423846909286
"GATTCAGAGGGTCGAT-1",5.07123053626662
"GATTCAGAGGTCGGAT-1",1.69714008955371
"GATTCAGAGTCAATAG-1",1.71335126959398
"GATTCAGCAAGTTGTC-1",0.967789652254861
"GATTCAGCAATTCCTT-1",7.65453798953633
"GATTCAGCAGGGTACA-1",0
"GATTCAGCATCGACGC-1",7.00451457666016
"GATTCAGCATTATCTC-1",5.72826504333395
"GATTCAGGTAAATACG-1",0
"GATTCAGTCAACTCTT-1",1.46531226853977
"GCAAACTAGATGTTAG-1",2.20508526988912
"GCAAACTAGTCATGCT-1",1.81591216229099
"GCAAACTAGTCTCAAC-1",3.36889928727124
"GCAAACTCACAGGTTT-1",2.20508526988912
"GCAAACTGTCAGATAA-1",1.75561046564543
"GCAAACTGTCTCCATC-1",3.94924152928572
"GCAAACTTCGTGGTCG-1",3.40188307616716
"GCAATCAAGGGATCTG-1",7.39928281568305
"GCAATCAAGTATCTCG-1",3.253605783876
"GCAATCAAGTGGGTTG-1",1.46531226853977
"GCAATCACAGCTTAAC-1",3.70731401063996
"GCAATCACATGTCGAT-1",1.57910175768955
"GCAATCACATTCCTCG-1",4.71021335607165
"GCAATCAGTAGGAGTC-1",5.9523729881531
"GCAATCAGTATAATGG-1",1.46531226853977
"GCAATCAGTTCTCATT-1",0
"GCAATCAGTTCTGGTA-1",0
"GCACATAAGAGCTATA-1",1.92858778580112
"GCACATAAGATGTTAG-1",1.77650710215293
"GCACATAAGCCTTGAT-1",0
"GCACATAAGGAGTACC-1",1.4244495020193
"GCACATAAGTGAAGTT-1",1.96027522819815
"GCACATACACCACGTG-1",3.85681729602409
"GCACATACAGCTGTAT-1",2.50437875320082
"GCACATACAGGAACGT-1",1.71821436207196
"GCACATAGTCATCGGC-1",0.899236510835915
"GCACATAGTCCGAATT-1",0
"GCACATAGTCTCTTTA-1",2.54235776083478
"GCACATAGTGCGCTTG-1",1.58926704261798
"GCACATATCACCTCGT-1",3.20219449879405
"GCACATATCTGGTTCC-1",0
"GCACTCTCAAGACACG-1",9.3913016360621
"GCACTCTCAATCACAC-1",2.83930254977766
"GCACTCTCATTTCAGG-1",3.02436953196198
"GCACTCTGTAAACCTC-1",1.75561046564543
"GCACTCTGTACCAGTT-1",6.94531167236908
"GCACTCTGTAGAAAGG-1",5.2630967786016
"GCACTCTGTCGAACAG-1",3.87484792658833
"GCACTCTGTCTAGGTT-1",7.65453798953633
"GCACTCTTCAACTCTT-1",5.07123053626662
"GCACTCTTCCCTAATT-1",2.50423787950953
"GCACTCTTCTGCCCTA-1",4.17050478267729
"GCAGCCAAGCTGATAA-1",1.53478654268765
"GCAGCCACATGAGCGA-1",1.94728283286729
"GCAGCCAGTAATCGTC-1",1.75442353071454
"GCAGCCAGTGTCGCTG-1",4.85953354905097
"GCAGCCATCAGTTGAC-1",1.75561046564543
"GCAGCCATCCCAACGG-1",1.71335126959398
"GCAGCCATCCGTACAA-1",0.835512043189675
"GCAGTTAAGTCCATAC-1",1.53507218954632
"GCAGTTAAGTCCGTAT-1",5.10124913030279
"GCAGTTAAGTTAACGA-1",1.89881327590684
"GCAGTTAGTGGACGAT-1",1.75679940136079
"GCAGTTAGTTATTCTC-1",0
"GCAGTTATCGCGATCG-1",3.97711192260653
"GCATACAAGATCTGCT-1",5.5979114557363
"GCATACAAGCAACGGT-1",1.53507218954632
"GCATACACAACGCACC-1",4.36561342502174
"GCATACACAAGGACTG-1",4.17838099767884
"GCATACACAAGTCTGT-1",0
"GCATACACAGTCAGCC-1",4.08294162853306
"GCATACACATCCTAGA-1",5.08803790768923
"GCATACACATCGGAAG-1",1.96027522819815
"GCATACAGTCCGAACC-1",3.61645167311815
"GCATACAGTTCTGGTA-1",4.61768987683632
"GCATACATCCACGACG-1",1.75166176372084
"GCATGATAGAATGTTG-1",0
"GCATGATAGAGTAATC-1",8.68939263570609
"GCATGATAGCTGATAA-1",5.2630967786016
"GCATGATAGGACCACA-1",4.08294162853306
"GCATGATAGGCTAGCA-1",6.54156672877087
"GCATGATAGTCAAGCG-1",0
"GCATGATAGTGGAGAA-1",2.83930254977766
"GCATGATCACACCGAC-1",1.75442353071454
"GCATGATCACATTTCT-1",0
"GCATGATGTCCCTACT-1",0
"GCATGATGTTGCGCAC-1",1.92858778580112
"GCATGATTCGTGGACC-1",3.50834368687975
"GCATGCGAGCATGGCA-1",3.00427788268773
"GCATGCGAGTCCAGGA-1",0
"GCATGCGCACTGCCAG-1",2.20508526988912
"GCATGCGGTAAGGATT-1",0
"GCATGCGGTCCTCTTG-1",1.78265118401869
"GCATGCGGTGTGAAAT-1",0
"GCATGCGTCCGCGGTA-1",3.10934336315583
"GCATGTAAGAACTGTA-1",6.07448295812764
"GCATGTAAGACAGACC-1",1.7900947443555
"GCATGTAAGTACTTGC-1",1.44714843721857
"GCATGTAAGTGCAAGC-1",0
"GCATGTACAACACGCC-1",4.85953354905097
"GCATGTATCACGAAGG-1",0.835512043189675
"GCCAAATCAAACTGTC-1",1.29908907764106
"GCCAAATCAAGGGTCA-1",2.93004108740853
"GCCAAATCAAGTTCTG-1",0
"GCCAAATCATAACCTG-1",1.66442885886046
"GCCAAATGTATAAACG-1",1.0201744570104
"GCCAAATGTGTTTGGT-1",2.83930254977766
"GCCAAATGTTTCGCTC-1",0
"GCCAAATTCAGGTAAA-1",0
"GCCAAATTCCGAGCCA-1",0
"GCCAAATTCCGCGGTA-1",2.10596262976118
"GCCAAATTCGGCTACG-1",2.54235776083478
"GCCTCTAAGAGTACCG-1",0
"GCCTCTAAGCCATCGC-1",0
"GCCTCTAAGCCGCCTA-1",1.86724712895827
"GCCTCTAAGCGATAGC-1",3.02436953196198
"GCCTCTAAGCTGCAAG-1",4.80961989691135
"GCCTCTAAGCTTCGCG-1",7.65453798953633
"GCCTCTAAGTCACGCC-1",0
"GCCTCTACAAGACGTG-1",6.3225197920916
"GCCTCTACAGCTATTG-1",0
"GCCTCTAGTAAGGATT-1",3.50834368687975
"GCCTCTAGTGATGATA-1",5.2630967786016
"GCCTCTAGTTAAGGGC-1",1.61586880276439
"GCCTCTATCAGCGACC-1",3.87484792658833
"GCCTCTATCCGATATG-1",3.70731401063996
"GCCTCTATCGAATCCA-1",1.86724712895827
"GCCTCTATCGAGCCCA-1",1.53478654268765
"GCCTCTATCGCTGATA-1",0
"GCCTCTATCTTTAGGG-1",0
"GCGACCAAGAGGTTAT-1",1.94728283286729
"GCGACCACACTTACGA-1",0
"GCGACCAGTCAGGACA-1",0
"GCGACCAGTCTAGAGG-1",3.62256528668081
"GCGACCATCAACGGGA-1",5.56977187755364
"GCGACCATCCCGGATG-1",3.87875181570979
"GCGACCATCTACTCAT-1",0
"GCGAGAAAGGTTCCTA-1",2.46802339024753
"GCGAGAAAGTACGATA-1",2.5908581184642
"GCGAGAAAGTGTCTCA-1",0
"GCGAGAACAAGCCCAC-1",0
"GCGAGAACACTGAAGG-1",9.45835700333233
"GCGAGAAGTAGCGCTC-1",5.51276846290019
"GCGAGAAGTCCCTACT-1",1.61490021214288
"GCGAGAATCCTTTCGG-1",4.91714820642738
"GCGAGAATCGAGAGCA-1",6.3225197920916
"GCGAGAATCGCACTCT-1",3.21041444954534
"GCGCAACAGTCCTCCT-1",6.03981797451661
"GCGCAACAGTGTACGG-1",1.74383018970019
"GCGCAACCAAGTCTGT-1",2.93004108740853
"GCGCAACCAGCCACCA-1",4.3924721885946
"GCGCAACGTAGCGCTC-1",2.75334710580621
"GCGCAACGTCCCTTGT-1",6.54156672877087
"GCGCAACGTCCTAGCG-1",4.80961989691135
"GCGCAACGTCGACTAT-1",1.86355644233966
"GCGCAACGTCTAGAGG-1",0
"GCGCAACTCAATACCG-1",0
"GCGCAGTCACATCCAA-1",8.4169393755095
"GCGCAGTCATTACCTT-1",0
"GCGCAGTGTTAGGGTG-1",1.85486502345797
"GCGCAGTTCGATCCCT-1",4.85472757508034
"GCGCAGTTCGCGGATC-1",1.75679940136079
"GCGCCAAAGACATAAC-1",3.38404479869863
"GCGCCAAAGGACAGCT-1",3.31360499264804
"GCGCCAAAGGCCCTTG-1",0
"GCGCCAAAGGGCTTCC-1",4.31670629136344
"GCGCCAAAGGTACTCT-1",0
"GCGCCAACATAACCTG-1",2.41025919987465
"GCGCCAACATTGGGCC-1",0
"GCGCCAAGTACTTGAC-1",2.81680118902279
"GCGCCAAGTCGGCACT-1",1.69423300438744
"GCGCCAAGTGAAAGAG-1",0
"GCGCCAAGTTGTACAC-1",0
"GCGCCAATCCGTTGCT-1",0
"GCGCGATAGAAGGTTT-1",2.54235776083478
"GCGCGATAGCAGGTCA-1",0
"GCGCGATAGTGAATTG-1",1.79092662167429
"GCGCGATAGTTTGCGT-1",1.92858778580112
"GCGCGATCAGCTCGAC-1",6.09061731668623
"GCGCGATGTAAGTAGT-1",1.81591216229099
"GCGCGATGTCACTTCC-1",0
"GCGCGATGTTACCAGT-1",1.0201744570104
"GCGCGATTCAGTTAGC-1",1.75561046564543
"GCGCGATTCGTTTAGG-1",3.66582019758867
"GCGGGTTAGAAACGAG-1",0
"GCGGGTTAGCTATGCT-1",0
"GCGGGTTAGTGTGAAT-1",2.93739836461166
"GCGGGTTCACGCGAAA-1",4.08294162853306
"GCGGGTTCAGGCAGTA-1",3.31360499264804
"GCGGGTTCAGTAACGG-1",2.10596262976118
"GCGGGTTGTGAGTATA-1",3.67814886834575
"GCGGGTTGTGGCGAAT-1",4.91006881920191
"GCGGGTTTCCAAAGTC-1",6.94531167236908
"GCGGGTTTCCTTTCTC-1",1.75166176372084
"GCGGGTTTCTCCAACC-1",5.27983974085572
"GCGGGTTTCTTGAGGT-1",1.55686298368895
"GCGGGTTTCTTGTATC-1",1.53507218954632
"GCTCCTACAAACTGTC-1",2.99051932966281
"GCTCCTACACCAGGTC-1",0
"GCTCCTACACCGATAT-1",1.75679940136079
"GCTCCTACAGGGTACA-1",5.5979114557363
"GCTCCTACATTAGCCA-1",3.95953363080237
"GCTCCTAGTCAGGACA-1",1.70042526017336
"GCTCCTAGTCCGTCAG-1",1.30103110898363
"GCTCCTATCAGCCTAA-1",6.03981797451661
"GCTCCTATCCCTAATT-1",1.85486502345797
"GCTCTGTAGAGGTAGA-1",1.75166176372084
"GCTCTGTAGCTGAACG-1",3.94924152928572
"GCTCTGTAGGAGTCTG-1",0
"GCTCTGTAGTGCTGCC-1",2.54235776083478
"GCTCTGTAGTGGACGT-1",3.61645167311815
"GCTCTGTTCACCTCGT-1",5.30754124910719
"GCTGCAGAGCGTGAGT-1",3.02436953196198
"GCTGCAGAGTCAAGCG-1",3.20219449879405
"GCTGCAGAGTCCCACG-1",1.80098540064175
"GCTGCAGCAATTGCTG-1",6.54156672877087
"GCTGCAGCATGCCCGA-1",0
"GCTGCAGCATGCCTAA-1",0
"GCTGCAGGTAAACCTC-1",2.41025919987465
"GCTGCAGGTACGAAAT-1",0
"GCTGCAGGTAGCGCAA-1",5.09575434186366
"GCTGCAGGTCACCCAG-1",2.96729727602234
"GCTGCAGGTCATGCCG-1",4.85953354905097
"GCTGCGAAGGAATGGA-1",4.27229553679136
"GCTGCGAGTCTAACGT-1",2.93004108740853
"GCTGCGAGTGTTTGGT-1",3.07908873046108
"GCTGCGATCTCCTATA-1",3.66582019758867
"GCTGCGATCTTGTTTG-1",1.74734361007703
"GCTGCTTAGAATTGTG-1",3.20219449879405
"GCTGCTTAGGCAATTA-1",4.71021335607165
"GCTGCTTCATCACGTA-1",2.70205681886764
"GCTGCTTCATCCAACA-1",1.74383018970019
"GCTGCTTCATGCCTAA-1",1.86724712895827
"GCTGCTTCATGGTCAT-1",0
"GCTGCTTGTAACGACG-1",2.20508526988912
"GCTGCTTGTAATCGTC-1",3.0514411403776
"GCTGCTTGTAGGGACT-1",0
"GCTGCTTGTGAAAGAG-1",3.78599231856999
"GCTGCTTTCCGGGTGT-1",3.05407617635085
"GCTGGGTAGACCCACC-1",1.60911798921294
"GCTGGGTAGCCACGCT-1",2.41025919987465
"GCTGGGTAGTCGCCGT-1",5.08803790768923
"GCTGGGTAGTCTCAAC-1",3.89575270652467
"GCTGGGTCACGGCTAC-1",0
"GCTGGGTCAGCCAATT-1",2.06042627556635
"GCTGGGTGTACAGTTC-1",1.84807577775508
"GCTGGGTGTACCGTTA-1",3.87875181570979
"GCTGGGTGTCGAGTTT-1",5.51258615158669
"GCTGGGTGTCTCCACT-1",0
"GCTGGGTGTGCCTGTG-1",1.78347441769395
"GCTGGGTTCAGCTTAG-1",0
"GCTGGGTTCCTTAATC-1",0
"GCTTCCAAGAAACCTA-1",6.94123554160948
"GCTTCCACACCACCAG-1",1.94728283286729
"GCTTCCACAGGTCGTC-1",7.90478357364219
"GCTTCCACAGTGAGTG-1",1.46531226853977
"GCTTCCAGTATAGGTA-1",0
"GCTTCCAGTTCAGCGC-1",1.59487838953934
"GCTTCCATCGTCCAGG-1",1.75166176372084
"GCTTGAAAGATGGCGT-1",0
"GCTTGAAAGCCGTCGT-1",5.51258615158669
"GCTTGAACAAACCTAC-1",3.0514411403776
"GCTTGAACACGGTGTC-1",1.86355644233966
"GCTTGAACATCGGAAG-1",3.98194760916281
"GCTTGAAGTGCGGTAA-1",3.40188307616716
"GCTTGAAGTTCTCATT-1",5.07123053626662
"GCTTGAATCAGGATCT-1",1.8280804879181
"GGAAAGCAGGCAGGTT-1",1.75166176372084
"GGAAAGCCAAACGCGA-1",2.4327015705185
"GGAAAGCCAAGTACCT-1",6.04757779633341
"GGAAAGCGTAAGCACG-1",1.94728283286729
"GGAAAGCGTCCTCCAT-1",1.8883604758502
"GGAAAGCGTCGCGTGT-1",3.87875181570979
"GGAAAGCGTGCTTCTC-1",2.62026356876331
"GGAAAGCTCCAGAGGA-1",7.15655568676346
"GGAACTTAGAGTAAGG-1",1.80098540064175
"GGAACTTCAATGTAAG-1",3.94924152928572
"GGAACTTCACAGGAGT-1",0.835512043189675
"GGAACTTCACCTCGTT-1",1.59550481813018
"GGAACTTGTCTCTTTA-1",4.35883064015152
"GGAACTTTCATTGCCC-1",3.94924152928572
"GGAACTTTCATTTGGG-1",1.87281826504998
"GGAACTTTCCGTCATC-1",3.64360584513933
"GGAACTTTCCTCAACC-1",6.42079608857582
"GGAACTTTCGGATGTT-1",2.06042627556635
"GGAATAAAGGTACTCT-1",7.94415319884353
"GGAATAAAGTGTCCAT-1",9.91428586605687
"GGAATAACAGCGTCCA-1",0
"GGAATAAGTCTGGTCG-1",1.55686298368895
"GGAATAAGTGCAGGTA-1",0
"GGAATAATCAGCACAT-1",5.0433319912669
"GGAATAATCTTTACGT-1",4.64785350651912
"GGACAAGAGGTACTCT-1",0
"GGACAAGCAACGATGG-1",6.54926019069306
"GGACAAGCAGTCGTGC-1",3.46392406319852
"GGACAAGCATGGGACA-1",1.53507218954632
"GGACAAGGTATAAACG-1",4.92018259306503
"GGACAAGGTATGAAAC-1",0
"GGACAAGGTCGGCATC-1",0
"GGACAAGGTTATGCGT-1",3.3150941606186
"GGACAAGTCTAACGGT-1",3.87484792658833
"GGACAGAAGCTAGTCT-1",0
"GGACAGAAGTACTTGC-1",8.77808132210426
"GGACAGACAACACGCC-1",5.04002702933126
"GGACAGACACAAGCCC-1",4.54560473201208
"GGACAGAGTAAGTGGC-1",0
"GGACAGAGTCTTTCAT-1",2.06042627556635
"GGACAGAGTGAGGGAG-1",1.49815506628049
"GGACAGAGTTCCACAA-1",1.96448062371802
"GGACAGATCAACGCTA-1",1.09343917725102
"GGACATTAGAGGGCTT-1",3.427694767874
"GGACATTAGCCACGTC-1",3.89575270652467
"GGACATTCAAACGCGA-1",0
"GGACATTCAATGACCT-1",5.54041584928452
"GGACATTCACCAGCAC-1",2.54235776083478
"GGACATTGTTCTGGTA-1",1.53478654268765
"GGACATTTCCTCTAGC-1",0
"GGACGTCAGTACTTGC-1",0
"GGACGTCAGTGGTAAT-1",1.8883604758502
"GGACGTCCACAGTCGC-1",0
"GGACGTCGTGAGGGAG-1",3.44603925175626
"GGACGTCGTGGCGAAT-1",2.50423787950953
"GGACGTCGTTACGGAG-1",5.54584970350429
"GGACGTCGTTTAAGCC-1",1.78265118401869
"GGACGTCTCCACTCCA-1",0
"GGACGTCTCGCAAACT-1",4.95926107166495
"GGACGTCTCTCCAGGG-1",1.84807577775508
"GGACGTCTCTCGAGTA-1",0
"GGACGTCTCTGGTGTA-1",2.24973925508615
"GGACGTCTCTTCGAGA-1",6.09061731668623
"GGAGCAAAGAACTCGG-1",2.75334710580621
"GGAGCAAAGACTGTAA-1",2.93004108740853
"GGAGCAAAGCCGCCTA-1",5.124280644763
"GGAGCAAAGCTAAACA-1",1.74383018970019
"GGAGCAAAGTACGCCC-1",0
"GGAGCAACAAGCTGTT-1",3.5905667453148
"GGAGCAACAATGGACG-1",3.87484792658833
"GGAGCAACAATTCCTT-1",0
"GGAGCAACATGCTGGC-1",3.253605783876
"GGAGCAAGTGAGTATA-1",1.31981576213676
"GGAGCAAGTTACTGAC-1",8.0551905179368
"GGAGCAATCAAGATCC-1",5.51276846290019
"GGAGCAATCCCATTTA-1",4.08294162853306
"GGATGTTCAAACTGTC-1",1.74383018970019
"GGATGTTTCATCACCC-1",1.91847658751164
"GGATGTTTCATGCATG-1",2.41025919987465
"GGATGTTTCCTACAGA-1",0
"GGATGTTTCCTCTAGC-1",3.02436953196198
"GGATTACAGATCCCAT-1",4.33718880640614
"GGATTACAGCTTCGCG-1",3.46392406319852
"GGATTACAGGCTAGCA-1",4.35883064015152
"GGATTACAGTATCTCG-1",1.69714008955371
"GGATTACCAAGCGTAG-1",4.35883064015152
"GGATTACCACATCCGG-1",3.63388518260956
"GGATTACCAGCGTAAG-1",0
"GGATTACGTAATAGCA-1",1.78347441769395
"GGATTACGTACACCGC-1",1.7900947443555
"GGATTACGTCTCTTTA-1",0
"GGATTACGTTGAGGTG-1",3.65072154665222
"GGATTACTCGCGCCAA-1",4.3628096009252
"GGATTACTCGGCGCAT-1",2.94160156539873
"GGATTACTCTGCCCTA-1",4.97536392002484
"GGCAATTCAATCGGTT-1",1.31981576213676
"GGCAATTCACGGCGTT-1",4.65144769323807
"GGCAATTCATCACCCT-1",7.73452725131051
"GGCAATTGTCGATTGT-1",0
"GGCAATTTCACTTACT-1",6.51077680620042
"GGCAATTTCAGCACAT-1",1.53478654268765
"GGCAATTTCTCCGGTT-1",4.80961989691135
"GGCCGATAGTGTCTCA-1",7.29500838670736
"GGCCGATCACGGACAA-1",0
"GGCCGATGTAGGACAC-1",5.32522330623656
"GGCCGATGTCACTGGC-1",3.95953363080237
"GGCCGATGTCCCTACT-1",7.65453798953633
"GGCCGATTCACCGTAA-1",0
"GGCCGATTCCGCGCAA-1",4.12141751465317
"GGCGACTAGAGCTGGT-1",0
"GGCGACTAGGACCACA-1",3.30034887623906
"GGCGACTAGGTTACCT-1",4.85953354905097
"GGCGACTCAAAGCGGT-1",1.59487838953934
"GGCGACTCAAGAGTCG-1",0
"GGCGACTCACCAGGTC-1",6.3225197920916
"GGCGACTCATTGTGCA-1",2.81680118902279
"GGCGACTTCAGAAATG-1",2.86336900900946
"GGCGACTTCAGAGACG-1",0
"GGCGACTTCCAGATCA-1",6.36232401199784
"GGCGACTTCTCTAGGA-1",4.3924721885946
"GGCGTGTAGCTAGCCC-1",0
"GGCGTGTAGGGTATCG-1",0
"GGCGTGTCAGGTCCAC-1",0
"GGCGTGTCAGTATAAG-1",0
"GGCGTGTCATCGTCGG-1",1.60911798921294
"GGCGTGTCATGGAATA-1",1.91847658751164
"GGCGTGTGTCTCCCTA-1",4.38053863298699
"GGCGTGTTCTTGAGGT-1",0
"GGCTCGAAGCCGTCGT-1",0
"GGCTCGAAGGTAAACT-1",0
"GGCTCGACAAGAAGAG-1",4.85953354905097
"GGCTCGACAATAGCAA-1",1.48613350607472
"GGCTCGACATGGTCAT-1",4.97536392002484
"GGCTCGAGTATATCCG-1",5.10124913030279
"GGCTCGAGTTACGTCA-1",3.93791969739005
"GGCTCGAGTTAGGGTG-1",1.43313713463297
"GGCTCGATCTGCAAGT-1",3.3406398691718
"GGCTGGTAGAAGAAGC-1",3.87875181570979
"GGCTGGTAGACCCACC-1",3.95953363080237
"GGCTGGTCAAGGACAC-1",1.46967931789398
"GGCTGGTCACTGCCAG-1",1.80098540064175
"GGCTGGTCATTTCAGG-1",0
"GGCTGGTGTATTCTCT-1",0
"GGCTGGTGTCGCATCG-1",0
"GGCTGGTGTCTAGTGT-1",8.0551905179368
"GGCTGGTGTTATGCGT-1",0
"GGGAATGAGCGTTGCC-1",2.93004108740853
"GGGAATGAGTAGGTGC-1",1.60911798921294
"GGGAATGGTAAGGGAA-1",1.59487838953934
"GGGAATGTCAACGAAA-1",0
"GGGAATGTCCAGTATG-1",1.7399468934154
"GGGAATGTCCGGGTGT-1",4.54560473201208
"GGGACCTAGATGTAAC-1",5.54584970350429
"GGGACCTAGTCTTGCA-1",2.46802339024753
"GGGACCTCAATCAGAA-1",5.08803790768923
"GGGACCTCACTGAAGG-1",2.83930254977766
"GGGAGATAGTACGACG-1",2.50423787950953
"GGGAGATCAAAGTGCG-1",6.54926019069306
"GGGAGATCAAATCCGT-1",4.97536392002484
"GGGAGATCAAGGACTG-1",1.69423300438744
"GGGAGATCACGCGAAA-1",3.61601006489042
"GGGAGATGTAGCGCAA-1",2.93739836461166
"GGGAGATTCAACGGGA-1",0
"GGGAGATTCATCACCC-1",6.42079608857582
"GGGATGAAGTGACATA-1",3.91766005755234
"GGGATGACATCATCCC-1",1.53478654268765
"GGGATGAGTCACCCAG-1",1.80098540064175
"GGGATGAGTGGAAAGA-1",0
"GGGATGAGTTACGACT-1",3.97856020502302
"GGGATGAGTTGGTAAA-1",0
"GGGATGATCAGTTAGC-1",7.39928281568305
"GGGATGATCTATCCTA-1",3.10934336315583
"GGGATGATCTTTAGGG-1",1.90862732886202
"GGGCACTAGTCTCGGC-1",6.42079608857582
"GGGCACTCATCTCCCA-1",3.02436953196198
"GGGCACTTCACCTCGT-1",4.42480520293967
"GGGCACTTCTGAGGGA-1",2.03152515935284
"GGGCATCCAATGTAAG-1",1.69423300438744
"GGGCATCCAGTCTTCC-1",3.48241903274972
"GGGCATCGTGGCGAAT-1",0
"GGGCATCTCACAGTAC-1",5.5979114557363
"GGGCATCTCCCTTGTG-1",6.94123554160948
"GGGCATCTCCGGCACA-1",2.99051932966281
"GGGCATCTCTGTCCGT-1",2.41025919987465
"GGGCATCTCTTATCTG-1",3.50834368687975
"GGGTCTGAGAAGATTC-1",0
"GGGTCTGAGATCCCGC-1",2.83930254977766
"GGGTCTGAGCCAACAG-1",0
"GGGTCTGCACAGGCCT-1",0
"GGGTCTGCACCAGGTC-1",2.96729727602234
"GGGTCTGGTCTGGTCG-1",1.55686298368895
"GGGTCTGGTGATGATA-1",1.46531226853977
"GGGTCTGGTGTGACCC-1",0
"GGGTCTGTCAACTCTT-1",5.57558634088088
"GGGTCTGTCACTCCTG-1",2.46802339024753
"GGGTCTGTCCGTAGTA-1",1.43313713463297
"GGGTTGCAGACAGAGA-1",0
"GGGTTGCAGACCTTTG-1",3.61601006489042
"GGGTTGCAGATCGATA-1",3.427694767874
"GGGTTGCAGGGTGTTG-1",0.899236510835915
"GGGTTGCAGGTGGGTT-1",1.91847658751164
"GGGTTGCCAATAACGA-1",0
"GGGTTGCCACGCCAGT-1",4.42480520293967
"GGGTTGCCATTAACCG-1",1.53478654268765
"GGGTTGCGTACATCCA-1",1.77650710215293
"GGGTTGCGTAGCGCAA-1",0
"GGGTTGCGTCCTCCAT-1",1.59487838953934
"GGGTTGCGTCGAGTTT-1",2.96729727602234
"GGGTTGCGTGAGTATA-1",4.97536392002484
"GGGTTGCGTGTGACCC-1",1.7900947443555
"GGGTTGCTCGTACCGG-1",3.0514411403776
"GGTATTGAGCACCGTC-1",0
"GGTATTGAGCTATGCT-1",0
"GGTATTGCACATCCAA-1",5.124280644763
"GGTATTGCAGCTTCGG-1",1.8883604758502
"GGTATTGGTTCCGTCT-1",4.39119709906582
"GGTATTGTCAGAAATG-1",4.35883064015152
"GGTATTGTCCATTCTA-1",0
"GGTATTGTCGCCAGCA-1",6.09061731668623
"GGTGAAGAGACACGAC-1",1.7615752705669
"GGTGAAGAGATCCGAG-1",0
"GGTGAAGCAAGGTGTG-1",3.70731401063996
"GGTGAAGCACTCGACG-1",0
"GGTGAAGCAGTATGCT-1",5.34818136509485
"GGTGAAGGTATGAAAC-1",2.93004108740853
"GGTGAAGGTCAGAATA-1",8.77808132210426
"GGTGAAGGTGGTACAG-1",1.85486502345797
"GGTGAAGGTGTATGGG-1",1.30103110898363
"GGTGAAGGTGTCTGAT-1",4.97536392002484
"GGTGAAGGTGTGGTTT-1",3.48241903274972
"GGTGAAGGTGTGTGCC-1",3.52362948513994
"GGTGAAGTCACGATGT-1",2.28148492095396
"GGTGAAGTCACTCTTA-1",1.69714008955371
"GGTGAAGTCTGGCGTG-1",0
"GGTGCGTAGGTGATTA-1",7.00451457666016
"GGTGCGTAGTACGATA-1",7.29500838670736
"GGTGCGTCACTTAAGC-1",3.98146097859219
"GGTGCGTCAGCTGTAT-1",0
"GGTGCGTGTTCGTTGA-1",0
"GGTGCGTTCCGTACAA-1",1.53507218954632
"GGTGCGTTCTTGACGA-1",1.82895755035911
"GGTGTTAAGGGCTCTC-1",6.25837514775797
"GGTGTTAAGTAGCGGT-1",0
"GGTGTTAAGTGGGATC-1",4.31670629136344
"GGTGTTAAGTTATCGC-1",2.86336900900946
"GGTGTTACAAATCCGT-1",0.967789652254861
"GGTGTTACACGGATAG-1",0
"GGTGTTAGTAATCACC-1",0
"GGTGTTAGTAGCAAAT-1",2.70205681886764
"GGTGTTAGTGTATGGG-1",1.96027522819815
"GGTGTTAGTTGAACTC-1",6.42079608857582
"GGTGTTATCGGACAAG-1",2.83930254977766
"GGTGTTATCGGTGTTA-1",1.84807577775508
"GGTGTTATCTACTTAC-1",7.76350489390527
"GTAACGTAGGTGACCA-1",2.52754385879707
"GTAACGTCACAGGCCT-1",3.97711192260653
"GTAACGTGTACCATCA-1",1.90862732886202
"GTAACGTGTGAGTATA-1",5.57399250475587
"GTAACGTGTTACGGAG-1",2.70002598603785
"GTAACGTGTTAGGGTG-1",1.78843389250168
"GTAACGTTCGGTCCGA-1",4.07379839984613
"GTAACGTTCTCATTCA-1",8.77808132210426
"GTAACTGAGTGGGTTG-1",8.77808132210426
"GTAACTGCAATGGAAT-1",5.08803790768923
"GTAACTGCACAGGCCT-1",6.58757008141075
"GTAACTGCAGGATCGA-1",2.5908581184642
"GTAACTGCATCGGGTC-1",4.30596777527518
"GTAACTGGTATTACCG-1",3.21191746158793
"GTAACTGTCACGGTTA-1",0
"GTAACTGTCTACTATC-1",2.70205681886764
"GTACGTAAGGTGCTTT-1",1.62957827162262
"GTACGTACAGGAATGC-1",0
"GTACGTACATGGATGG-1",1.74383018970019
"GTACGTAGTGAGTGAC-1",2.94160156539873
"GTACGTAGTTGGTAAA-1",9.91428586605687
"GTACGTATCACCTCGT-1",1.62858967852153
"GTACGTATCATCGGAT-1",0
"GTACGTATCCACTGGG-1",0
"GTACTCCAGGCAGTCA-1",2.41025919987465
"GTACTCCCAATAGCGG-1",1.37765692841824
"GTACTCCCACAGGTTT-1",5.54041584928452
"GTACTCCTCACCTTAT-1",0
"GTACTCCTCATTGCCC-1",4.38053863298699
"GTACTCCTCCTTCAAT-1",0
"GTACTTTCAGTTAACC-1",7.15655568676346
"GTACTTTCATGTCGAT-1",4.36561342502174
"GTACTTTTCCGAAGAG-1",1.65683308016806
"GTAGGCCAGCAATCTC-1",0
"GTAGGCCCATTCGACA-1",1.43313713463297
"GTAGGCCGTAACGCGA-1",0
"GTAGGCCGTAAGGGCT-1",1.46531226853977
"GTAGGCCGTACGACCC-1",3.1851572579192
"GTAGGCCGTTCAGGCC-1",7.65453798953633
"GTAGGCCGTTGATTGC-1",4.34067120931779
"GTAGGCCTCAGCACAT-1",3.39496917772129
"GTAGTCAAGAATGTGT-1",3.03356749123224
"GTAGTCAAGATGCCTT-1",0
"GTAGTCAAGGACGAAA-1",3.64010253376031
"GTAGTCAAGTGAAGAG-1",0
"GTAGTCATCGTCACGG-1",3.0514411403776
"GTAGTCATCTGAAAGA-1",1.86724712895827
"GTATCTTAGAAACCAT-1",1.79092662167429
"GTATCTTAGGCTATCT-1",3.85681729602409
"GTATCTTAGTTGTCGT-1",3.30034887623906
"GTATCTTCACACCGCA-1",4.07379839984613
"GTATCTTCACGAAGCA-1",7.10526848173103
"GTATCTTGTTCGCTAA-1",1.77650710215293
"GTATCTTTCATGCTCC-1",3.89575270652467
"GTATCTTTCATGTAGC-1",4.08294162853306
"GTATTCTAGAAACCAT-1",1.75561046564543
"GTATTCTAGACAAAGG-1",5.9523729881531
"GTATTCTCAAAGTCAA-1",1.59487838953934
"GTATTCTCAACAACCT-1",3.15360300698652
"GTATTCTCAACTTGAC-1",9.91428586605687
"GTATTCTCAATAAGCA-1",8.68939263570609
"GTATTCTCAGGGTTAG-1",0
"GTATTCTCATACTACG-1",0
"GTATTCTCATGGTAGG-1",0
"GTATTCTGTAGTGAAT-1",0
"GTATTCTGTCTAGAGG-1",0
"GTCAAGTCATATGCTG-1",1.48613350607472
"GTCAAGTCATGGTTGT-1",1.75166176372084
"GTCAAGTGTCAGCTAT-1",2.20508526988912
"GTCAAGTGTTCCACTC-1",6.07448295812764
"GTCACAAAGCCGATTT-1",0
"GTCACAAAGTGGAGTC-1",1.53507218954632
"GTCACAACAGGTGGAT-1",2.55061307869295
"GTCACAAGTAAACGCG-1",2.99051932966281
"GTCACAATCAGGATCT-1",1.88540950397076
"GTCACAATCAGTTGAC-1",3.66582019758867
"GTCACAATCATGCATG-1",5.57558634088088
"GTCACGGAGATCACGG-1",6.20516311910212
"GTCACGGCATATACCG-1",5.57055546641896
"GTCACGGGTGAGTGAC-1",0
"GTCACGGGTGTGGCTC-1",1.66442885886046
"GTCACGGTCGAGAGCA-1",1.82895755035911
"GTCACGGTCTACCTGC-1",1.44714843721857
"GTCATTTAGAGACTAT-1",3.30034887623906
"GTCATTTCACGTGAGA-1",7.0895947872679
"GTCATTTGTAGAAGGA-1",7.00451457666016
"GTCATTTGTCAGATAA-1",3.73075725056123
"GTCATTTTCCAGAGGA-1",0
"GTCCTCAAGCCCAACC-1",1.81591216229099
"GTCCTCAAGTAGATGT-1",1.91847658751164
"GTCCTCAAGTGGGCTA-1",1.71335126959398
"GTCCTCACAATCACAC-1",3.87875181570979
"GTCCTCAGTGGAAAGA-1",0
"GTCCTCATCAAAGACA-1",3.63388518260956
"GTCCTCATCGTCCGTT-1",5.51258615158669
"GTCGGGTCACTGAAGG-1",3.3150941606186
"GTCGGGTCACTTCGAA-1",2.54235776083478
"GTCGGGTCATGAAGTA-1",2.20508526988912
"GTCGGGTGTCTCACCT-1",2.96729727602234
"GTCGGGTGTGTGACGA-1",6.3225197920916
"GTCGGGTGTGTGTGCC-1",1.8280804879181
"GTCGGGTGTTACGTCA-1",0
"GTCGGGTTCTGCTGTC-1",1.8293964807525
"GTCGGGTTCTGTGCAA-1",0
"GTCGTAAAGAGATGAG-1",3.95953363080237
"GTCGTAAAGCTGCAAG-1",1.75679940136079
"GTCGTAAAGGCGACAT-1",2.93004108740853
"GTCGTAACATCACGAT-1",3.48241903274972
"GTCGTAAGTATCACCA-1",3.40867192319652
"GTCGTAATCCAAGTAC-1",0
"GTCTCGTAGACCACGA-1",0
"GTCTCGTCAGGAACGT-1",1.80098540064175
"GTCTCGTGTGGTAACG-1",1.64021460899844
"GTCTCGTGTTTGGCGC-1",6.73836573510464
"GTCTCGTTCACCGGGT-1",3.64360584513933
"GTCTCGTTCAGTGCAT-1",2.93004108740853
"GTCTTCGAGACAAGCC-1",1.75561046564543
"GTCTTCGAGGAATGGA-1",2.10596262976118
"GTCTTCGAGTCAAGCG-1",1.75442353071454
"GTCTTCGCACATGGGA-1",7.29500838670736
"GTCTTCGCACCAGGTC-1",5.9523729881531
"GTCTTCGCAGACGCAA-1",0
"GTCTTCGCATAACCTG-1",6.07448295812764
"GTCTTCGCATCGATGT-1",3.26094185814711
"GTCTTCGGTCTAGTGT-1",3.87875181570979
"GTCTTCGTCTCGATGA-1",1.91847658751164
"GTGAAGGAGAGCTGGT-1",5.0433319912669
"GTGAAGGAGATCGGGT-1",2.41025919987465
"GTGAAGGAGCCAGTTT-1",6.73836573510464
"GTGAAGGAGTGTTGAA-1",5.10124913030279
"GTGAAGGCAAAGGCGT-1",1.85486502345797
"GTGAAGGCACTTAAGC-1",2.93004108740853
"GTGAAGGCAGATTGCT-1",2.94160156539873
"GTGAAGGGTATATGGA-1",1.43313713463297
"GTGAAGGGTCTCTCTG-1",2.83930254977766
"GTGAAGGTCTCCTATA-1",3.3406398691718
"GTGCAGCAGACATAAC-1",4.3924721885946
"GTGCAGCAGTGGTCCC-1",4.30596777527518
"GTGCAGCCACATCTTT-1",6.94531167236908
"GTGCAGCGTGAGTATA-1",4.91714820642738
"GTGCAGCTCTTAGAGC-1",1.8293964807525
"GTGCATAAGGCATGGT-1",6.73836573510464
"GTGCATAGTTTGTTGG-1",0
"GTGCATATCAGAGCTT-1",8.24478378887749
"GTGCATATCATCATTC-1",4.38192261366008
"GTGCATATCTGCGTAA-1",2.46802339024753
"GTGCGGTAGCAATCTC-1",5.124280644763
"GTGCGGTAGGACAGAA-1",3.64010253376031
"GTGCGGTCAAAGGTGC-1",2.50423787950953
"GTGCGGTGTTCAGACT-1",1.87281826504998
"GTGCGGTGTTCTGTTT-1",3.50834368687975
"GTGCGGTTCATCTGCC-1",4.17838099767884
"GTGCGGTTCCAGGGCT-1",3.85681729602409
"GTGCGGTTCGGATGGA-1",3.87484792658833
"GTGCGGTTCTCGTTTA-1",5.124280644763
"GTGCGGTTCTGCTGTC-1",4.80961989691135
"GTGCTTCAGCCAGTTT-1",0
"GTGCTTCAGGATTCGG-1",4.30612185642846
"GTGCTTCAGTACACCT-1",0
"GTGCTTCCACTTAACG-1",0
"GTGCTTCCAGCTATTG-1",9.45835700333233
"GTGCTTCGTAGAGTGC-1",3.10934336315583
"GTGCTTCTCACAATGC-1",0
"GTGCTTCTCACTTCAT-1",1.30103110898363
"GTGGGTCAGACCGGAT-1",1.44714843721857
"GTGGGTCAGACTGTAA-1",4.91714820642738
"GTGGGTCAGCCGTCGT-1",0
"GTGGGTCCACCAACCG-1",2.93739836461166
"GTGGGTCCACCACCAG-1",0
"GTGTGCGAGACCGGAT-1",0
"GTGTGCGAGACTTGAA-1",0
"GTGTGCGCAGGTCGTC-1",0
"GTGTGCGGTGAGCGAT-1",1.8883604758502
"GTGTGCGTCAGTCAGT-1",6.3225197920916
"GTGTGCGTCCCTTGTG-1",6.41872164813803
"GTGTGCGTCTAACTTC-1",1.82895755035911
"GTGTTAGAGGACAGAA-1",4.3924721885946
"GTGTTAGAGGCATGGT-1",6.54156672877087
"GTGTTAGAGTGGAGAA-1",4.17838099767884
"GTGTTAGAGTTTGCGT-1",6.54926019069306
"GTGTTAGCAATGGAAT-1",0
"GTGTTAGCACCACCAG-1",0
"GTGTTAGGTGCCTGGT-1",3.30034887623906
"GTGTTAGGTGGAAAGA-1",1.66442885886046
"GTGTTAGGTTCCATGA-1",6.0501536243113
"GTGTTAGGTTGGGACA-1",5.57589536756561
"GTTAAGCAGAGCTGCA-1",1.71335126959398
"GTTAAGCAGATAGCAT-1",4.61768987683632
"GTTAAGCAGCTAACAA-1",3.03356749123224
"GTTAAGCAGGCTACGA-1",4.07379839984613
"GTTAAGCAGTGTACCT-1",3.50834368687975
"GTTAAGCAGTTTGCGT-1",1.53478654268765
"GTTAAGCCATTCACTT-1",2.77599543650027
"GTTAAGCGTACTCGCG-1",2.41025919987465
"GTTAAGCGTCTAGGTT-1",2.10596262976118
"GTTAAGCGTGGCAAAC-1",1.85486502345797
"GTTAAGCGTTGCTCCT-1",0
"GTTAAGCTCCTTTCGG-1",5.124280644763
"GTTACAGAGAGCTATA-1",1.78265118401869
"GTTACAGAGTACGATA-1",0
"GTTACAGCAGACGCCT-1",8.77808132210426
"GTTACAGCATCGGTTA-1",7.09391260636175
"GTTACAGGTATGGTTC-1",2.4327015705185
"GTTACAGGTCGACTGC-1",6.84935032242042
"GTTACAGGTCTAGGTT-1",2.50437875320082
"GTTCATTAGCGATGAC-1",4.08294162853306
"GTTCATTCATATACGC-1",0
"GTTCATTCATTGGCGC-1",0
"GTTCATTGTGCACGAA-1",4.32341449385592
"GTTCATTGTGTTAAGA-1",0
"GTTCATTGTTCAGTAC-1",1.81591216229099
"GTTCGGGAGACGACGT-1",0
"GTTCGGGAGCTAAGAT-1",0
"GTTCGGGAGTGTCTCA-1",0
"GTTCGGGGTAGGGTAC-1",0
"GTTCGGGGTGCAGGTA-1",3.1851572579192
"GTTCGGGTCCACGCAG-1",4.71021335607165
"GTTCGGGTCTACTTAC-1",1.75679940136079
"GTTCTCGAGACCACGA-1",3.02436953196198
"GTTCTCGAGCGATGAC-1",0
"GTTCTCGAGGCCATAG-1",2.46802339024753
"GTTCTCGCATCGGACC-1",0
"GTTCTCGGTAAGGGAA-1",3.37663080567064
"GTTCTCGGTAGCGTAG-1",1.70042526017336
"GTTCTCGGTCCGTGAC-1",1.46531226853977
"GTTCTCGGTGTTAAGA-1",0.967789652254861
"GTTCTCGTCAACGCTA-1",1.37765692841824
"GTTCTCGTCCTGTACC-1",4.94574847416832
"GTTTCTACAAACCTAC-1",0
"GTTTCTACAAGAAAGG-1",6.73836573510464
"GTTTCTAGTGTTGGGA-1",2.62084687112039
"GTTTCTATCCCAACGG-1",1.57150393782054
"GTTTCTATCCGTAGTA-1",4.85953354905097
"GTTTCTATCGGCATCG-1",2.5908581184642
"TAAACCGGTACTTAGC-1",1.54138858559963
"TAAACCGTCACTCTTA-1",1.457426622874
"TAAACCGTCAGGCGAA-1",2.41025919987465
"TAAACCGTCCGTTGTC-1",6.36232401199784
"TAAACCGTCTTCCTTC-1",0
"TAAGAGACAAGTTGTC-1",6.84935032242042
"TAAGAGAGTATATCCG-1",2.50423787950953
"TAAGAGATCAATCACG-1",1.8883604758502
"TAAGAGATCTAACGGT-1",2.96729727602234
"TAAGAGATCTTTCCTC-1",2.46802339024753
"TAAGCGTAGTGGACGT-1",1.59581825460255
"TAAGCGTAGTGTCTCA-1",2.54235776083478
"TAAGCGTCAGCTTCGG-1",7.94415319884353
"TAAGCGTCAGGTGGAT-1",0
"TAAGCGTGTCCTGCTT-1",1.74383018970019
"TAAGCGTGTGCCTGGT-1",1.82895755035911
"TAAGCGTGTTGTTTGG-1",0
"TAAGCGTTCCTCATTA-1",0
"TAAGCGTTCGGCGCAT-1",3.94924152928572
"TAAGCGTTCTCGCATC-1",0
"TAAGTGCAGGCTAGGT-1",1.90326544635738
"TAAGTGCAGTAGCGGT-1",0
"TAAGTGCCAACGCACC-1",5.27983974085572
"TAAGTGCCATACAGCT-1",0
"TAAGTGCGTAAACACA-1",4.38053863298699
"TAAGTGCGTCTCACCT-1",1.91847658751164
"TAAGTGCGTTCAGACT-1",3.38604408383801
"TAAGTGCTCACCCTCA-1",3.5905667453148
"TAAGTGCTCACTGGGC-1",2.81680118902279
"TAAGTGCTCTGGCGTG-1",6.07448295812764
"TACACGACACCCATTC-1",1.75679940136079
"TACACGAGTGATAAAC-1",0
"TACACGATCTGTCTCG-1",1.75166176372084
"TACAGTGAGATGCGAC-1",1.89881327590684
"TACAGTGAGCGTTGCC-1",3.38404479869863
"TACAGTGAGTGTACGG-1",0
"TACAGTGCAGGAATCG-1",1.73339425326688
"TACAGTGCAGGTGCCT-1",3.05407617635085
"TACAGTGGTACTCAAC-1",2.70205681886764
"TACAGTGGTTGGACCC-1",3.85681729602409
"TACCTATAGAGCTGGT-1",1.57150393782054
"TACCTATAGAGTTGGC-1",3.94924152928572
"TACCTATAGGCTCATT-1",0
"TACCTATAGTTAGCGG-1",1.84807577775508
"TACCTATCAAGCTGGA-1",7.76350489390527
"TACCTATGTAAATGAC-1",1.89881327590684
"TACCTATGTAGAGTGC-1",0
"TACCTATGTCACCTAA-1",1.80098540064175
"TACCTATGTGTTGAGG-1",2.50437875320082
"TACCTATGTTAAAGAC-1",1.57910175768955
"TACCTATTCTATGTGG-1",1.86355644233966
"TACCTATTCTTCCTTC-1",1.75166176372084
"TACCTTAAGAGGTTGC-1",3.44603925175626
"TACCTTAAGTCAAGCG-1",0.967789652254861
"TACCTTAAGTGGTCCC-1",0
"TACCTTACAACTGGCC-1",0
"TACCTTACAAGGGTCA-1",8.68939263570609
"TACCTTACACTCAGGC-1",0
"TACCTTACATCTACGA-1",1.74734361007703
"TACCTTAGTAGCGTCC-1",1.60911798921294
"TACCTTAGTCTCCACT-1",3.48241903274972
"TACGGATAGATGGCGT-1",1.53478654268765
"TACGGATAGGTACTCT-1",1.0201744570104
"TACGGATCAGGGATTG-1",3.97856020502302
"TACGGATCATCACCCT-1",1.81591216229099
"TACGGATGTCTAGCCG-1",0
"TACGGATTCGGTGTCG-1",2.83930254977766
"TACGGATTCTACTATC-1",5.27983974085572
"TACGGGCAGGATGCGT-1",3.85681729602409
"TACGGGCAGGGAACGG-1",2.99051932966281
"TACGGGCAGTATTGGA-1",0
"TACGGGCAGTCAAGCG-1",2.20508526988912
"TACGGGCCAAGAAGAG-1",0
"TACGGGCCACCAGATT-1",1.70042526017336
"TACGGGCCATCAGTAC-1",3.38604408383801
"TACGGGCGTAAGGGCT-1",0
"TACGGGCGTCTGATTG-1",3.40188307616716
"TACGGGCGTGATGTGG-1",3.87484792658833
"TACGGGCTCACCTTAT-1",4.14945718963423
"TACGGGCTCAGCTCTC-1",1.75442353071454
"TACGGGCTCCACGAAT-1",5.08803790768923
"TACGGGCTCCTATTCA-1",0
"TACGGGCTCGGTGTTA-1",11.5512448263846
"TACGGTAAGATATGGT-1",5.50150721097126
"TACGGTAAGCCGATTT-1",4.71021335607165
"TACGGTAAGTCATGCT-1",3.3150941606186
"TACGGTAAGTGCCATT-1",0
"TACGGTACACAGGCCT-1",1.69714008955371
"TACGGTACATTTCAGG-1",1.62957827162262
"TACGGTAGTATATCCG-1",2.96729727602234
"TACGGTAGTCACTTCC-1",6.59683241214839
"TACGGTAGTGCAGGTA-1",3.3406398691718
"TACGGTAGTGGGTATG-1",3.3406398691718
"TACGGTATCGCAGGCT-1",3.30034887623906
"TACGGTATCGGACAAG-1",2.64711637505429
"TACGGTATCGTTTATC-1",5.2630967786016
"TACTCATAGTCACGCC-1",6.54156672877087
"TACTCATCAATCTACG-1",4.54560473201208
"TACTCATCACGGTAGA-1",2.99051932966281
"TACTCATCACTTCTGC-1",1.78843389250168
"TACTCATCATCCGTGG-1",7.76350489390527
"TACTCATCATGTCGAT-1",1.75166176372084
"TACTCATGTACAGCAG-1",0
"TACTCATGTCTTCAAG-1",0
"TACTCATTCCTTTCTC-1",1.75442353071454
"TACTCGCAGGCGACAT-1",0.835512043189675
"TACTCGCGTCAGAAGC-1",1.71335126959398
"TACTCGCGTCTGATTG-1",5.56977187755364
"TACTCGCGTGTAACGG-1",1.77650710215293
"TACTCGCGTTGAGTTC-1",4.38192261366008
"TACTCGCTCAACGGGA-1",4.36561342502174
"TACTCGCTCCGAATGT-1",5.07123053626662
"TACTTACAGACTAGGC-1",3.87875181570979
"TACTTACAGCTGAACG-1",0
"TACTTACAGTACACCT-1",3.64360584513933
"TACTTACAGTACGCCC-1",4.80961989691135
"TACTTACAGTGATCGG-1",1.9462530845868
"TACTTACCAAGCCGTC-1",5.50150721097126
"TACTTACCACAGGTTT-1",5.54505653822143
"TACTTACTCGCGTTTC-1",1.457426622874
"TACTTGTAGCGATATA-1",3.0514411403776
"TACTTGTAGTAATCCC-1",0
"TACTTGTCAAACAACA-1",4.30596777527518
"TACTTGTCATGCAACT-1",4.07379839984613
"TACTTGTGTAGCACGA-1",0
"TACTTGTGTATAAACG-1",1.64021460899844
"TACTTGTGTTCCACAA-1",0
"TACTTGTTCTGCAGTA-1",1.37765692841824
"TAGACCAAGAGACGAA-1",0
"TAGACCAAGCCTCGTG-1",3.70731401063996
"TAGACCAAGTCGATAA-1",1.30103110898363
"TAGACCACAACACCCG-1",1.55686298368895
"TAGACCAGTAGATTAG-1",6.45751596648094
"TAGACCAGTTCATGGT-1",0
"TAGACCATCACTTCAT-1",0
"TAGACCATCGTCACGG-1",4.80961989691135
"TAGACCATCTCCAGGG-1",3.21191746158793
"TAGAGCTAGAATTCCC-1",3.85681729602409
"TAGAGCTAGTATTGGA-1",5.04002702933126
"TAGAGCTCACTGAAGG-1",4.78219268550805
"TAGAGCTGTACTTGAC-1",0
"TAGAGCTGTCTAAAGA-1",0
"TAGCCGGAGACTGGGT-1",3.46537241428515
"TAGCCGGAGTCCCACG-1",1.60911798921294
"TAGCCGGAGTGACATA-1",1.53478654268765
"TAGCCGGCAGCAGTTT-1",1.9462530845868
"TAGCCGGGTACAGTGG-1",6.94531167236908
"TAGCCGGGTACCATCA-1",0
"TAGCCGGGTCGCGAAA-1",1.92858778580112
"TAGCCGGTCACGACTA-1",5.57589536756561
"TAGGCATAGAACTGTA-1",3.73075725056123
"TAGGCATAGCTAGGCA-1",3.87484792658833
"TAGGCATAGTCGTACT-1",6.84935032242042
"TAGGCATAGTTTAGGA-1",0
"TAGGCATCAAGCCTAT-1",0
"TAGGCATCAGACGCAA-1",6.03981797451661
"TAGGCATGTACGAAAT-1",1.8280804879181
"TAGGCATGTCCAGTTA-1",0
"TAGGCATGTTCCACTC-1",2.64711637505429
"TAGGCATTCCCTAACC-1",1.91847658751164
"TAGGCATTCGCTAGCG-1",1.43924329833117
"TAGGCATTCGTAGATC-1",8.77808132210426
"TAGGCATTCTTCATGT-1",0
"TAGTGGTAGATCACGG-1",3.03356749123224
"TAGTGGTAGCTGTTCA-1",1.0201744570104
"TAGTGGTCAGTATAAG-1",3.87484792658833
"TAGTGGTGTAGCGTAG-1",1.94728283286729
"TAGTGGTTCAGCATGT-1",0
"TAGTGGTTCGGCGCAT-1",2.50437875320082
"TAGTGGTTCTCAAGTG-1",0
"TAGTGGTTCTGGGCCA-1",0.967789652254861
"TAGTGGTTCTTTAGTC-1",1.80098540064175
"TAGTTGGAGATAGGAG-1",2.77599543650027
"TAGTTGGCAGACGCAA-1",3.05407617635085
"TAGTTGGCATGCGCAC-1",6.04757779633341
"TAGTTGGGTATGGTTC-1",2.52754385879707
"TAGTTGGTCCGAATGT-1",1.70042526017336
"TAGTTGGTCTACTCAT-1",3.3406398691718
"TAGTTGGTCTCTAAGG-1",7.39928281568305
"TAGTTGGTCTGATACG-1",0
"TATCAGGAGAGTAAGG-1",0
"TATCAGGAGATCCGAG-1",3.85681729602409
"TATCAGGAGCAGATCG-1",1.78223992380716
"TATCAGGAGGTGCTTT-1",4.07379839984613
"TATCAGGCAACTTGAC-1",2.96729727602234
"TATCAGGCACGTTGGC-1",1.45440072228004
"TATCAGGGTCCGTTAA-1",1.46531226853977
"TATCAGGGTCTGCAAT-1",0
"TATCAGGGTTAAAGAC-1",3.40188307616716
"TATCAGGTCAAGATCC-1",0
"TATCAGGTCCACTCCA-1",5.5979114557363
"TATCAGGTCGTAGGTT-1",1.86355644233966
"TATCTCAAGAGTTGGC-1",0
"TATCTCAAGCCACCTG-1",4.0482847413382
"TATCTCAAGCGTAATA-1",0
"TATCTCAAGGCTAGCA-1",0
"TATCTCAAGTGGGCTA-1",3.1851572579192
"TATCTCACATGTCCTC-1",3.38816326738876
"TATCTCAGTAACGACG-1",1.31981576213676
"TATCTCAGTACCTACA-1",0
"TATCTCAGTACGACCC-1",5.56977187755364
"TATCTCAGTCAATGTC-1",0
"TATCTCATCAAGCCTA-1",3.25816795014415
"TATGCCCAGAAACCGC-1",5.50150721097126
"TATGCCCAGGTAGCTG-1",4.54560473201208
"TATGCCCCAATGGAAT-1",5.10124913030279
"TATGCCCCACTTAACG-1",1.64021460899844
"TATGCCCCATGTTCCC-1",0
"TATGCCCGTAGCCTCG-1",1.59487838953934
"TATGCCCGTATAGGGC-1",1.7900947443555
"TATGCCCGTATGAAAC-1",3.21041444954534
"TATGCCCGTCGCCATG-1",5.49014480172223
"TATGCCCGTGCCTTGG-1",0
"TATGCCCGTTAAGATG-1",5.9523729881531
"TATGCCCGTTGGTGGA-1",3.65072154665222
"TATGCCCGTTTAGGAA-1",1.88456240551596
"TATTACCAGAGAGCTC-1",3.46537241428515
"TATTACCAGCAAATCA-1",1.53507218954632
"TATTACCAGCCCGAAA-1",0
"TATTACCAGTATCTCG-1",0
"TATTACCCAAAGTGCG-1",5.27983974085572
"TATTACCCAGACAAGC-1",5.54041584928452
"TATTACCCAGTCAGCC-1",1.43313713463297
"TATTACCCATAAAGGT-1",1.74383018970019
"TATTACCCATCTACGA-1",0
"TATTACCGTCCAGTAT-1",3.0514411403776
"TCAACGAAGCCGATTT-1",3.5905667453148
"TCAACGAAGCGATGAC-1",2.99051932966281
"TCAACGAAGGCATGTG-1",1.82895755035911
"TCAACGAAGTAGTGCG-1",5.34818136509485
"TCAACGACACCAGGCT-1",0
"TCAACGACATGCCTTC-1",1.89881327590684
"TCAACGAGTTACCAGT-1",5.4403697639942
"TCAACGAGTTCCATGA-1",0
"TCAACGAGTTCTGGTA-1",0
"TCAACGATCAGTCCCT-1",1.77650710215293
"TCAACGATCTGTGCAA-1",1.75561046564543
"TCAATCTAGATCCCGC-1",0
"TCAATCTCACAAGCCC-1",4.07379839984613
"TCAATCTCACAGCCCA-1",4.54560473201208
"TCAATCTCATGACGGA-1",0
"TCAATCTCATTTGCTT-1",6.07448295812764
"TCAATCTGTAGTGAAT-1",5.4403697639942
"TCAATCTGTTAGATGA-1",5.19876666755202
"TCAATCTTCAGATAAG-1",1.75442353071454
"TCAATCTTCATGTCCC-1",3.3406398691718
"TCACAAGAGACTGGGT-1",1.53507218954632
"TCACAAGAGAGAGCTC-1",1.74734361007703
"TCACAAGAGGCCCTCA-1",0
"TCACAAGAGGTGGGTT-1",2.55061307869295
"TCACAAGAGTAGATGT-1",1.73339425326688
"TCACAAGCAGTATGCT-1",1.37765692841824
"TCACAAGCATAACCTG-1",4.38053863298699
"TCACAAGCATGACATC-1",5.50150721097126
"TCACAAGGTCAGATAA-1",0
"TCACAAGGTGTGGTTT-1",1.06373550709797
"TCACAAGTCATCATTC-1",0
"TCACAAGTCATGCATG-1",1.81591216229099
"TCACGAAAGCTCCTTC-1",1.86355644233966
"TCACGAAAGGTGCTTT-1",1.75442353071454
"TCACGAAAGTCTCGGC-1",0
"TCACGAACACAAGACG-1",3.11822723459182
"TCACGAACACTGTCGG-1",1.8293964807525
"TCACGAAGTGGTCCGT-1",5.04002702933126
"TCACGAAGTTGGTGGA-1",1.55686298368895
"TCACGAATCATGCAAC-1",0
"TCACGAATCCCGACTT-1",3.78773993247936
"TCACGAATCCTCGCAT-1",4.08294162853306
"TCACGAATCGTCACGG-1",0
"TCAGATGAGGTGCACA-1",0
"TCAGATGGTCTTGTCC-1",1.79092662167429
"TCAGATGGTGCCTGCA-1",3.3150941606186
"TCAGATGGTGCTGTAT-1",0
"TCAGATGTCAGTTTGG-1",4.65144769323807
"TCAGATGTCGCATGAT-1",8.24478378887749
"TCAGATGTCTCCTATA-1",0.835512043189675
"TCAGCAAAGGAGTCTG-1",6.55965792583305
"TCAGCAAAGGCTCATT-1",7.65453798953633
"TCAGCAAAGTACGACG-1",4.07379839984613
"TCAGCAAAGTGGCACA-1",2.03152515935284
"TCAGCAACACGCATCG-1",3.427694767874
"TCAGCAAGTACCGGCT-1",1.29908907764106
"TCAGCAATCAGCGATT-1",1.54138858559963
"TCAGCAATCGGAAACG-1",6.2316287679744
"TCAGCAATCTTCAACT-1",8.6783218459176
"TCAGCTCAGGTGTTAA-1",6.07448295812764
"TCAGCTCAGTATGACA-1",7.0287128499605
"TCAGCTCCAATCTGCA-1",3.03356749123224
"TCAGCTCCACGGTTTA-1",3.94924152928572
"TCAGCTCGTAATAGCA-1",1.84807577775508
"TCAGCTCGTCCGTCAG-1",0
"TCAGCTCGTTCACGGC-1",3.58155793603129
"TCAGCTCTCACGATGT-1",1.53507218954632
"TCAGCTCTCATGCATG-1",4.71021335607165
"TCAGCTCTCCTAAGTG-1",0
"TCAGCTCTCTCGTATT-1",0
"TCAGGATAGACAGAGA-1",6.07448295812764
"TCAGGATAGATATGGT-1",1.78843389250168
"TCAGGATCAAACGTGG-1",1.46531226853977
"TCAGGATCAAGTTCTG-1",0
"TCAGGATCACGGTGTC-1",6.73836573510464
"TCAGGATCACTGTGTA-1",3.40188307616716
"TCAGGATCAGCATACT-1",8.4169393755095
"TCAGGATCATCTGGTA-1",4.86451368872863
"TCAGGATGTAAGCACG-1",4.33718880640614
"TCAGGATGTGGCCCTA-1",3.66582019758867
"TCAGGATTCCGATATG-1",3.3150941606186
"TCAGGATTCTCGATGA-1",0
"TCAGGTAAGATGGCGT-1",3.93791969739005
"TCAGGTAAGTGTTTGC-1",1.79342808299749
"TCAGGTACACAAGTAA-1",5.5979114557363
"TCAGGTACACAGAGGT-1",3.40188307616716
"TCAGGTACAGCTGCTG-1",5.72400514575341
"TCAGGTAGTAAACGCG-1",4.65144769323807
"TCATTACAGAAACCAT-1",0
"TCATTACAGGAGTTGC-1",4.30596777527518
"TCATTACAGTTGCAGG-1",2.41025919987465
"TCATTACCACATCCAA-1",1.55686298368895
"TCATTACCAGTCAGCC-1",4.12141751465317
"TCATTACGTACGCACC-1",1.83335888087173
"TCATTACGTCTAGAGG-1",3.427694767874
"TCATTACGTGAAGGCT-1",0
"TCATTACGTTCTGTTT-1",3.03356749123224
"TCATTACTCATCGATG-1",3.89575270652467
"TCATTTGAGCCAGTTT-1",3.66582019758867
"TCATTTGCACGTCTCT-1",1.57150393782054
"TCATTTGCAGTTAACC-1",5.9523729881531
"TCATTTGTCCAGAGGA-1",4.12141751465317
"TCATTTGTCCCTTGCA-1",8.77808132210426
"TCATTTGTCCGTCAAA-1",1.78223992380716
"TCATTTGTCGCTAGCG-1",5.08803790768923
"TCATTTGTCGTACGGC-1",6.73836573510464
"TCATTTGTCTCTGCTG-1",5.9523729881531
"TCCACACCAAAGAATC-1",7.86111649342905
"TCCACACCACGCCAGT-1",4.97536392002484
"TCCACACGTACAGCAG-1",2.46802339024753
"TCCACACGTAGCCTAT-1",2.52754385879707
"TCCACACGTCATCGGC-1",3.0388020795772
"TCCACACGTGACCAAG-1",3.66582019758867
"TCCACACGTGCGAAAC-1",5.9523729881531
"TCCACACTCAACACCA-1",0
"TCCACACTCCAGTATG-1",1.94728283286729
"TCCACACTCCCATTTA-1",2.54235776083478
"TCCACACTCGAACTGT-1",3.64360584513933
"TCCCGATAGAAGAAGC-1",2.70002598603785
"TCCCGATAGCACAGGT-1",1.74734361007703
"TCCCGATAGCCGGTAA-1",1.71335126959398
"TCCCGATCAAGGTTCT-1",1.54138858559963
"TCCCGATCAGCCAATT-1",1.85486502345797
"TCCCGATCATCCAACA-1",1.79092662167429
"TCCCGATGTAAGGATT-1",0
"TCCCGATGTCAATACC-1",3.89575270652467
"TCCCGATTCAGAAATG-1",3.38404479869863
"TCCCGATTCAGTCCCT-1",3.93791969739005
"TCCCGATTCATCTGTT-1",2.93004108740853
"TCCCGATTCCCTAATT-1",0
"TCCCGATTCTGGAGCC-1",0
"TCGAGGCAGCGATGAC-1",1.78223992380716
"TCGAGGCAGTGTTTGC-1",0
"TCGAGGCCAAAGAATC-1",3.25816795014415
"TCGAGGCCAAGTTCTG-1",7.86111649342905
"TCGAGGCCAGTAACGG-1",3.66582019758867
"TCGAGGCGTATATCCG-1",2.10596262976118
"TCGAGGCTCGCAAGCC-1",3.38816326738876
"TCGAGGCTCTTGAGAC-1",0
"TCGAGGCTCTTTCCTC-1",2.93739836461166
"TCGCGAGAGACAAAGG-1",1.77650710215293
"TCGCGAGAGTGAATTG-1",0
"TCGCGAGCAAGCGTAG-1",7.83551615209481
"TCGCGAGCACCGAATT-1",1.61490021214288
"TCGCGAGCAGTAAGAT-1",3.38404479869863
"TCGCGAGTCCACGAAT-1",0
"TCGCGAGTCTAGCACA-1",3.0514411403776
"TCGCGAGTCTCTAGGA-1",3.50834368687975
"TCGCGAGTCTTCATGT-1",3.58155793603129
"TCGCGTTAGTGGGCTA-1",2.93739836461166
"TCGCGTTCACAGGCCT-1",0
"TCGCGTTCATCACAAC-1",1.75442353071454
"TCGCGTTCATCTCGCT-1",0
"TCGCGTTGTTCACCTC-1",0
"TCGCGTTTCAAGATCC-1",6.54156672877087
"TCGCGTTTCAGGTAAA-1",0
"TCGCGTTTCATTCACT-1",3.50178516209565
"TCGCGTTTCCTGTACC-1",5.76625112757844
"TCGCGTTTCGCCCTTA-1",3.253605783876
"TCGGGACCACACATGT-1",2.54235776083478
"TCGGGACTCCTTGCCA-1",3.64360584513933
"TCGGGACTCTGCGGCA-1",4.71021335607165
"TCGGGACTCTTGTCAT-1",3.39496917772129
"TCGGTAAAGACAGGCT-1",1.81591216229099
"TCGGTAAAGCTCAACT-1",1.43313713463297
"TCGGTAACAAGCTGAG-1",0
"TCGGTAACAGGAATGC-1",1.73339425326688
"TCGGTAAGTATATGGA-1",2.70002598603785
"TCGGTAAGTCTAGTCA-1",1.85486502345797
"TCGGTAATCCCGGATG-1",1.53507218954632
"TCGTACCAGCAGGCTA-1",1.59487838953934
"TCGTACCAGTTTCCTT-1",3.97856020502302
"TCGTACCGTTTGCATG-1",8.0551905179368
"TCGTACCTCGGGAGTA-1",1.59487838953934
"TCGTAGAAGCTAACTC-1",7.09391260636175
"TCGTAGAAGGCGACAT-1",5.50150721097126
"TCGTAGAAGGGAACGG-1",1.75166176372084
"TCGTAGAAGTCCATAC-1",5.25171970972843
"TCGTAGACAATCCAAC-1",0
"TCGTAGACACTCAGGC-1",0
"TCGTAGAGTATGAATG-1",3.85681729602409
"TCGTAGAGTGAGCGAT-1",5.54584970350429
"TCGTAGAGTGTGTGCC-1",5.72826504333395
"TCGTAGAGTTCAACCA-1",6.41872164813803
"TCGTAGAGTTCCATGA-1",2.83930254977766
"TCGTAGATCCAAGCCG-1",2.94160156539873
"TCGTAGATCTTAGCCC-1",4.92018259306503
"TCTATTGAGCGATTCT-1",3.64360584513933
"TCTATTGAGTGCCATT-1",0
"TCTATTGCACATCTTT-1",1.41376060629237
"TCTATTGGTAAGTGTA-1",1.87281826504998
"TCTATTGGTCCAACTA-1",2.93739836461166
"TCTATTGGTCTGCCAG-1",1.81591216229099
"TCTATTGGTTGCTCCT-1",3.93791969739005
"TCTATTGTCGGCGCTA-1",2.55061307869295
"TCTCATAAGCTAAACA-1",4.81448959294821
"TCTCATAAGCTAGTCT-1",1.44714843721857
"TCTCATAAGTGCCATT-1",0
"TCTCATAGTACCGGCT-1",0
"TCTCATAGTGTAAGTA-1",2.24973925508615
"TCTCATATCAAGCCTA-1",5.60417557349725
"TCTCATATCACCTTAT-1",6.94123554160948
"TCTCATATCCTGTACC-1",4.27662517807637
"TCTCTAAAGACCGGAT-1",0
"TCTCTAAAGGGTGTTG-1",2.93004108740853
"TCTCTAACAGCCTATA-1",1.86355644233966
"TCTCTAAGTCCAGTAT-1",1.46531226853977
"TCTCTAAGTCCATGAT-1",4.27662517807637
"TCTCTAAGTCTCATCC-1",0
"TCTCTAAGTGGAAAGA-1",1.32730061291753
"TCTCTAATCAAACCAC-1",0
"TCTCTAATCACAGGCC-1",2.41025919987465
"TCTCTAATCACATACG-1",4.12141751465317
"TCTCTAATCCGTAGGC-1",1.7900947443555
"TCTCTAATCGTATCAG-1",1.89881327590684
"TCTGAGACAAACCTAC-1",0.967789652254861
"TCTGAGACAGAGTGTG-1",0
"TCTGAGAGTAAGGGAA-1",4.30596777527518
"TCTGAGATCCTTGACC-1",3.50834368687975
"TCTGAGATCTATCCTA-1",5.51258615158669
"TCTGGAAAGCGATGAC-1",2.10596262976118
"TCTGGAAAGCTCTCGG-1",0
"TCTGGAAAGGAGCGAG-1",3.73075725056123
"TCTGGAACACAAGACG-1",3.1851572579192
"TCTGGAACACACTGCG-1",1.77650710215293
"TCTGGAACACTTCTGC-1",4.35883064015152
"TCTGGAAGTGAGTATA-1",1.66442885886046
"TCTTCGGAGGTTCCTA-1",4.65144769323807
"TCTTCGGAGTTCGATC-1",1.69714008955371
"TCTTCGGCAAAGCAAT-1",0
"TCTTCGGCAAAGGTGC-1",1.79092662167429
"TCTTCGGCAATAGCAA-1",0
"TCTTCGGCAATGTAAG-1",0
"TCTTCGGCACACCGAC-1",1.8280804879181
"TCTTCGGCAGCCAATT-1",3.95953363080237
"TCTTCGGGTCATTAGC-1",3.55778480200254
"TCTTCGGTCGTAGGTT-1",0
"TCTTCGGTCTCTAAGG-1",1.78265118401869
"TCTTTCCAGAGAGCTC-1",8.70281081217638
"TCTTTCCAGTCATCCA-1",5.9523729881531
"TCTTTCCCATCTCCCA-1",3.07908873046108
"TCTTTCCGTAATCACC-1",3.25816795014415
"TCTTTCCGTAGTACCT-1",7.73452725131051
"TCTTTCCTCACAACGT-1",2.93004108740853
"TCTTTCCTCAGCTGGC-1",1.8883604758502
"TCTTTCCTCCAAGTAC-1",4.91714820642738
"TCTTTCCTCCTCGCAT-1",1.53478654268765
"TGAAAGAAGCTAAGAT-1",2.24973925508615
"TGAAAGACAAGCCGTC-1",6.09061731668623
"TGAAAGACACATTCGA-1",4.39119709906582
"TGAAAGACATGAGCGA-1",1.88456240551596
"TGAAAGAGTCTAGCGC-1",1.53507218954632
"TGAAAGAGTCTCATCC-1",4.85953354905097
"TGAAAGATCCCGACTT-1",2.54235776083478
"TGAAAGATCTATGTGG-1",1.8280804879181
"TGACAACCAAGCGAGT-1",0
"TGACAACGTAGGGACT-1",2.52754385879707
"TGACAACGTGCGCTTG-1",6.51077680620042
"TGACAACGTGGTTTCA-1",0
"TGACAACTCACAAACC-1",5.54041584928452
"TGACAACTCCACGTGG-1",0
"TGACAACTCGAATGCT-1",3.38604408383801
"TGACGGCAGCGCCTCA-1",0
"TGACGGCAGGCTCAGA-1",1.69423300438744
"TGACGGCAGTCAAGCG-1",2.54235776083478
"TGACGGCCACAGACTT-1",1.77650710215293
"TGACGGCGTCATCCCT-1",0
"TGACGGCTCAGGCGAA-1",9.60396199351735
"TGACGGCTCCACTGGG-1",5.36402026380496
"TGACTAGAGACCCACC-1",1.5240247353639
"TGACTAGAGGGCATGT-1",4.95926107166495
"TGACTAGAGTCTCAAC-1",3.39496917772129
"TGACTAGAGTTGAGAT-1",0
"TGACTAGCAGCATACT-1",5.26788888500991
"TGACTAGCAGTCAGAG-1",1.8883604758502
"TGACTAGCATTTCACT-1",0
"TGACTAGGTAAATACG-1",3.40188307616716
"TGACTAGGTGAAAGAG-1",3.66582019758867
"TGACTAGGTGCAGTAG-1",3.40188307616716
"TGACTAGTCATGCATG-1",3.03906431179278
"TGACTAGTCCATGCTC-1",3.31360499264804
"TGACTAGTCTGTTGAG-1",5.76625112757844
"TGACTTTAGAACAATC-1",1.29908907764106
"TGACTTTAGTCTCGGC-1",0
"TGACTTTAGTTAGGTA-1",2.86336900900946
"TGACTTTCAGTCCTTC-1",1.77650710215293
"TGACTTTCATTATCTC-1",1.69423300438744
"TGACTTTGTCACACGC-1",7.4434734408114
"TGACTTTTCCTCAATT-1",0
"TGACTTTTCTGCCCTA-1",5.04002702933126
"TGAGAGGAGGCTCATT-1",0
"TGAGAGGCAAAGTCAA-1",6.07448295812764
"TGAGAGGCAAGCCATT-1",0
"TGAGAGGCACCATGTA-1",0
"TGAGAGGGTCACTGGC-1",0
"TGAGAGGGTCTAAACC-1",3.89575270652467
"TGAGAGGTCGAACTGT-1",3.5905667453148
"TGAGAGGTCGCGTTTC-1",0
"TGAGAGGTCTGACCTC-1",7.09391260636175
"TGAGCATAGAAACGAG-1",1.58926704261798
"TGAGCATAGAAGCCCA-1",0
"TGAGCATAGATGTCGG-1",6.73836573510464
"TGAGCATAGGAATGGA-1",1.87281826504998
"TGAGCATCACCAGGCT-1",4.85953354905097
"TGAGCATCAGATGAGC-1",1.58926704261798
"TGAGCATCAGCGTAAG-1",5.54041584928452
"TGAGCATCAGCTGTAT-1",2.46802339024753
"TGAGCATGTGGCCCTA-1",0
"TGAGCATTCCACGTTC-1",1.43313713463297
"TGAGCATTCCGATATG-1",1.61490021214288
"TGAGCATTCGGCCGAT-1",4.13374762449608
"TGAGCCGCATCGGGTC-1",1.61490021214288
"TGAGCCGGTCGAACAG-1",4.71021335607165
"TGAGCCGGTGTAATGA-1",3.64010253376031
"TGAGCCGGTTGATTCG-1",3.66582019758867
"TGAGCCGTCATCTGCC-1",3.87484792658833
"TGAGCCGTCGTCACGG-1",0
"TGAGCCGTCTTGAGGT-1",3.11822723459182
"TGAGGGAAGAGACTAT-1",3.427694767874
"TGAGGGAAGGAGTACC-1",0
"TGAGGGAAGTCATCCA-1",2.41025919987465
"TGAGGGAAGTCATGCT-1",7.94415319884353
"TGAGGGACACCAGTTA-1",0
"TGAGGGACATAAGACA-1",4.2819973441281
"TGAGGGAGTAAACGCG-1",0.899236510835915
"TGAGGGAGTTAGGGTG-1",5.2630967786016
"TGAGGGATCAACGGGA-1",0
"TGAGGGATCTAGCACA-1",0
"TGAGGGATCTCTTATG-1",1.71335126959398
"TGATTTCCATCCGGGT-1",6.30187601229891
"TGATTTCGTAGGCATG-1",2.70002598603785
"TGATTTCGTTAAGACA-1",0
"TGATTTCTCTGATTCT-1",0
"TGCACCTAGACCTTTG-1",0
"TGCACCTAGGACGAAA-1",0
"TGCACCTCAAGTTGTC-1",0.835512043189675
"TGCACCTCAATAGAGT-1",3.02436953196198
"TGCACCTCATCCGGGT-1",3.50178516209565
"TGCACCTGTAATCACC-1",0
"TGCACCTGTCACACGC-1",0
"TGCACCTTCACGGTTA-1",3.38816326738876
"TGCACCTTCATCGGAT-1",1.5240247353639
"TGCACCTTCCGCGGTA-1",2.41025919987465
"TGCACCTTCGAACTGT-1",3.38604408383801
"TGCACCTTCTCTTGAT-1",0
"TGCCAAACAATGTAAG-1",1.75166176372084
"TGCCAAACAATTCCTT-1",5.50150721097126
"TGCCAAAGTTCGCGAC-1",0.835512043189675
"TGCCAAATCCAAACTG-1",0.967789652254861
"TGCCAAATCCCTGACT-1",8.24478378887749
"TGCCAAATCGGCGGTT-1",3.253605783876
"TGCCCATAGACTAGGC-1",5.29483770523168
"TGCCCATAGCGTCAAG-1",0
"TGCCCATAGCGTGAAC-1",1.53478654268765
"TGCCCATAGCTGTTCA-1",0
"TGCCCATAGGATGGAA-1",3.64360584513933
"TGCCCATAGTACGCCC-1",2.94160156539873
"TGCCCATAGTTGAGTA-1",9.45835700333233
"TGCCCATCACCAGGTC-1",2.86336900900946
"TGCCCATCACGAAATA-1",6.41872164813803
"TGCCCATCAGGACGTA-1",3.42459944131601
"TGCCCATCATGGAATA-1",1.75679940136079
"TGCCCATCATGGATGG-1",7.4434734408114
"TGCCCATGTAGCCTCG-1",4.17838099767884
"TGCCCATTCAAACCGT-1",0
"TGCCCATTCAGGCCCA-1",0
"TGCCCATTCCTTCAAT-1",0
"TGCCCATTCGGAAATA-1",5.07123053626662
"TGCCCTAAGGTCGGAT-1",0
"TGCCCTAAGGTTCCTA-1",2.70002598603785
"TGCCCTACACCACCAG-1",3.95953363080237
"TGCCCTACAGCCACCA-1",3.63388518260956
"TGCCCTACAGTGAGTG-1",1.7615752705669
"TGCCCTAGTCCGAGTC-1",1.43313713463297
"TGCCCTAGTGGTTTCA-1",0
"TGCCCTAGTTTCGCTC-1",0
"TGCCCTATCGACGGAA-1",5.57055546641896
"TGCCCTATCTTCGGTC-1",5.08803790768923
"TGCGCAGAGACTAGGC-1",3.40188307616716
"TGCGCAGAGCACACAG-1",6.95643706042802
"TGCGCAGAGCGTCTAT-1",6.13932665614691
"TGCGCAGAGGAGCGAG-1",1.62957827162262
"TGCGCAGCAAACGTGG-1",3.40188307616716
"TGCGCAGCAGCTCGCA-1",3.427694767874
"TGCGCAGCAGTAGAGC-1",3.89575270652467
"TGCGCAGTCCTACAGA-1",1.82895755035911
"TGCGGGTAGAGACTTA-1",2.93004108740853
"TGCGGGTAGATCGATA-1",4.65144769323807
"TGCGGGTAGCTCTCGG-1",3.64360584513933
"TGCGGGTAGGTGTGGT-1",1.75561046564543
"TGCGGGTAGTACTTGC-1",0
"TGCGGGTCAATGGAAT-1",4.0482847413382
"TGCGGGTCACACGCTG-1",1.7900947443555
"TGCGGGTCATTGGGCC-1",1.8293964807525
"TGCGGGTGTAGAAAGG-1",3.03906431179278
"TGCGGGTGTCACCTAA-1",3.87484792658833
"TGCGGGTGTCAGATAA-1",0
"TGCGGGTGTTAGAACA-1",0
"TGCGGGTTCAGTTCGA-1",0
"TGCGGGTTCGTAGATC-1",0
"TGCGGGTTCTCTTGAT-1",4.17838099767884
"TGCGTGGAGACGCAAC-1",0
"TGCGTGGAGACTGGGT-1",4.91714820642738
"TGCGTGGCAATTCCTT-1",7.94415319884353
"TGCGTGGGTGCACCAC-1",0
"TGCGTGGTCCGCGCAA-1",0
"TGCGTGGTCGCCCTTA-1",9.91428586605687
"TGCGTGGTCTGGCGAC-1",1.64323655240376
"TGCTACCAGAAAGTGG-1",0
"TGCTACCAGATGGCGT-1",0
"TGCTACCAGCAAATCA-1",1.80098540064175
"TGCTACCAGTCCGTAT-1",1.84807577775508
"TGCTACCCAAGAGGCT-1",0
"TGCTACCCACTTAACG-1",1.48613350607472
"TGCTACCCATCGTCGG-1",1.0201744570104
"TGCTACCCATGGTTGT-1",4.07379839984613
"TGCTACCGTGTGACGA-1",2.55061307869295
"TGCTACCTCCTCGCAT-1",1.53507218954632
"TGCTACCTCTTCTGGC-1",5.34723645220354
"TGCTGCTAGACTAAGT-1",3.87875181570979
"TGCTGCTAGGTGATAT-1",1.60911798921294
"TGCTGCTCAATAGAGT-1",0
"TGCTGCTCACAGACAG-1",1.46531226853977
"TGCTGCTCATCCCATC-1",2.41025919987465
"TGCTGCTCATGGTTGT-1",0.899236510835915
"TGCTGCTGTCATACTG-1",0
"TGCTGCTGTGAAGGCT-1",4.42480520293967
"TGCTGCTTCATTGCGA-1",1.85851196975552
"TGGACGCAGAGGTACC-1",2.86336900900946
"TGGACGCAGTCAAGGC-1",0
"TGGACGCCACAGAGGT-1",1.69423300438744
"TGGACGCCATGGTAGG-1",0
"TGGACGCGTCCGAACC-1",4.80961989691135
"TGGACGCGTCTCCCTA-1",0
"TGGCCAGAGAAGGTGA-1",1.46967931789398
"TGGCCAGAGAGTACAT-1",0
"TGGCCAGAGGCGATAC-1",2.70002598603785
"TGGCCAGAGGCGTACA-1",1.86724712895827
"TGGCCAGCAACTGCGC-1",0
"TGGCCAGCACGACTCG-1",3.48241903274972
"TGGCCAGGTCAATACC-1",8.0551905179368
"TGGCCAGTCGTAGATC-1",3.40188307616716
"TGGCCAGTCTATCCCG-1",6.84935032242042
"TGGCGCAAGCTACCTA-1",1.86355644233966
"TGGCGCAAGCTATGCT-1",1.75679940136079
"TGGCGCAAGTGTGGCA-1",0
"TGGCGCAAGTTACCCA-1",0.899236510835915
"TGGCGCACACAGGCCT-1",8.4169393755095
"TGGCGCACACGGATAG-1",6.07448295812764
"TGGCGCACAGCGATCC-1",3.3406398691718
"TGGCGCACATAGGATA-1",0
"TGGCGCAGTACTCTCC-1",5.50150721097126
"TGGCGCAGTGGACGAT-1",2.83930254977766
"TGGCGCAGTTATGTGC-1",3.07908873046108
"TGGCGCATCAAGAAGT-1",8.0551905179368
"TGGCGCATCATGCTCC-1",1.57150393782054
"TGGCGCATCATGTGGT-1",0
"TGGCGCATCATTATCC-1",1.80098540064175
"TGGCGCATCGTGGTCG-1",3.64360584513933
"TGGCTGGAGCGGATCA-1",1.73339425326688
"TGGCTGGAGTGCAAGC-1",1.5240247353639
"TGGCTGGCAAGTTAAG-1",4.26155519744861
"TGGCTGGCACGGATAG-1",2.54235776083478
"TGGCTGGCAGGAACGT-1",0
"TGGCTGGGTCGAGTTT-1",3.94924152928572
"TGGCTGGGTCGGCATC-1",5.124280644763
"TGGCTGGGTCTAGCCG-1",1.82895755035911
"TGGCTGGGTTACGCGC-1",3.38604408383801
"TGGCTGGGTTGGACCC-1",1.8883604758502
"TGGCTGGTCTCGTTTA-1",0
"TGGGAAGAGATATACG-1",2.86336900900946
"TGGGAAGAGCCCAATT-1",1.75679940136079
"TGGGAAGAGCGCTCCA-1",1.86724712895827
"TGGGAAGAGGGCTTCC-1",0
"TGGGAAGAGTAAGTAC-1",2.83930254977766
"TGGGAAGAGTTAACGA-1",3.94924152928572
"TGGGAAGCAAGGTGTG-1",0
"TGGGAAGCAGATCCAT-1",5.29483770523168
"TGGGAAGCAGCGAACA-1",1.91847658751164
"TGGGAAGGTAAGTTCC-1",4.91714820642738
"TGGGAAGGTTAGATGA-1",0
"TGGGAAGGTTATTCTC-1",5.50150721097126
"TGGGAAGTCCCAAGAT-1",1.7399468934154
"TGGGAAGTCCTTCAAT-1",5.54041584928452
"TGGGAAGTCGTGGACC-1",0
"TGGGAAGTCTCCTATA-1",2.5908581184642
"TGGGCGTAGTCTCCTC-1",1.68415373591483
"TGGGCGTCAGACGTAG-1",0
"TGGGCGTCAGGGATTG-1",1.53478654268765
"TGGGCGTGTCCAAGTT-1",2.10596262976118
"TGGGCGTGTCTAGAGG-1",4.95926107166495
"TGGGCGTGTGGCTCCA-1",8.68939263570609
"TGGGCGTGTTTCGCTC-1",0
"TGGGCGTTCAGCTTAG-1",1.75679940136079
"TGGTTAGAGCTACCTA-1",1.69423300438744
"TGGTTAGAGTTAGGTA-1",0
"TGGTTAGGTGATGATA-1",0
"TGGTTAGGTTCACGGC-1",4.71021335607165
"TGGTTAGTCCCGACTT-1",3.94924152928572
"TGGTTAGTCTTGTATC-1",3.38816326738876
"TGGTTCCAGCCGTCGT-1",1.69423300438744
"TGGTTCCAGTAATCCC-1",0
"TGGTTCCCAAGTTGTC-1",3.11822723459182
"TGGTTCCCAGACAAAT-1",3.38816326738876
"TGGTTCCCAGACAGGT-1",1.60911798921294
"TGGTTCCCAGCTCGAC-1",6.54926019069306
"TGGTTCCCATGTCCTC-1",1.5240247353639
"TGGTTCCCATTTCACT-1",3.21191746158793
"TGGTTCCGTCCAAGTT-1",8.77808132210426
"TGGTTCCTCACATACG-1",4.91714820642738
"TGGTTCCTCAGCTTAG-1",2.50437875320082
"TGGTTCCTCTAACTTC-1",0
"TGGTTCCTCTAGAGTC-1",0
"TGGTTCCTCTGGGCCA-1",1.7615752705669
"TGTATTCAGCCCGAAA-1",1.78265118401869
"TGTATTCAGCGATCCC-1",0
"TGTATTCCAGGGCATA-1",0
"TGTATTCGTAAGAGAG-1",1.86355644233966
"TGTATTCGTTTGTTTC-1",1.81591216229099
"TGTATTCTCAGCATGT-1",0
"TGTATTCTCATCTGTT-1",3.39496917772129
"TGTCCCAAGCAGATCG-1",2.83930254977766
"TGTCCCAAGCTAGTTC-1",1.8883604758502
"TGTCCCAAGCTGAACG-1",1.62138413570584
"TGTCCCAAGTTGTCGT-1",0
"TGTCCCACAGTAAGCG-1",0
"TGTCCCACATCACGTA-1",5.57399250475587
"TGTCCCAGTAAGAGGA-1",1.43924329833117
"TGTCCCAGTAAGTGGC-1",3.87484792658833
"TGTCCCAGTCGGATCC-1",0
"TGTCCCATCATTTGGG-1",3.44603925175626
"TGTCCCATCTGCAAGT-1",7.10526848173103
"TGTCCCATCTGCGTAA-1",3.03356749123224
"TGTGGTAGTCCCGACA-1",7.94415319884353
"TGTGGTAGTGTGAAAT-1",4.93031708034803
"TGTGGTAGTGTGACGA-1",3.64010253376031
"TGTGGTATCCAGGGCT-1",2.06042627556635
"TGTGGTATCTTGCATT-1",3.66582019758867
"TGTGTTTAGAGGTTAT-1",2.5908581184642
"TGTGTTTAGCGTGAGT-1",0
"TGTGTTTAGTGCGTGA-1",1.79092662167429
"TGTGTTTCATGCGCAC-1",6.42079608857582
"TGTGTTTTCTCATTCA-1",0
"TGTGTTTTCTTTCCTC-1",1.80098540064175
"TGTTCCGAGAGCAATT-1",0
"TGTTCCGAGCAACGGT-1",3.38604408383801
"TGTTCCGAGGAATTAC-1",1.44714843721857
"TGTTCCGAGGACTGGT-1",0
"TGTTCCGCAGTGAGTG-1",0
"TGTTCCGGTGAGTATA-1",6.07448295812764
"TGTTCCGTCAAGCCTA-1",3.95953363080237
"TGTTCCGTCAGTTCGA-1",6.94531167236908
"TGTTCCGTCGGCGGTT-1",3.20219449879405
"TGTTCCGTCTGAAAGA-1",3.5905667453148
"TGTTCCGTCTGGTATG-1",2.10596262976118
"TTAACTCAGTGTACGG-1",2.62084687112039
"TTAACTCCAAGCGCTC-1",3.03356749123224
"TTAACTCCAGGCAGTA-1",0
"TTAACTCGTTCCACAA-1",1.62858967852153
"TTAACTCTCATAAAGG-1",3.39496917772129
"TTAACTCTCCCTCAGT-1",0
"TTAGGACAGCAGGCTA-1",0.743722778171168
"TTAGGACAGCTCTCGG-1",2.46802339024753
"TTAGGACCAAGCCATT-1",0
"TTAGGACCAGTCAGAG-1",0
"TTAGGACGTTTGTTTC-1",9.91428586605687
"TTAGGCAAGAAGATTC-1",1.61490021214288
"TTAGGCAAGAGCCCAA-1",0
"TTAGGCAAGAGTGACC-1",5.54041584928452
"TTAGGCAAGGTTCCTA-1",5.0433319912669
"TTAGGCAAGTCGTTTG-1",3.21041444954534
"TTAGGCAAGTGTACCT-1",0.835512043189675
"TTAGGCACAGACGCTC-1",0
"TTAGGCACATGTTCCC-1",2.86336900900946
"TTAGGCAGTAAGGATT-1",1.86724712895827
"TTAGGCAGTAAGTAGT-1",1.75679940136079
"TTAGGCAGTCTTGATG-1",2.54235776083478
"TTAGGCATCACGCATA-1",2.76696419935533
"TTAGGCATCAGTCAGT-1",0.835512043189675
"TTAGGCATCCAGTATG-1",0
"TTAGGCATCGTTACGA-1",2.50437875320082
"TTAGTTCAGGTGCAAC-1",5.12835657250993
"TTAGTTCCAATGTAAG-1",0
"TTAGTTCCATCCTTGC-1",1.43924329833117
"TTAGTTCGTAGCCTAT-1",3.31360499264804
"TTAGTTCGTGCAGACA-1",3.89575270652467
"TTAGTTCGTGTCAATC-1",4.97536392002484
"TTAGTTCGTTGCCTCT-1",3.98194760916281
"TTAGTTCTCAGGCCCA-1",3.66582019758867
"TTAGTTCTCGCAGGCT-1",4.85953354905097
"TTAGTTCTCTACTATC-1",0
"TTATGCTAGAATGTGT-1",1.48613350607472
"TTATGCTAGCACACAG-1",1.43313713463297
"TTATGCTAGCAGCCTC-1",4.38192261366008
"TTATGCTAGTCCCACG-1",0
"TTATGCTCAGCCAGAA-1",3.39496917772129
"TTATGCTCATACCATG-1",1.75561046564543
"TTATGCTCATGTAGTC-1",1.87281826504998
"TTATGCTGTCCGAGTC-1",5.07123053626662
"TTATGCTTCGATAGAA-1",7.00451457666016
"TTCCCAGAGAATTCCC-1",5.54041584928452
"TTCCCAGAGACTAGAT-1",3.10934336315583
"TTCCCAGAGTATCGAA-1",5.04002702933126
"TTCCCAGCAGATGGGT-1",3.48241903274972
"TTCCCAGCATCAGTAC-1",3.427694767874
"TTCCCAGCATCTCCCA-1",1.75166176372084
"TTCCCAGCATTACCTT-1",3.6410348193075
"TTCCCAGTCAACACTG-1",1.96027522819815
"TTCCCAGTCGAGAGCA-1",2.55061307869295
"TTCGAAGAGTCTCAAC-1",4.54560473201208
"TTCGAAGCAAGCGCTC-1",3.1658900702495
"TTCGAAGCACATTAGC-1",6.07448295812764
"TTCGAAGCACGGTGTC-1",0
"TTCGGTCAGAGGACGG-1",0
"TTCGGTCAGCACACAG-1",2.52754385879707
"TTCGGTCAGGCCCTCA-1",0
"TTCGGTCAGTGAATTG-1",6.07448295812764
"TTCGGTCAGTTGAGAT-1",1.88540950397076
"TTCGGTCCAAGGGTCA-1",2.99051932966281
"TTCGGTCCACGTCAGC-1",4.85472757508034
"TTCGGTCGTAACGTTC-1",6.54156672877087
"TTCGGTCGTAGAGTGC-1",6.51077680620042
"TTCGGTCGTTCATGGT-1",2.06042627556635
"TTCGGTCGTTCTGTTT-1",0
"TTCGGTCTCAAAGACA-1",4.38053863298699
"TTCGGTCTCCAGTATG-1",5.26788888500991
"TTCGGTCTCGCGTTTC-1",4.08294162853306
"TTCGGTCTCGTCTGAA-1",5.76625112757844
"TTCTACAAGACTAAGT-1",0.967789652254861
"TTCTACAAGCAGCCTC-1",3.87484792658833
"TTCTACAAGCCTTGAT-1",1.82895755035911
"TTCTACAAGGCAGGTT-1",0
"TTCTACAAGGTAAACT-1",2.41025919987465
"TTCTACAAGTTAGGTA-1",4.35883064015152
"TTCTACACACGTGAGA-1",6.84935032242042
"TTCTACACAGCTGTTA-1",1.71335126959398
"TTCTACACATCGATTG-1",1.87281826504998
"TTCTACACATTACGAC-1",2.94160156539873
"TTCTACAGTACCGTTA-1",5.34731287239482
"TTCTACAGTATATGAG-1",2.96729727602234
"TTCTACAGTGGCTCCA-1",0
"TTCTACATCAACGGGA-1",4.54560473201208
"TTCTACATCCGCGTTT-1",1.9365404041865
"TTCTCAAAGAAAGTGG-1",5.72826504333395
"TTCTCAAAGAATCTCC-1",1.88540950397076
"TTCTCAAAGAGGTTAT-1",2.70002598603785
"TTCTCAAAGCAGCCTC-1",1.64323655240376
"TTCTCAAAGCCGCCTA-1",1.80098540064175
"TTCTCAAAGTCAATAG-1",8.68939263570609
"TTCTCAAAGTTGAGAT-1",0
"TTCTCAACACCCAGTG-1",1.91847658751164
"TTCTCAACATTGTGCA-1",2.50423787950953
"TTCTCAAGTATAAACG-1",1.59487838953934
"TTCTCAAGTCCCTTGT-1",5.2630967786016
"TTCTCAAGTCGAGATG-1",6.30187601229891
"TTCTCAATCATCGCTC-1",0
"TTCTCAATCCCTAACC-1",3.95953363080237
"TTCTCAATCGTAGGAG-1",6.42079608857582
"TTCTCCTAGAGTAAGG-1",4.3924721885946
"TTCTCCTAGCGACGTA-1",6.73836573510464
"TTCTCCTAGCGTGAGT-1",4.35883064015152
"TTCTCCTAGTCTCGGC-1",0
"TTCTCCTCAACACGCC-1",0
"TTCTCCTCAATAACGA-1",4.35883064015152
"TTCTCCTGTTAAGAAC-1",6.41872164813803
"TTCTCCTTCAGTTCGA-1",1.7900947443555
"TTCTCCTTCCGTAGGC-1",0.899236510835915
"TTCTCCTTCCTTTCTC-1",6.94531167236908
"TTCTCCTTCTGCAAGT-1",1.87281826504998
"TTCTCCTTCTTCAACT-1",3.85681729602409
"TTCTCCTTCTTGTACT-1",3.427694767874
"TTCTTAGAGGACTGGT-1",5.60417557349725
"TTCTTAGCAAGGTGTG-1",0
"TTCTTAGCATCGGAAG-1",0
"TTCTTAGGTAGAAGGA-1",2.50437875320082
"TTCTTAGGTCATATGC-1",3.94924152928572
"TTCTTAGTCAGTTCGA-1",0
"TTGAACGGTCACTTCC-1",3.5905667453148
"TTGAACGTCATGTCCC-1",1.0201744570104
"TTGACTTAGCCACGTC-1",0
"TTGACTTAGCGACGTA-1",7.65453798953633
"TTGACTTAGTTAACGA-1",6.3225197920916
"TTGACTTCACTTACGA-1",3.03906431179278
"TTGACTTGTCTCTCTG-1",0
"TTGACTTGTGCGATAG-1",5.04002702933126
"TTGACTTTCCAGAGGA-1",1.46531226853977
"TTGACTTTCTGTCCGT-1",7.03857457583053
"TTGCCGTAGGAGCGTT-1",1.54138858559963
"TTGCCGTAGGTGGGTT-1",1.80098540064175
"TTGCCGTCATGGTCAT-1",0
"TTGCGTCAGACAGAGA-1",5.4403697639942
"TTGCGTCAGCTCCTTC-1",0
"TTGCGTCAGTCCATAC-1",1.43313713463297
"TTGCGTCAGTGAATTG-1",0
"TTGCGTCCAAATTGCC-1",0
"TTGCGTCCACTGTGTA-1",2.54235776083478
"TTGCGTCCAGTCACTA-1",1.53507218954632
"TTGCGTCGTCTGATTG-1",3.66582019758867
"TTGGAACAGCCCAATT-1",2.99051932966281
"TTGGAACAGCGTCTAT-1",1.92858778580112
"TTGGAACAGGCGTACA-1",0
"TTGGAACGTATTACCG-1",0
"TTGGAACTCCCATTAT-1",4.17838099767884
"TTGGAACTCCGTAGTA-1",1.55686298368895
"TTGGAACTCGTCCAGG-1",5.60417557349725
"TTGGCAAAGTTAGGTA-1",5.72826504333395
"TTGGCAAGTATAGGTA-1",4.08294162853306
"TTGGCAATCACATGCA-1",4.85472757508034
"TTGGCAATCAGAGCTT-1",3.427694767874
"TTGGCAATCGCATGAT-1",4.81448959294821
"TTGGCAATCTAGAGTC-1",3.48241903274972
"TTGTAGGAGGTGCTAG-1",4.38192261366008
"TTGTAGGCACACGCTG-1",3.59980123703202
"TTGTAGGGTCTCCCTA-1",1.68415373591483
"TTGTAGGGTGGTAACG-1",1.7900947443555
"TTGTAGGTCGGCGCTA-1",5.54041584928452
"TTGTAGGTCTGCCAGG-1",0
"TTTACTGAGATCACGG-1",1.8293964807525
"TTTACTGCAAAGCAAT-1",3.94924152928572
"TTTACTGCACATGGGA-1",6.54156672877087
"TTTACTGCACCACGTG-1",2.86336900900946
"TTTACTGCATGGGACA-1",1.86724712895827
"TTTACTGCATGTCCTC-1",3.94924152928572
"TTTACTGGTAACGTTC-1",5.54584970350429
"TTTACTGGTGGTGTAG-1",1.96027522819815
"TTTACTGGTTCGCTAA-1",1.54138858559963
"TTTACTGTCTGGAGCC-1",2.30934445269614
"TTTATGCAGACTGTAA-1",0
"TTTATGCAGATGCGAC-1",0
"TTTATGCAGGCAAAGA-1",2.46802339024753
"TTTATGCAGGCCCGTT-1",3.31163550402068
"TTTATGCAGTTCCACA-1",0
"TTTATGCCAAACGCGA-1",3.72911173389274
"TTTATGCCAATCTGCA-1",5.54505653822143
"TTTATGCCACAGGTTT-1",2.70002598603785
"TTTATGCCAGCCAATT-1",6.25837514775797
"TTTATGCCAGGTCGTC-1",3.62256528668081
"TTTATGCCATGGTCAT-1",4.13132311662881
"TTTATGCTCACATAGC-1",2.81680118902279
"TTTATGCTCACCTTAT-1",8.32316782229849
"TTTATGCTCGGCGGTT-1",0
"TTTATGCTCTCGCTTG-1",1.46531226853977
"TTTCCTCAGCGTGAAC-1",9.83614594288128
"TTTCCTCAGGACTGGT-1",4.61768987683632
"TTTCCTCCAAAGTGCG-1",6.42079608857582
"TTTCCTCCAGGAATGC-1",2.10596262976118
"TTTCCTCCATTAGCCA-1",3.38604408383801
"TTTCCTCGTCCGAAGA-1",3.0514411403776
"TTTCCTCGTCGCTTTC-1",3.26094185814711
"TTTCCTCTCGGCCGAT-1",0
"TTTCCTCTCGTGTAGT-1",1.80098540064175
"TTTGCGCAGCTAAACA-1",1.55686298368895
"TTTGCGCAGCTAGTCT-1",3.89575270652467
"TTTGCGCAGGCCGAAT-1",0
"TTTGCGCAGTCAAGGC-1",2.20508526988912
"TTTGCGCCAAGTAGTA-1",3.89575270652467
"TTTGCGCCAGGTGCCT-1",6.94531167236908
"TTTGCGCGTCTAAACC-1",3.89575270652467
"TTTGCGCTCAAAGTAG-1",4.95926107166495
"TTTGCGCTCATGTAGC-1",3.0514411403776
"TTTGGTTAGAATGTGT-1",0
"TTTGGTTAGACAATAC-1",2.99051932966281
"TTTGGTTAGCGATTCT-1",3.07908873046108
"TTTGGTTAGGCTCAGA-1",0
"TTTGGTTAGTTACCCA-1",2.41025919987465
"TTTGGTTCAAACTGCT-1",4.85953354905097
"TTTGGTTCAAGCTGTT-1",6.04757779633341
"TTTGGTTCAGATCGGA-1",2.41025919987465
"TTTGGTTCATCACAAC-1",2.93739836461166
"TTTGGTTGTACTTCTT-1",4.85953354905097
"TTTGGTTGTATGCTTG-1",3.37663080567064
"TTTGGTTGTGCTTCTC-1",3.46392406319852
"TTTGGTTTCATGCTCC-1",4.35883064015152
"TTTGGTTTCCCTGACT-1",0
"TTTGTCAAGAGTCGGT-1",3.61645167311815
"TTTGTCACAAGTTCTG-1",5.51276846290019
"TTTGTCACAAGTTGTC-1",4.12141751465317
"TTTGTCATCACCTTAT-1",5.53211307726752
"TTTGTCATCCATTCTA-1",1.53478654268765
"TTTGTCATCCTTAATC-1",2.83205287220179
"TTTGTCATCTTATCTG-1",0
