"cell_barcode","expression"
"AAACCTGAGACAGAGA-1",21.2219757022412
"AAACCTGAGACTTTCG-1",24.7899486494577
"AAACCTGAGAGTAAGG-1",13.1723946461415
"AAACCTGAGAGTCGGT-1",5.70656813221831
"AAACCTGAGGATGGAA-1",2.5855012251463
"AAACCTGAGTAGATGT-1",6.83719291251417
"AAACCTGCAATCAGAA-1",17.0103611449146
"AAACCTGCACCGATAT-1",6.26914224474028
"AAACCTGCAGACGTAG-1",2.85483326089071
"AAACCTGCAGTATCTG-1",12.7139265273417
"AAACCTGCATAGTAAG-1",11.7691462358952
"AAACCTGCATGAACCT-1",19.4348749897764
"AAACCTGGTAAGAGGA-1",3.35091264200698
"AAACCTGGTCCAACTA-1",40.4621617986895
"AAACCTGTCCGTAGTA-1",13.9183492097178
"AAACCTGTCGAGAGCA-1",13.6771779576637
"AAACGGGAGTACGACG-1",1.97296240954775
"AAACGGGCAAGGTTTC-1",17.966127796434
"AAACGGGCACGTCAGC-1",19.8393840092339
"AAACGGGCAGCGTTCG-1",19.7456280087805
"AAACGGGGTAGCCTCG-1",32.5759377236261
"AAACGGGGTCTACCTC-1",22.6644025486645
"AAACGGGGTGCGGTAA-1",17.4585547277004
"AAACGGGGTTGTCGCG-1",2.85483326089071
"AAACGGGTCCATGAGT-1",0
"AAACGGGTCCCAACGG-1",34.6996997206396
"AAACGGGTCCCATTAT-1",9.71696489249194
"AAAGATGCAGTCAGCC-1",13.98534945101
"AAAGATGCATCTACGA-1",3.99968399906478
"AAAGCAAAGCGTCTAT-1",13.3685785126689
"AAAGCAACATGTCGAT-1",15.5309448829795
"AAAGCAAGTAGCTGCC-1",17.0514732204847
"AAAGCAAGTAGGCATG-1",18.4383978011714
"AAAGCAAGTGCGCTTG-1",8.72182076698973
"AAAGCAAGTTATTCTC-1",9.26807777858599
"AAAGCAATCCGTAGTA-1",12.4522090321013
"AAAGTAGAGATGTGTA-1",12.0745427808961
"AAAGTAGAGTGGGCTA-1",6.77716121041053
"AAAGTAGGTATATGGA-1",14.5762489064082
"AAAGTAGGTGAGCGAT-1",10.5037347775451
"AAAGTAGGTTGAGGTG-1",8.70728322931521
"AAATGCCAGCCCTAAT-1",1.46531226853977
"AAATGCCAGCGTGTCC-1",7.76931287727952
"AAATGCCCAACACCTA-1",18.8868407973301
"AAATGCCGTAGGAGTC-1",12.9755624667211
"AAATGCCGTCTTTCAT-1",0
"AAATGCCGTGGTCCGT-1",5.78852526622546
"AAATGCCGTTCCCGAG-1",21.2700649038912
"AAATGCCTCATAGCAC-1",34.2126736010048
"AAATGCCTCGCTTAGA-1",6.26914224474028
"AACACGTAGAATTCCC-1",37.7938532724614
"AACACGTAGCCCTAAT-1",5.5138545066861
"AACACGTAGGGTGTGT-1",23.2527529149738
"AACACGTCACTGTCGG-1",10.5808023614017
"AACACGTCATCCCATC-1",3.58578442732706
"AACACGTGTGCAACGA-1",37.9524957255258
"AACACGTGTGTCGCTG-1",8.22553447465376
"AACCATGAGCGCTTAT-1",5.77378187903712
"AACCATGGTCCGTTAA-1",17.0514732204847
"AACCATGTCAGTTCGA-1",40.0088218849501
"AACCATGTCATCGATG-1",16.6906490281822
"AACCATGTCCCAAGTA-1",6.88127989818716
"AACCGCGAGAAGCCCA-1",6.77716121041053
"AACCGCGAGACTGGGT-1",7.44480220126101
"AACCGCGAGAGGTACC-1",19.4860471701667
"AACCGCGAGTTAGGTA-1",2.39204280568661
"AACCGCGAGTTGCAGG-1",15.1855118074801
"AACCGCGCACGGTAGA-1",5.12332478562727
"AACCGCGCAGCATGAG-1",3.00631284396615
"AACCGCGCAGCCTGTG-1",18.4678410603412
"AACCGCGCAGCTGTGC-1",12.3365952424755
"AACCGCGCAGTATGCT-1",13.1109366378685
"AACCGCGGTACTTGAC-1",4.9708280504219
"AACCGCGGTCTGCAAT-1",1.45793237384214
"AACCGCGTCACATGCA-1",25.5960627818657
"AACCGCGTCACCGTAA-1",10.1061274179043
"AACCGCGTCCAGAGGA-1",5.17025065346765
"AACCGCGTCCGAAGAG-1",13.3605549498206
"AACGTTGAGCGATAGC-1",6.42052086370552
"AACGTTGAGCGATCCC-1",19.7046485283044
"AACGTTGAGCTTATCG-1",12.3365952424755
"AACGTTGCAAGTTGTC-1",8.67385500410203
"AACGTTGCAATAGAGT-1",40.9867576975971
"AACGTTGCAATGGATA-1",4.8006835365603
"AACGTTGCATGGATGG-1",11.5925046254312
"AACGTTGCATTCTCAT-1",26.3769784007083
"AACGTTGTCAACACGT-1",4.91034204751274
"AACGTTGTCGAGGTAG-1",10.7454108461918
"AACGTTGTCGGTCCGA-1",5.08507022854049
"AACTCAGAGAGCTATA-1",1.54544045030975
"AACTCAGAGAGTCGGT-1",16.1743683272059
"AACTCAGAGCCACCTG-1",1.6827258250093
"AACTCAGAGCCCAATT-1",0
"AACTCAGCAAACAACA-1",8.1435294568359
"AACTCAGCACAAGCCC-1",19.1102428712641
"AACTCAGCACGGTTTA-1",3.71226895769326
"AACTCAGCAGGATCGA-1",1.6802341060118
"AACTCAGCATAAAGGT-1",3.09127810897501
"AACTCAGGTTCCACAA-1",12.5011507725264
"AACTCAGTCGTACCGG-1",6.42052086370552
"AACTCCCAGCCCAGCT-1",3.35091264200698
"AACTCCCAGCTAAGAT-1",10.119014493127
"AACTCCCCATGGTCTA-1",1.45793237384214
"AACTCCCGTTGCGCAC-1",10.5037347775451
"AACTCCCTCAAGAAGT-1",7.21115968758962
"AACTCCCTCAAGCCTA-1",14.09375485534
"AACTCCCTCATCGCTC-1",8.5484634473961
"AACTCCCTCTGCAGTA-1",12.3572592835676
"AACTCCCTCTGGCGTG-1",9.79689698154457
"AACTCTTAGCAGACTG-1",13.0675156153143
"AACTCTTAGTCCGGTC-1",17.2256569678247
"AACTCTTCATGCTAGT-1",17.9032857363307
"AACTCTTGTCGAATCT-1",12.7244431424341
"AACTCTTGTCGGGTCT-1",17.4585547277004
"AACTCTTTCTCAAACG-1",11.6499814268557
"AACTCTTTCTCCAGGG-1",4.84992710150037
"AACTCTTTCTCTGCTG-1",16.1513401264346
"AACTGGTAGAAGATTC-1",5.69404774329916
"AACTGGTAGAGACTAT-1",5.18018622621329
"AACTGGTAGCCAACAG-1",5.70656813221831
"AACTGGTAGTGTACTC-1",10.7789704019526
"AACTGGTCACTGAAGG-1",18.8536211430138
"AACTGGTGTCCGAACC-1",7.6715031175175
"AACTGGTTCGGAGCAA-1",12.9755624667211
"AACTGGTTCGTGGGAA-1",7.19341261960177
"AACTGGTTCTGCTTGC-1",15.6462093694426
"AACTTTCAGCGTGAAC-1",8.24237838009053
"AACTTTCAGTATCTCG-1",11.9696073718902
"AACTTTCAGTTTCCTT-1",8.14983240711058
"AACTTTCCATCCTTGC-1",12.5813243577834
"AACTTTCGTCTAGAGG-1",1.62563259835408
"AACTTTCGTCTCTTTA-1",8.282262517368
"AACTTTCGTTTGTTTC-1",0
"AAGACCTAGGGCTTCC-1",17.9032857363307
"AAGACCTAGTACACCT-1",10.1968087612437
"AAGACCTGTATATGAG-1",1.7000594688291
"AAGACCTGTATCAGTC-1",5.908785679512
"AAGACCTGTCCGTGAC-1",9.71696489249194
"AAGACCTGTCGAAAGC-1",13.1723946461415
"AAGACCTTCGCCATAA-1",9.6848209535939
"AAGCCGCAGATCTGAA-1",11.247046553156
"AAGCCGCAGGGTGTTG-1",17.0514732204847
"AAGCCGCAGTGGACGT-1",5.16706315738581
"AAGCCGCAGTGTACTC-1",7.85428623332147
"AAGCCGCCACGCTTTC-1",0.835512043189675
"AAGCCGCCAGGACGTA-1",6.86934864123133
"AAGCCGCGTACAGTTC-1",8.67385500410203
"AAGCCGCGTCATTAGC-1",18.8868407973301
"AAGCCGCTCACGAAGG-1",2.97263397541483
"AAGCCGCTCAGTTAGC-1",1.71671439966477
"AAGCCGCTCGCAAACT-1",7.4224043138187
"AAGCCGCTCGTCGTTC-1",3.3161380374669
"AAGCCGCTCTTACCGC-1",13.0675156153143
"AAGGAGCAGAAACCGC-1",16.0380979658645
"AAGGAGCAGGCATGTG-1",1.79845741791218
"AAGGAGCAGGCGCTCT-1",7.3404810567789
"AAGGAGCAGTTGAGTA-1",10.7454108461918
"AAGGAGCCACGGCGTT-1",14.2299420573158
"AAGGAGCGTCTGCAAT-1",1.62170998635977
"AAGGAGCTCGTCTGCT-1",5.12332478562727
"AAGGCAGAGAACTGTA-1",3.8417744066671
"AAGGCAGAGAGATGAG-1",12.3365952424755
"AAGGCAGAGGTGATAT-1",13.8134296657703
"AAGGCAGCATAGTAAG-1",20.4148340488857
"AAGGCAGGTACTTCTT-1",0.835512043189675
"AAGGCAGGTGTGCCTG-1",5.34502449316777
"AAGGCAGTCAGATAAG-1",0
"AAGGCAGTCGGAATCT-1",34.6996997206396
"AAGGTTCAGTATCTCG-1",15.0202717588612
"AAGGTTCCATCACGTA-1",10.1210949407909
"AAGGTTCGTATATGGA-1",13.0675156153143
"AAGGTTCGTCCGAATT-1",35.4889442106527
"AAGGTTCGTCGACTAT-1",33.6989669840425
"AAGGTTCGTGTGACCC-1",12.3378966131319
"AAGGTTCTCCGTCATC-1",23.2794990642325
"AAGGTTCTCCTCGCAT-1",1.45793237384214
"AAGGTTCTCTGCGGCA-1",5.97724939956451
"AAGTCTGAGCCATCGC-1",1.71671439966477
"AAGTCTGAGTCAAGCG-1",10.7789704019526
"AAGTCTGCAAAGGAAG-1",22.6644025486645
"AAGTCTGGTCAGCTAT-1",11.9778546337481
"AAGTCTGTCAAACAAG-1",16.0380979658645
"AAGTCTGTCACTGGGC-1",9.71696489249194
"AAGTCTGTCAGCAACT-1",14.2290060387078
"AATCCAGCAAAGTGCG-1",7.99653206931965
"AATCCAGCAGCATACT-1",5.75706858747495
"AATCCAGGTAGGCATG-1",0
"AATCCAGGTCTCCCTA-1",12.1871952554622
"AATCCAGTCCGAATGT-1",39.8096845547806
"AATCGGTAGGCATGGT-1",5.29897023995669
"AATCGGTTCCTGTACC-1",9.34613999977612
"AATCGGTTCGCCGTGA-1",6.39211353994258
"ACACCAAAGATGAGAG-1",2.853710311878
"ACACCAAAGCCCTAAT-1",1.87843203544026
"ACACCAAAGGATGGTC-1",5.89992684547042
"ACACCAAAGTGTCCAT-1",22.4437175554651
"ACACCAACACTTCGAA-1",18.7361241722344
"ACACCAACAGACGCTC-1",16.6900285815051
"ACACCAACAGCCTATA-1",13.9183492097178
"ACACCAAGTCGCGTGT-1",15.837799178286
"ACACCAAGTCTAAACC-1",8.1435294568359
"ACACCAAGTTATGTGC-1",19.9676588938366
"ACACCAATCGCGTTTC-1",0
"ACACCCTAGCCAGGAT-1",39.8096845547806
"ACACCCTAGTACTTGC-1",35.4132787402148
"ACACCCTCAAGCGCTC-1",1.62563259835408
"ACACCCTCATCACAAC-1",13.4416816177799
"ACACCCTCATGCCCGA-1",17.5539411649691
"ACACCCTGTCTGGTCG-1",16.9523190744775
"ACACCCTTCCGCAAGC-1",1.31103918124792
"ACACCCTTCCTTGCCA-1",16.6924556185297
"ACACCCTTCTATCCTA-1",27.0442369718073
"ACACCCTTCTGGCGTG-1",19.3294502916387
"ACACCGGAGGCTCAGA-1",18.4383978011714
"ACACCGGAGTGACATA-1",15.1002032199472
"ACACCGGAGTTACCCA-1",4.11376912853278
"ACACCGGCACCAGATT-1",6.25969797571829
"ACACCGGCACCGAAAG-1",6.45034396827382
"ACACCGGCATCACAAC-1",2.27245780891882
"ACACCGGTCCGCATAA-1",25.4544580623419
"ACACCGGTCTCGGACG-1",5.89992684547042
"ACACCGGTCTCTGTCG-1",13.4899029464063
"ACACTGAAGCACGCCT-1",16.0380979658645
"ACACTGAAGGTGATTA-1",7.5921433885232
"ACACTGACAATAGAGT-1",13.5836279049946
"ACACTGACAGACTCGC-1",38.3559042518933
"ACACTGACATCCAACA-1",14.5418402601422
"ACACTGAGTCCGAAGA-1",3.1966635323676
"ACACTGAGTGTTTGTG-1",16.6924556185297
"ACACTGAGTTTGACTG-1",23.5505816838676
"ACAGCCGAGGAATGGA-1",19.9676588938366
"ACAGCCGAGGCCCGTT-1",22.3915500734571
"ACAGCCGAGGTGCTTT-1",18.1478320422811
"ACAGCCGAGTGGTAGC-1",8.72182076698973
"ACAGCCGCATATACGC-1",10.4148479306467
"ACAGCCGCATGCAACT-1",1.39818618843915
"ACAGCCGGTAGGGTAC-1",9.76304957407228
"ACAGCCGGTCGAATCT-1",25.3678002389729
"ACAGCCGGTTCACCTC-1",0
"ACAGCCGGTTCCACTC-1",37.9524957255258
"ACAGCCGTCCAGAAGG-1",12.7139265273417
"ACAGCCGTCTTTACAC-1",3.17337400328561
"ACAGCTAAGCACCGCT-1",15.1002032199472
"ACAGCTAAGTATCTCG-1",1.97402936112055
"ACAGCTAAGTGTTGAA-1",15.0950526433245
"ACAGCTACATCGTCGG-1",17.3260714239945
"ACAGCTAGTCGACTAT-1",15.8128173559548
"ACAGCTAGTGGTACAG-1",8.1435294568359
"ACAGCTATCACCACCT-1",25.5036526096787
"ACAGCTATCTGCTTGC-1",14.2290060387078
"ACATACGAGAGCTTCT-1",10.5656170200237
"ACATACGAGCGTAGTG-1",25.3678002389729
"ACATACGAGCTTCGCG-1",6.42052086370552
"ACATACGAGCTTTGGT-1",10.4415383319931
"ACATACGCAAACGTGG-1",35.1617323868428
"ACATACGCAAGCCTAT-1",6.43486742975621
"ACATACGCATCTCCCA-1",7.4224043138187
"ACATACGCATTCTCAT-1",0.835512043189675
"ACATACGGTAGGAGTC-1",14.3085313778444
"ACATACGGTGCACCAC-1",14.6619386235368
"ACATACGGTGGTTTCA-1",42.840768561744
"ACATACGTCGTATCAG-1",34.3326376913844
"ACATCAGAGCCACTAT-1",4.82335780513495
"ACATCAGAGCCTTGAT-1",7.76931287727952
"ACATCAGCAACACCCG-1",6.39211353994259
"ACATCAGCAACGATGG-1",22.4437175554651
"ACATCAGCAATTGCTG-1",16.2062633337108
"ACATCAGCACCGGAAA-1",1.54544045030975
"ACATCAGCATAAAGGT-1",18.4383978011714
"ACATCAGCATCCCACT-1",13.4899029464063
"ACATCAGCATTTGCCC-1",11.2529723846315
"ACATCAGGTAAGGATT-1",13.0675156153143
"ACATCAGGTCCGTGAC-1",2.39204280568661
"ACATCAGGTTAAGTAG-1",10.6736341789167
"ACATCAGTCAAACCGT-1",9.71696489249194
"ACATGGTAGCATGGCA-1",11.247046553156
"ACATGGTAGCTGTTCA-1",9.37392755828145
"ACATGGTCACTTGGAT-1",14.0758613588841
"ACATGGTGTCAGATAA-1",11.4183900123222
"ACATGGTGTCTGCGGT-1",12.1871952554622
"ACATGGTGTGCAACTT-1",10.9571308311617
"ACATGGTTCCGCAAGC-1",12.7099967411819
"ACATGGTTCCTCCTAG-1",13.2893940805328
"ACATGGTTCTGGAGCC-1",33.6989669840425
"ACATGGTTCTTCTGGC-1",2.38347541227006
"ACCAGTAAGATCACGG-1",8.44415969680415
"ACCAGTAAGCTTCGCG-1",17.6951528928243
"ACCAGTACACAGATTC-1",5.22547108543271
"ACCAGTACACAGGCCT-1",11.6310682833649
"ACCAGTACAGTATGCT-1",7.65278671158036
"ACCAGTACAGTCAGAG-1",3.3161380374669
"ACCAGTACAGTTTACG-1",1.45793237384214
"ACCAGTAGTCACCCAG-1",14.09375485534
"ACCAGTAGTCCATCCT-1",7.22789849310507
"ACCAGTAGTCTTCAAG-1",18.7361241722344
"ACCAGTAGTGGACGAT-1",13.9392472380206
"ACCAGTATCTGCGACG-1",15.9781108711686
"ACCAGTATCTGCTTGC-1",8.44415969680415
"ACCAGTATCTGTTTGT-1",17.8746259248967
"ACCCACTAGAGGTTAT-1",1.46531226853977
"ACCCACTAGATCCCGC-1",40.0821089805019
"ACCCACTAGATGTGTA-1",10.0557964037185
"ACCCACTAGCCCAATT-1",3.54940780182887
"ACCCACTCAAGGGTCA-1",9.87256712619876
"ACCCACTCAAGGTTCT-1",11.247046553156
"ACCCACTGTAAATGAC-1",5.12332478562727
"ACCCACTGTAGCCTCG-1",17.2256569678247
"ACCCACTGTCAAAGAT-1",17.2410030646867
"ACCCACTGTCAATACC-1",1.97402936112055
"ACCCACTGTGTGGTTT-1",14.7991054206856
"ACCCACTTCGCAAACT-1",6.77716121041053
"ACCCACTTCTGCCAGG-1",14.8172601863668
"ACCGTAACAATCGGTT-1",3.45633348433684
"ACCGTAACAATCTACG-1",16.1743683272059
"ACCGTAACAGGTCCAC-1",14.8841950775638
"ACCGTAAGTACAGCAG-1",9.41056053233292
"ACCGTAAGTCATGCAT-1",4.76841518236688
"ACCGTAAGTGAGTGAC-1",16.5721468090069
"ACCGTAAGTTAAGAAC-1",17.966127796434
"ACCGTAAGTTCCGTCT-1",25.9893271415974
"ACCGTAATCACATAGC-1",5.55088212822296
"ACCGTAATCATGTGGT-1",13.4899029464063
"ACCGTAATCTGAAAGA-1",1.84582669049833
"ACCTTTACAATCGGTT-1",4.4605166163641
"ACCTTTACACGGACAA-1",19.3179562605323
"ACCTTTACAGCAGTTT-1",4.81453441163239
"ACCTTTACATGCAACT-1",30.9353976062749
"ACCTTTACATTTCAGG-1",13.2766015694829
"ACCTTTAGTGAACCTT-1",19.9676588938366
"ACCTTTAGTTCCACTC-1",4.11376912853278
"ACCTTTATCTCTAGGA-1",31.7130528892807
"ACGAGCCAGGCAGGTT-1",0
"ACGAGCCCACAGGCCT-1",34.3326376913844
"ACGAGCCCATGGAATA-1",16.0380979658645
"ACGAGCCGTGCACGAA-1",4.71236288121863
"ACGAGCCGTGTGACCC-1",13.3685785126689
"ACGAGCCGTTGGTTTG-1",0
"ACGAGCCTCAGTCCCT-1",17.3493679383814
"ACGAGCCTCGCAAACT-1",14.8322910677846
"ACGAGGACACTACAGT-1",12.7139265273417
"ACGAGGACATGTAGTC-1",6.39211353994259
"ACGAGGAGTACACCGC-1",1.7000594688291
"ACGAGGAGTGCCTGCA-1",12.3378966131319
"ACGAGGAGTTCTGAAC-1",5.75706858747495
"ACGAGGATCTGCGGCA-1",14.09375485534
"ACGATACAGAGTGACC-1",16.3087989953859
"ACGATACAGCGCCTTG-1",12.3315083821604
"ACGATACCACGTTGGC-1",12.3378966131319
"ACGATACCATTGGGCC-1",1.31123717199884
"ACGATACGTCGAATCT-1",13.776963884713
"ACGATACTCTGACCTC-1",6.39211353994259
"ACGATGTAGTGCGATG-1",0
"ACGATGTAGTTGAGAT-1",9.26807777858599
"ACGATGTCAACGCACC-1",8.9378924079348
"ACGATGTCACACGCTG-1",6.42052086370552
"ACGATGTGTATTCTCT-1",0
"ACGATGTGTCAGTGGA-1",16.0380979658645
"ACGATGTGTGACTACT-1",6.33326167891702
"ACGATGTGTGTCGCTG-1",11.2420575374416
"ACGATGTTCGCGTAGC-1",26.6252396200056
"ACGATGTTCTCTTATG-1",6.43486742975621
"ACGCAGCAGCGGCTTC-1",14.5830432827051
"ACGCAGCAGCTGCGAA-1",1.39658189511706
"ACGCAGCAGTGTACGG-1",10.9978095761084
"ACGCAGCCACCTCGTT-1",23.1327721401907
"ACGCAGCCATCGACGC-1",23.5505816838676
"ACGCAGCCATTACCTT-1",12.9934494191103
"ACGCAGCGTCCATGAT-1",18.3824015330131
"ACGCAGCGTCTACCTC-1",19.3697078431741
"ACGCAGCGTCTGGTCG-1",2.97263397541483
"ACGCAGCGTGCGATAG-1",21.3174670299702
"ACGCCAGCAAAGCAAT-1",8.65953865024147
"ACGCCAGCAACGCACC-1",16.9308992441173
"ACGCCAGCACGAGAGT-1",5.17025065346765
"ACGCCAGCAGTGAGTG-1",1.83159513585076
"ACGCCAGGTGCACTTA-1",4.98340163016139
"ACGCCAGGTGTGCGTC-1",19.4407767055752
"ACGCCAGTCACAGGCC-1",5.97724939956451
"ACGCCAGTCAGTGTTG-1",22.6644025486645
"ACGCCGAAGAAACGCC-1",12.1192385357096
"ACGCCGAAGATCTGCT-1",34.3326376913844
"ACGCCGACAGCCTGTG-1",23.0954760920458
"ACGCCGAGTTCCAACA-1",13.0675156153143
"ACGCCGATCCTATGTT-1",9.50040900027345
"ACGCCGATCGCAGGCT-1",3.3161380374669
"ACGCCGATCTTGTATC-1",11.1935034446936
"ACGGAGAAGCCAGTTT-1",3.99968399906478
"ACGGAGACACACATGT-1",42.840768561744
"ACGGAGACAGCCTGTG-1",8.01923894310457
"ACGGAGACAGCGTAAG-1",16.3087989953859
"ACGGAGACAGTAAGCG-1",13.4899029464063
"ACGGAGAGTGTGACGA-1",38.1281141024871
"ACGGAGATCCACGAAT-1",10.2557758870069
"ACGGCCACACATCCAA-1",23.7235829936772
"ACGGCCACACATTCGA-1",6.39211353994259
"ACGGCCAGTACCGTAT-1",6.42052086370552
"ACGGCCAGTGTATGGG-1",9.614690583597
"ACGGCCATCACGGTTA-1",14.1883309907345
"ACGGCCATCAGTGTTG-1",7.19341261960177
"ACGGCCATCTACTATC-1",38.3559042518933
"ACGGGCTAGGATCGCA-1",19.679643458487
"ACGGGCTAGGTTCCTA-1",25.0272755220849
"ACGGGCTAGTGGCACA-1",13.6771779576637
"ACGGGCTCATCTGGTA-1",8.44415969680415
"ACGGGCTGTGAGGCTA-1",9.82179645181382
"ACGGGCTTCCGAACGC-1",5.70656813221831
"ACGGGTCAGATGCCAG-1",10.5656170200237
"ACGGGTCCATGATCCA-1",4.68903866897545
"ACGGGTCCATTAGGCT-1",5.74476699795527
"ACGGGTCCATTTCACT-1",17.5539411649691
"ACGGGTCGTTAGGGTG-1",15.2978006370263
"ACGGGTCTCAACACCA-1",4.8006835365603
"ACGGGTCTCCACGCAG-1",1.71671439966477
"ACGTCAAAGGGCTTCC-1",3.99968399906478
"ACGTCAAAGTGGTAAT-1",9.26807777858599
"ACGTCAACAACTGCGC-1",3.9469917706683
"ACGTCAACACAAGACG-1",10.9618328359624
"ACGTCAAGTAGCTCCG-1",1.46531226853977
"ACGTCAAGTGTCGCTG-1",11.7585296395642
"ACGTCAAGTTATGCGT-1",11.6934568694165
"ACGTCAATCAACCAAC-1",12.7139265273417
"ACGTCAATCATAACCG-1",7.23638582563169
"ACGTCAATCCAGAAGG-1",35.4889442106527
"ACGTCAATCTAACTCT-1",11.8111229845351
"ACTATCTAGAGGTTAT-1",14.0758613588841
"ACTATCTAGATACACA-1",16.0380979658645
"ACTATCTAGGAGTAGA-1",8.03796247688213
"ACTATCTAGGCATGTG-1",12.8605231315155
"ACTATCTCAAATACAG-1",21.2844290276153
"ACTATCTCAAATTGCC-1",16.3342201659625
"ACTATCTGTAGGGACT-1",1.7000594688291
"ACTATCTGTCGCGTGT-1",10.626811502499
"ACTATCTGTGCACGAA-1",3.22816627531905
"ACTATCTGTGGTTTCA-1",12.4017479945201
"ACTATCTTCGCCGTGA-1",16.0101734261954
"ACTGAACAGAGTGAGA-1",14.9077617390204
"ACTGAACAGATCCCGC-1",11.9085609757805
"ACTGAACAGGTGATAT-1",24.4382935842847
"ACTGAACCAAAGCGGT-1",16.0101734261954
"ACTGAACCAAGCGAGT-1",0
"ACTGAACCAATTCCTT-1",18.3824015330131
"ACTGAACCAGCTGGCT-1",6.12319011032753
"ACTGAACCAGTCTTCC-1",13.9183492097178
"ACTGAACCATTACCTT-1",8.50315015722532
"ACTGAACGTAAGCACG-1",2.97263397541483
"ACTGAACGTAATCGTC-1",13.253748221078
"ACTGAACGTCCAGTAT-1",10.1436859857713
"ACTGAACGTCTGATCA-1",6.16577231122494
"ACTGAACTCCCACTTG-1",14.3985568386976
"ACTGAGTAGCCGGTAA-1",13.417695488326
"ACTGAGTCAGTGGGAT-1",38.3559042518933
"ACTGAGTCATTTGCCC-1",40.1580494646679
"ACTGAGTGTAGAGCTG-1",38.8511718990053
"ACTGAGTGTTGTGGCC-1",23.2374159542792
"ACTGAGTTCAGGTTCA-1",16.3087989953859
"ACTGATGAGACAGACC-1",19.2906582774863
"ACTGATGAGCGGATCA-1",23.7235829936772
"ACTGATGAGGTGCTTT-1",18.089460781619
"ACTGATGCAGCAGTTT-1",0
"ACTGATGCATCACAAC-1",6.88171002326812
"ACTGATGGTCATGCAT-1",22.6644025486645
"ACTGATGTCACAATGC-1",8.67385500410203
"ACTGATGTCACTCCTG-1",16.330180387465
"ACTGATGTCCCTGACT-1",8.65953865024147
"ACTGATGTCCGCTGTT-1",10.7789704019526
"ACTGATGTCCGGCACA-1",1.31103918124792
"ACTGATGTCCTATTCA-1",18.1806314361156
"ACTGCTCAGAGCTTCT-1",3.25356209444035
"ACTGCTCAGATGCCTT-1",16.2062633337108
"ACTGCTCCACACCGCA-1",2.853710311878
"ACTGCTCCAGATGGGT-1",23.2635515952708
"ACTGCTCCATGCCTAA-1",34.3326376913844
"ACTGCTCGTAGGCATG-1",8.2295380288824
"ACTGCTCGTATCACCA-1",0.835512043189675
"ACTGCTCGTCCGAAGA-1",15.9271170742573
"ACTGCTCTCCGAGCCA-1",12.4522090321013
"ACTGTCCAGAGGGCTT-1",5.17025065346765
"ACTGTCCAGCAGCGTA-1",8.20728586197814
"ACTGTCCAGGCATGGT-1",3.17337400328561
"ACTGTCCCAAGGTTTC-1",37.0153858013958
"ACTGTCCCAAGTACCT-1",18.3824015330131
"ACTGTCCCAGTATCTG-1",9.96849156515377
"ACTGTCCCATAGAAAC-1",9.91204014563404
"ACTGTCCGTTGAGGTG-1",15.761896768224
"ACTGTCCTCCACGTGG-1",16.0380979658645
"ACTGTCCTCCTTGGTC-1",10.7789704019526
"ACTGTCCTCTCTGTCG-1",4.46056715731168
"ACTTACTAGCGATAGC-1",16.0101734261954
"ACTTACTAGGGATGGG-1",4.82431866493765
"ACTTACTCACAGACAG-1",3.86474878461721
"ACTTACTCACATTTCT-1",14.6216924311583
"ACTTACTGTACTCAAC-1",24.7899486494577
"ACTTACTGTTCCACAA-1",12.1401505485675
"ACTTACTTCATCGGAT-1",3.75170231881233
"ACTTGTTAGACAAGCC-1",1.72311168315317
"ACTTGTTAGCTAGCCC-1",1.97030160217947
"ACTTGTTAGTTACCCA-1",6.39211353994259
"ACTTGTTCACGACGAA-1",11.1935034446936
"ACTTGTTCACGGCTAC-1",18.6552896947694
"ACTTGTTGTATCGCAT-1",11.8111229845351
"ACTTGTTGTGGTAACG-1",13.2766015694829
"ACTTGTTGTTGTGGAG-1",3.17337400328561
"ACTTGTTTCATCACCC-1",5.05243643906181
"ACTTTCACATGGTCAT-1",2.01094826807031
"ACTTTCAGTGACTACT-1",13.5677729781022
"ACTTTCATCGCCAGCA-1",17.6899766023429
"AGAATAGAGCTGAACG-1",13.412843505279
"AGAATAGAGCTGTCTA-1",7.27851322647121
"AGAATAGAGGTAGCTG-1",15.0930440479529
"AGAATAGCATGGTCTA-1",13.1109366378685
"AGAATAGGTATTCTCT-1",9.71696489249194
"AGAATAGGTGCGGTAA-1",0
"AGAATAGGTTAAGAAC-1",3.5068812269031
"AGAATAGTCAGGCCCA-1",5.29470140097121
"AGACGTTAGAATGTGT-1",11.6845065654141
"AGACGTTAGCTCCTCT-1",1.57605208029777
"AGACGTTAGTGCCAGA-1",19.9676588938366
"AGACGTTCAGGATCGA-1",18.5052525158622
"AGACGTTGTAGCTGCC-1",15.5718208147897
"AGACGTTGTCTGCAAT-1",12.5813243577834
"AGACGTTGTTCTGTTT-1",10.7454108461918
"AGACGTTTCGCATGGC-1",5.75706858747495
"AGACGTTTCGCTTAGA-1",12.7099967411819
"AGAGCGACAACTTGAC-1",8.60251585791081
"AGAGCGACAAGTACCT-1",16.526326179319
"AGAGCGACACAACGTT-1",38.3559042518933
"AGAGCGACATGAGCGA-1",19.6308344771166
"AGAGCGAGTCAGTGGA-1",1.71671439966477
"AGAGCGAGTCGACTGC-1",2.853710311878
"AGAGCGAGTTGAGTTC-1",17.7193854550696
"AGAGCGATCGCGTAGC-1",17.2256569678247
"AGAGCGATCTATCCTA-1",4.81453441163239
"AGAGCGATCTCGCTTG-1",0
"AGAGCTTAGCCGTCGT-1",1.84582669049833
"AGAGCTTAGTACACCT-1",19.1678889314902
"AGAGCTTAGTCATGCT-1",5.43506116589537
"AGAGCTTGTAGAGCTG-1",6.9476099609401
"AGAGCTTGTATCACCA-1",18.012007238355
"AGAGCTTTCACTATTC-1",12.8182840635022
"AGAGCTTTCCTGCAGG-1",7.44480220126101
"AGAGCTTTCGCAAACT-1",12.3378966131319
"AGAGCTTTCGCTTAGA-1",25.5806140621091
"AGAGTGGAGAGCCTAG-1",16.5260858629319
"AGAGTGGAGGCCCTTG-1",7.27851322647121
"AGAGTGGAGGTACTCT-1",18.3342842614268
"AGAGTGGCACAAGACG-1",3.34372235488435
"AGAGTGGCACCTCGTT-1",18.3342842614268
"AGAGTGGCATCCGGGT-1",0
"AGAGTGGCATCTGGTA-1",19.3179562605323
"AGAGTGGGTCAGCTAT-1",4.71236288121863
"AGAGTGGGTCCTCCAT-1",10.7454108461918
"AGAGTGGGTCTAGTCA-1",24.3857310720398
"AGAGTGGGTTACCGAT-1",7.72748778178187
"AGATCTGAGGTGGGTT-1",11.6845065654141
"AGATCTGAGTCAAGGC-1",4.82335780513495
"AGATCTGCAATGTTGC-1",10.4415383319931
"AGATCTGTCGAATCCA-1",4.2442438326227
"AGATCTGTCTGCAGTA-1",14.0758613588841
"AGATTGCAGGCTACGA-1",7.8065578142081
"AGATTGCCACGACGAA-1",10.4415383319931
"AGATTGCCAGATGGGT-1",3.45633348433684
"AGATTGCGTAGAGCTG-1",19.6156230014476
"AGATTGCGTGATGTCT-1",0.835512043189675
"AGATTGCGTGTTCGAT-1",5.74476699795527
"AGATTGCGTTCACGGC-1",8.9378924079348
"AGATTGCTCACTGGGC-1",10.5037347775451
"AGATTGCTCATCTGTT-1",17.3037876931115
"AGCAGCCAGCTGATAA-1",12.3378966131319
"AGCAGCCCACCGAAAG-1",15.1855118074801
"AGCAGCCGTCGACTGC-1",9.61776657923143
"AGCAGCCGTCGCTTTC-1",7.78051158328082
"AGCAGCCGTCTAACGT-1",2.38347541227006
"AGCAGCCGTGTGAAAT-1",8.40757338300055
"AGCAGCCGTTTGTTGG-1",7.48920135844039
"AGCAGCCTCCAAACAC-1",12.2031615715742
"AGCATACAGTGGTAGC-1",42.840768561744
"AGCATACAGTTGTCGT-1",23.2374159542792
"AGCATACGTCTTCTCG-1",4.46056715731168
"AGCATACGTTAAGTAG-1",6.77716121041053
"AGCATACTCCGTTGCT-1",16.64106707227
"AGCCTAAAGATATGGT-1",13.3685785126689
"AGCCTAACAAAGCGGT-1",12.5095734018864
"AGCCTAACAGATAATG-1",8.03066031735865
"AGCCTAAGTACGAAAT-1",11.1874755924124
"AGCCTAAGTCACCTAA-1",11.7230038326204
"AGCCTAAGTGTGCCTG-1",5.19605389185883
"AGCCTAATCACCCGAG-1",12.7099967411819
"AGCCTAATCCAATGGT-1",17.9032857363307
"AGCCTAATCCTTGGTC-1",5.55680948914084
"AGCCTAATCTGTGCAA-1",6.83719291251417
"AGCCTAATCTGTTTGT-1",5.18018622621329
"AGCGGTCAGCGAAGGG-1",15.6462093694426
"AGCGGTCAGGTACTCT-1",39.8096845547806
"AGCGGTCAGTGACTCT-1",31.4461525656501
"AGCGGTCCAGCCTTGG-1",21.3441255861118
"AGCGGTCGTCCTAGCG-1",5.29470140097121
"AGCGGTCGTGGTGTAG-1",3.99968399906478
"AGCGGTCGTTAAGGGC-1",18.012007238355
"AGCGGTCGTTTGCATG-1",14.6216924311583
"AGCGGTCTCCGAAGAG-1",7.44480220126101
"AGCGGTCTCCTCAATT-1",5.75706858747495
"AGCGGTCTCTGGGCCA-1",33.6989669840425
"AGCGTATAGAACTGTA-1",11.9696073718902
"AGCGTATAGCGATGAC-1",18.6295483143907
"AGCGTATAGGTACTCT-1",7.44480220126101
"AGCGTATGTTGAGGTG-1",13.3685785126689
"AGCGTATTCCAGAGGA-1",5.17025065346765
"AGCGTCGAGTTGAGTA-1",8.20130335665623
"AGCGTCGCAGGGATTG-1",8.49798737111596
"AGCGTCGTCTGAAAGA-1",9.76304957407227
"AGCTCCTAGACCTAGG-1",24.4858101390775
"AGCTCCTAGCGTTTAC-1",0
"AGCTCCTGTGTTTGTG-1",0
"AGCTCCTGTTGTCTTT-1",17.0514732204847
"AGCTCCTTCCGAATGT-1",12.7139265273417
"AGCTCCTTCTTGACGA-1",5.19605389185883
"AGCTCTCAGCGGATCA-1",10.3951940772355
"AGCTCTCAGCTGTTCA-1",6.39211353994259
"AGCTCTCAGGTGCTAG-1",8.67385500410203
"AGCTCTCCATACAGCT-1",5.17025065346765
"AGCTCTCGTCAGAGGT-1",3.13377244571319
"AGCTCTCGTGGGTCAA-1",2.38347541227006
"AGCTCTCTCACAACGT-1",10.1436859857713
"AGCTCTCTCTTGACGA-1",1.64796436611636
"AGCTTGAAGCATCATC-1",13.417695488326
"AGCTTGAAGTAGCGGT-1",12.3572592835676
"AGCTTGAAGTTGTCGT-1",1.39818618843915
"AGCTTGACAATCCAAC-1",7.65278671158036
"AGCTTGACACCGATAT-1",3.39756380660801
"AGCTTGAGTCTACCTC-1",15.3754846935049
"AGCTTGAGTGCGCTTG-1",7.89117952290397
"AGCTTGAGTTACGCGC-1",1.31123717199884
"AGCTTGATCCTGCCAT-1",7.18650424430425
"AGCTTGATCTGCAAGT-1",8.20130335665623
"AGGCCACAGAGTAAGG-1",13.0675156153143
"AGGCCACAGGGTCTCC-1",2.97263397541483
"AGGCCACAGTACTTGC-1",8.49798737111596
"AGGCCACCAGGACCCT-1",21.2700649038912
"AGGCCACCATCAGTCA-1",14.9518921534945
"AGGCCACTCATGCTCC-1",3.45633348433684
"AGGCCACTCATTGCGA-1",14.3796970279953
"AGGCCGTAGGATCGCA-1",24.5136152593696
"AGGCCGTCACGTAAGG-1",3.82169536005632
"AGGCCGTCAGCTCGAC-1",10.6736341789167
"AGGCCGTCATCGTCGG-1",19.3465017455116
"AGGCCGTTCACGGTTA-1",1.54544045030975
"AGGCCGTTCGAACTGT-1",0.835512043189675
"AGGCCGTTCTCAAGTG-1",14.9518921534945
"AGGCCGTTCTGCTTGC-1",24.7899486494577
"AGGGAGTAGCCCAACC-1",16.5260858629319
"AGGGAGTAGGAGTACC-1",5.34502449316777
"AGGGAGTAGGCAGGTT-1",8.74058505392114
"AGGGAGTCACGAGAGT-1",1.5951915298159
"AGGGAGTCAGAAGCAC-1",13.6962603690344
"AGGGAGTCAGATCCAT-1",17.3260714239945
"AGGGAGTCATCGACGC-1",16.7105274305078
"AGGGAGTCATGCTAGT-1",7.96927029666748
"AGGGAGTGTCCATGAT-1",8.1435294568359
"AGGGAGTTCATAACCG-1",12.1871952554622
"AGGGATGAGCTCTCGG-1",8.92175700464508
"AGGGATGAGGAGTAGA-1",5.17025065346765
"AGGGATGAGTAGCGGT-1",11.4408243377532
"AGGGATGCAATGAATG-1",0
"AGGGATGCAATGGAGC-1",1.39818618843915
"AGGGATGCACAAGACG-1",8.03796247688213
"AGGGATGCACATTTCT-1",17.2039511183925
"AGGGATGCATGGTCTA-1",17.1315085386917
"AGGGATGGTTAAAGTG-1",13.1723946461415
"AGGGATGGTTATGCGT-1",0.835512043189675
"AGGGATGTCGTGACAT-1",32.6699300639959
"AGGGTGAAGATGGCGT-1",14.5762489064082
"AGGGTGAAGATGGGTC-1",27.5708792298801
"AGGGTGAAGGCTCAGA-1",2.97263397541483
"AGGGTGACACGAGAGT-1",7.65278671158036
"AGGGTGACAGATGGCA-1",3.17337400328561
"AGGGTGACAGATTGCT-1",14.0758613588841
"AGGGTGAGTACTCTCC-1",5.29470140097121
"AGGGTGAGTTATCGGT-1",13.7452226256957
"AGGGTGAGTTCTGAAC-1",40.1580494646679
"AGGGTGATCTCGCTTG-1",16.1743683272059
"AGGTCATAGAGCCCAA-1",1.54544045030975
"AGGTCATAGCCAGAAC-1",12.5011507725264
"AGGTCATAGGCATGGT-1",5.16952399931177
"AGGTCATAGGGAGTAA-1",3.5068812269031
"AGGTCATCACTCAGGC-1",1.62563259835408
"AGGTCATCACTCTGTC-1",0
"AGGTCATGTTCCACTC-1",42.840768561744
"AGGTCATTCTCGTTTA-1",19.1102428712641
"AGGTCCGAGGATGCGT-1",27.3582456559182
"AGGTCCGGTGATGCCC-1",14.0758613588841
"AGGTCCGTCCATGAAC-1",10.1210949407909
"AGGTCCGTCGCCCTTA-1",7.4224043138187
"AGGTCCGTCTGCGTAA-1",23.2527529149738
"AGTAGTCAGACTGTAA-1",3.09127810897501
"AGTAGTCAGTACGACG-1",15.1135873006916
"AGTAGTCAGTTTAGGA-1",16.0380979658645
"AGTAGTCCAACTGGCC-1",24.7899486494577
"AGTAGTCGTGCAGACA-1",0.835512043189675
"AGTAGTCTCACCCGAG-1",12.0904023520538
"AGTCTTTAGGCAGTCA-1",11.1103550370266
"AGTCTTTCAAATCCGT-1",3.82169536005632
"AGTCTTTCATATACCG-1",9.22316386377764
"AGTCTTTGTGCTTCTC-1",38.8511718990053
"AGTCTTTGTGTCCTCT-1",32.5759377236261
"AGTCTTTTCGCAGGCT-1",12.8182840635022
"AGTCTTTTCGCGTAGC-1",7.27851322647121
"AGTCTTTTCGCTAGCG-1",23.5505816838676
"AGTCTTTTCGCTTGTC-1",9.71696489249194
"AGTCTTTTCTGACCTC-1",12.6482607497317
"AGTGAGGAGATAGCAT-1",32.5759377236261
"AGTGAGGCAGGTGCCT-1",11.6845065654141
"AGTGAGGGTATGAAAC-1",14.2290060387078
"AGTGAGGGTCACTTCC-1",8.64601275696977
"AGTGAGGGTCGCGAAA-1",3.39653636217056
"AGTGAGGGTTATGTGC-1",13.4899029464063
"AGTGAGGTCTACTATC-1",34.7525863526169
"AGTGGGAAGCAGACTG-1",5.69404774329916
"AGTGGGACAAACGCGA-1",12.3625311872492
"AGTGGGACAAGCCGTC-1",7.19341261960177
"AGTGGGACACAGGAGT-1",7.82825440938775
"AGTGGGACACGAGAGT-1",9.22316386377764
"AGTGGGATCATCGATG-1",1.46531226853977
"AGTGGGATCCACGAAT-1",1.97402936112055
"AGTGGGATCCTGCAGG-1",40.0821089805019
"AGTGTCAAGAAGCCCA-1",17.7816400436056
"AGTGTCAAGCTAGTCT-1",8.11469799314238
"AGTGTCAAGTACGACG-1",14.5830432827051
"AGTGTCAAGTGAACAT-1",11.5451210065
"AGTGTCACACCATCCT-1",16.8474553494055
"AGTGTCACAGTAAGCG-1",27.1273742690659
"AGTGTCACAGTGGAGT-1",26.4997014551832
"AGTGTCAGTAAACCTC-1",4.68903866897545
"AGTGTCAGTACAGCAG-1",23.1327721401907
"AGTGTCAGTCTCCACT-1",1.31123717199884
"AGTGTCAGTTTGACTG-1",23.5505816838676
"AGTGTCATCAAAGTAG-1",23.7829973256961
"AGTGTCATCCGTCAAA-1",17.966127796434
"AGTGTCATCGTTACAG-1",6.45034396827382
"AGTGTCATCTGTCAAG-1",12.5813243577834
"AGTTGGTAGACTGTAA-1",10.1436859857713
"AGTTGGTAGTACGCGA-1",39.8096845547806
"AGTTGGTCAAATTGCC-1",3.5068812269031
"AGTTGGTCAGGAATGC-1",8.282262517368
"AGTTGGTCATGCGCAC-1",0.835512043189675
"AGTTGGTGTACCGTAT-1",40.9867576975971
"AGTTGGTGTATGCTTG-1",12.8182840635022
"AGTTGGTGTCAGGACA-1",22.6644025486645
"AGTTGGTGTTCAGACT-1",4.81453441163239
"AGTTGGTTCAGTACGT-1",1.64796436611636
"AGTTGGTTCCTCAACC-1",8.11469799314238
"AGTTGGTTCGTACCGG-1",5.19605389185883
"AGTTGGTTCTGTCCGT-1",18.3824015330131
"ATAACGCAGTTGAGTA-1",13.1109366378685
"ATAACGCCACGTGAGA-1",1.54544045030975
"ATAACGCGTGAACCTT-1",35.4889442106527
"ATAACGCGTGTCCTCT-1",16.6718570821417
"ATAACGCGTGTGAAAT-1",16.0380979658645
"ATAACGCTCTCCGGTT-1",35.4889442106527
"ATAAGAGAGTCCGGTC-1",23.2527529149738
"ATAAGAGCAACTGCGC-1",17.0514732204847
"ATAAGAGCAGTATCTG-1",4.81453441163239
"ATAAGAGGTGACGCCT-1",5.18018622621329
"ATAAGAGGTTAAAGTG-1",1.45793237384214
"ATAAGAGTCAGCACAT-1",5.34502449316777
"ATAAGAGTCAGTGCAT-1",12.9934494191103
"ATAGACCAGAGAGCTC-1",14.09375485534
"ATAGACCAGCCCAATT-1",0.835512043189675
"ATAGACCCAAGCCATT-1",5.75706858747495
"ATAGACCCATCTGGTA-1",11.247046553156
"ATAGACCGTATATGGA-1",3.5068812269031
"ATAGACCGTGGACGAT-1",19.679643458487
"ATAGACCGTGGCGAAT-1",13.0575717471717
"ATAGACCGTTTCGCTC-1",16.64106707227
"ATCACGAAGAACTCGG-1",30.9353976062749
"ATCACGAAGACACGAC-1",8.67385500410203
"ATCACGAAGTTACCCA-1",13.4416816177799
"ATCACGACAAGACACG-1",4.62204326350685
"ATCACGACAAGCGTAG-1",14.6362676880188
"ATCACGACACACATGT-1",10.8366694765397
"ATCACGACACCACCAG-1",11.8111229845351
"ATCACGACACGGTAAG-1",9.82179645181382
"ATCACGACAGCGAACA-1",19.6156230014476
"ATCACGATCCCGACTT-1",16.8392181703637
"ATCACGATCGGTGTCG-1",9.41056053233292
"ATCATCTAGCCTATGT-1",12.8605231315155
"ATCATCTAGGCCATAG-1",40.1580494646679
"ATCATCTAGTACTTGC-1",13.1723946461415
"ATCATCTCAGACGCCT-1",7.4224043138187
"ATCATCTCATCCGTGG-1",5.29470140097121
"ATCATCTGTATTACCG-1",15.6542818145384
"ATCATCTGTCACTTCC-1",12.5840500297658
"ATCATCTTCAGCGACC-1",19.4870643416365
"ATCATCTTCCTCAACC-1",32.5759377236261
"ATCATGGCAAGCGTAG-1",18.3342842614268
"ATCATGGCAAGGTTCT-1",20.2443326279735
"ATCATGGCACTACAGT-1",7.8065578142081
"ATCATGGGTAAGGGAA-1",31.2905056871037
"ATCATGGGTTGTGGCC-1",4.81453441163239
"ATCATGGTCAATAAGG-1",16.0101734261954
"ATCATGGTCCAATGGT-1",10.7789704019526
"ATCATGGTCGCCATAA-1",13.2766015694829
"ATCATGGTCGGTTAAC-1",8.22553447465376
"ATCCACCAGCTAGTCT-1",13.2893940805328
"ATCCACCAGGCTCTTA-1",14.2299420573158
"ATCCACCCAAACGTGG-1",0
"ATCCACCCAGTTAACC-1",17.8746259248967
"ATCCACCGTCCGAAGA-1",14.5043844883219
"ATCCACCGTTTGTTTC-1",12.2995093334756
"ATCCACCTCCTGCTTG-1",19.2906582774863
"ATCCACCTCCTTAATC-1",1.45793237384214
"ATCCACCTCTGGTATG-1",4.93903855403545
"ATCCGAAAGCGATGAC-1",13.3685785126689
"ATCCGAAAGCTAGGCA-1",1.45793237384214
"ATCCGAACAAACGTGG-1",12.1871952554622
"ATCCGAACAACAACCT-1",18.3824015330131
"ATCCGAACAAGGACTG-1",7.27851322647121
"ATCCGAACACCCATTC-1",19.9676588938366
"ATCCGAACACGGTAGA-1",18.3167085627619
"ATCCGAAGTAGCGCTC-1",10.1436859857713
"ATCCGAAGTCATTAGC-1",17.5539411649691
"ATCCGAAGTCTCTTAT-1",16.5242862386254
"ATCCGAATCCAACCAA-1",13.9688473044308
"ATCCGAATCCTTGACC-1",17.9946964842888
"ATCCGAATCTTGTCAT-1",3.5068812269031
"ATCGAGTAGACTTTCG-1",17.9032857363307
"ATCGAGTCATCCGGGT-1",5.74476699795527
"ATCGAGTGTCCCTTGT-1",7.85428623332147
"ATCGAGTGTCTCCCTA-1",16.0380979658645
"ATCGAGTTCATGCATG-1",14.3985568386976
"ATCGAGTTCCTGCCAT-1",17.9032857363307
"ATCTACTAGGTGTGGT-1",11.9689231171973
"ATCTACTCAGCTGTAT-1",4.15400012332633
"ATCTACTCAGTACACT-1",15.5485441075985
"ATCTACTCATGACATC-1",18.012007238355
"ATCTACTGTAAGTAGT-1",1.87843203544026
"ATCTACTGTGTCGCTG-1",13.0675156153143
"ATCTACTTCCGCGTTT-1",5.97724939956451
"ATCTACTTCGCAAGCC-1",6.86934864123133
"ATCTACTTCTATCGCC-1",34.3326376913844
"ATCTACTTCTCTAAGG-1",13.4083071386969
"ATCTGCCAGGCTCAGA-1",21.1282923410517
"ATCTGCCGTACAGTTC-1",8.70728322931521
"ATCTGCCGTTGTGGAG-1",12.7139265273417
"ATCTGCCTCAGAGACG-1",8.2295380288824
"ATCTGCCTCAGCTGGC-1",15.5485441075985
"ATCTGCCTCGTACGGC-1",3.99968399906478
"ATCTGCCTCTCGAGTA-1",21.5566090208506
"ATCTGCCTCTGAGTGT-1",21.1282923410517
"ATCTGCCTCTTGTATC-1",13.3605549498206
"ATGAGGGAGGTCGGAT-1",26.3769784007083
"ATGAGGGCATGACGGA-1",5.89992684547042
"ATGAGGGCATTAGGCT-1",23.4485295363262
"ATGAGGGTCACATGCA-1",17.2256569678247
"ATGAGGGTCAGTCCCT-1",13.7452226256957
"ATGCGATAGTCAATAG-1",10.4415383319931
"ATGCGATCATGTTGAC-1",39.0174618923538
"ATGCGATGTGCAGTAG-1",40.0088218849501
"ATGCGATGTGCATCTA-1",0
"ATGCGATTCCCAAGAT-1",12.7139265273417
"ATGCGATTCGCCATAA-1",4.9708280504219
"ATGGGAGAGCAATATG-1",5.17025065346765
"ATGGGAGAGCCACGCT-1",1.93603268455258
"ATGGGAGAGGTGATAT-1",12.3625311872492
"ATGGGAGCACCAGGTC-1",3.39653636217056
"ATGGGAGCACTATCTT-1",16.1743683272059
"ATGGGAGCAGCATACT-1",13.735226361851
"ATGGGAGCATAGAAAC-1",23.2794990642325
"ATGGGAGCATTACCTT-1",13.1723946461415
"ATGTGTGAGCGAAGGG-1",4.82431866493765
"ATGTGTGAGGGTTTCT-1",12.3378966131319
"ATGTGTGAGTTGAGTA-1",13.417695488326
"ATGTGTGCACGGCGTT-1",11.6394085095916
"ATGTGTGCACGGTTTA-1",14.927767292798
"ATGTGTGCAGTATAAG-1",8.92175700464508
"ATGTGTGTCACGCGGT-1",17.5539411649691
"ATTACTCAGATGTGTA-1",3.54940780182887
"ATTACTCAGCGTAATA-1",7.51177619257674
"ATTACTCAGGTGCACA-1",19.7456280087805
"ATTACTCAGTGAAGTT-1",15.6542818145384
"ATTACTCCAAACTGTC-1",17.8741039278963
"ATTACTCCACCATCCT-1",1.65238423125736
"ATTACTCCAGACTCGC-1",19.7818008962905
"ATTACTCCATATGCTG-1",4.68903866897545
"ATTACTCCATCGGTTA-1",7.99653206931965
"ATTACTCCATTGCGGC-1",8.64601275696977
"ATTACTCGTTAAAGAC-1",38.3559042518933
"ATTACTCTCCGAACGC-1",14.6121039041387
"ATTATCCAGAGTACCG-1",15.8366029354524
"ATTATCCAGCTTATCG-1",4.27301562949398
"ATTATCCCACAAGCCC-1",18.4383978011714
"ATTATCCCATATGAGA-1",20.3572518873073
"ATTATCCCATCTGGTA-1",3.3161380374669
"ATTATCCGTCGTTGTA-1",14.9314342046654
"ATTATCCGTCTCTCTG-1",2.38347541227006
"ATTATCCTCAACGGGA-1",12.3378966131319
"ATTATCCTCCGCGCAA-1",6.88171002326812
"ATTATCCTCTCCGGTT-1",12.3572592835676
"ATTCTACGTCACTTCC-1",5.74476699795527
"ATTCTACGTCTAGTCA-1",4.76841518236688
"ATTCTACGTTGTCGCG-1",16.0101734261954
"ATTGGACAGCAGATCG-1",6.83719291251417
"ATTGGACAGGGCATGT-1",7.51177619257674
"ATTGGACAGTGGACGT-1",2.5855012251463
"ATTGGACCAAGACACG-1",39.8096845547806
"ATTGGACGTAATAGCA-1",7.21115968758962
"ATTGGACTCCTGCTTG-1",11.0945921877919
"ATTGGACTCGGCGCAT-1",6.83719291251417
"ATTGGACTCGTTTGCC-1",10.7053390150737
"ATTGGTGAGAATGTTG-1",18.8536211430138
"ATTGGTGCAAGCTGAG-1",13.560533254792
"ATTGGTGCAGCAGTTT-1",8.03066031735865
"ATTGGTGGTTGAGTTC-1",7.19341261960177
"ATTGGTGTCAAAGTAG-1",11.1935034446936
"ATTGGTGTCGGAAACG-1",18.3824015330131
"ATTTCTGAGGGATACC-1",15.6542818145384
"ATTTCTGAGGGATCTG-1",16.3087989953859
"ATTTCTGAGGTGTTAA-1",11.4190637071329
"ATTTCTGAGTCGAGTG-1",14.8172601863668
"ATTTCTGAGTTCGCAT-1",16.6145126792024
"ATTTCTGCAAGGTGTG-1",18.3342842614268
"ATTTCTGGTAGCTCCG-1",14.5762489064082
"ATTTCTGGTGCACGAA-1",38.4189807752929
"ATTTCTGGTTGCCTCT-1",21.2343074935247
"ATTTCTGTCAAAGTAG-1",5.08112951076596
"ATTTCTGTCAGCTCGG-1",0
"ATTTCTGTCTTGGGTA-1",4.76841518236688
"CAACCAAAGAAACGCC-1",18.3342842614268
"CAACCAAAGAGGGCTT-1",1.45793237384214
"CAACCAAAGCTGAAAT-1",13.2893940805328
"CAACCAAAGGACAGCT-1",18.6140301162327
"CAACCAAAGGGAGTAA-1",33.804160568766
"CAACCAACATACGCTA-1",12.3572592835676
"CAACCTCAGTAATCCC-1",13.0675156153143
"CAACCTCCAGACGCAA-1",10.6152723735558
"CAACCTCGTGAGTGAC-1",13.6326146708078
"CAACCTCGTTCCACGG-1",22.6644025486645
"CAACCTCTCATACGGT-1",3.45633348433684
"CAACCTCTCCGATATG-1",4.8609846462523
"CAACCTCTCCTTTACA-1",3.17337400328561
"CAACCTCTCTCTAGGA-1",0
"CAACTAGAGAATAGGG-1",10.0557964037185
"CAACTAGAGGATGCGT-1",3.35091264200698
"CAACTAGCACCATCCT-1",8.65953865024147
"CAACTAGCAGACTCGC-1",8.03066031735865
"CAACTAGCAGTTCATG-1",8.72182076698973
"CAACTAGGTACGCACC-1",10.6152723735558
"CAACTAGTCAGGCCCA-1",21.2219757022412
"CAAGAAAAGAAGGACA-1",18.0719153395118
"CAAGAAAAGACGCACA-1",3.46928342844781
"CAAGAAAAGGCCCTTG-1",8.72182076698973
"CAAGAAAAGGTGATAT-1",40.0088218849501
"CAAGAAAAGTCGATAA-1",12.3365952424755
"CAAGAAAAGTGGAGTC-1",3.39653636217056
"CAAGAAAAGTGTACCT-1",6.86934864123133
"CAAGAAACACGGTGTC-1",18.0370912188039
"CAAGAAATCTGCTTGC-1",35.4889442106527
"CAAGATCAGCTGAAAT-1",16.8419959170838
"CAAGATCGTAAGAGGA-1",4.62204326350685
"CAAGATCGTGCCTTGG-1",8.75036551485842
"CAAGATCTCAACACCA-1",23.4485295363262
"CAAGATCTCTCGATGA-1",7.27851322647121
"CAAGGCCAGGAGTCTG-1",10.5617991610405
"CAAGGCCAGGCTATCT-1",3.39653636217056
"CAAGGCCCACGGTAAG-1",5.75706858747495
"CAAGGCCCATGTTCCC-1",14.0758613588841
"CAAGGCCGTCCGTCAG-1",6.42052086370552
"CAAGGCCTCAACGGGA-1",1.39818618843915
"CAAGGCCTCCTTGACC-1",1.84582669049833
"CAAGGCCTCGTGACAT-1",21.3441255861118
"CAAGTTGAGACAGGCT-1",7.629426977069
"CAAGTTGAGATGTCGG-1",4.81453441163239
"CAAGTTGAGCGTCAAG-1",5.78852526622546
"CAAGTTGAGCGTTTAC-1",11.8111229845351
"CAAGTTGCACATTAGC-1",18.0550234616166
"CAAGTTGCACGCTTTC-1",15.9782810541286
"CAAGTTGCACGGTGTC-1",1.87843203544026
"CAAGTTGCATTCTTAC-1",42.840768561744
"CAAGTTGGTACTCAAC-1",4.82431866493765
"CAAGTTGGTCAGGACA-1",11.1935034446936
"CAAGTTGGTCGGCACT-1",1.97296240954775
"CAAGTTGTCAACGAAA-1",3.54940780182887
"CAAGTTGTCACCACCT-1",10.1600504188049
"CAAGTTGTCATTGCCC-1",14.9518921534945
"CAAGTTGTCGAATCCA-1",10.77259411097
"CAAGTTGTCTACTTAC-1",8.24237838009053
"CACAAACAGGGCTCTC-1",6.77716121041053
"CACAAACAGGGCTTGA-1",22.8097039057631
"CACAAACAGTGACATA-1",29.8182654109183
"CACAAACCAACTGCGC-1",6.83719291251417
"CACAAACCAATAAGCA-1",14.3985568386976
"CACAAACCAATCAGAA-1",9.73745330517653
"CACAAACCACTTAACG-1",10.1621577028583
"CACAAACCATGAACCT-1",18.6215257639704
"CACAAACCATGGTCAT-1",18.6295483143907
"CACAAACGTCAACTGT-1",14.2299420573158
"CACAAACGTCAGAATA-1",12.5840500297658
"CACAAACTCTTCGGTC-1",14.916614349485
"CACAAACTCTTGGGTA-1",35.4889442106527
"CACACAAAGCGACGTA-1",10.1061274179043
"CACACAAAGGGAGTAA-1",21.1282923410517
"CACACAACAAACGTGG-1",16.2711798362195
"CACACAACACATGACT-1",12.0843537446243
"CACACAACATCGATTG-1",1.71671439966477
"CACACAACATTGGGCC-1",10.5656170200237
"CACACAAGTACGACCC-1",3.58578442732706
"CACACAAGTCAGTGGA-1",18.6295483143907
"CACACAAGTCATCGGC-1",2.27245780891882
"CACACAAGTTTACTCT-1",6.69459378259762
"CACACAATCCACGTGG-1",5.19605389185883
"CACACAATCCACGTTC-1",5.88712631465908
"CACACAATCGGCGCAT-1",18.3342842614268
"CACACCTAGAGACTAT-1",6.49911838726595
"CACACCTAGGACATTA-1",7.48693090535743
"CACACCTAGTGTGAAT-1",20.8870680946063
"CACACCTCACTGAAGG-1",13.2766015694829
"CACACCTCATAGGATA-1",3.16332662110925
"CACACCTCATAGTAAG-1",29.9351144319859
"CACACCTCATTGGGCC-1",5.29897023995669
"CACACCTGTACAGCAG-1",3.95269191493061
"CACACCTGTACCGCTG-1",16.2523068443033
"CACACCTGTCCAAGTT-1",15.6462093694426
"CACACCTGTGGACGAT-1",5.42697998874197
"CACACCTGTGGTCTCG-1",3.09127810897501
"CACACCTTCATGTCTT-1",10.5037347775451
"CACACCTTCTGGCGAC-1",3.39653636217056
"CACACTCAGGGAAACA-1",30.9353976062749
"CACACTCCAACACCTA-1",1.80225274494389
"CACACTCCAAGGGTCA-1",12.5840500297658
"CACACTCGTGACGCCT-1",8.61362951266612
"CACACTCGTTTGTGTG-1",10.5137804815795
"CACAGGCAGCCATCGC-1",19.4348749897764
"CACAGGCAGGGATGGG-1",22.382230976818
"CACAGGCCAAGAGTCG-1",5.74476699795527
"CACAGGCCAATGGAGC-1",7.65278671158036
"CACAGGCGTCTAGGTT-1",16.0101734261954
"CACAGGCGTTACGCGC-1",5.34502449316777
"CACAGGCTCGGGAGTA-1",13.6218207113756
"CACAGGCTCTATGTGG-1",21.2219757022412
"CACAGTAAGACGCAAC-1",17.0514732204847
"CACAGTAAGACGCACA-1",21.1819099233726
"CACAGTAAGTGGGCTA-1",31.2905056871037
"CACAGTACAACTGGCC-1",3.45633348433684
"CACAGTACATCGGACC-1",21.2219757022412
"CACAGTAGTTCCATGA-1",40.1580494646679
"CACATAGAGCCCAATT-1",15.8128173559548
"CACATAGAGTGTACTC-1",9.50040900027345
"CACATAGCACTTCTGC-1",10.5037347775451
"CACATAGCAGGGTATG-1",3.35091264200698
"CACATAGTCCTTGCCA-1",20.4148340488857
"CACATAGTCGGCGCAT-1",27.2146060257759
"CACATTTAGCAGATCG-1",4.76841518236688
"CACATTTAGGGCACTA-1",5.88712631465908
"CACATTTCACGGCGTT-1",12.5556179162685
"CACATTTCATTACCTT-1",25.1801021842266
"CACATTTGTCGAACAG-1",0
"CACATTTGTGTTGAGG-1",1.45793237384214
"CACATTTTCCAGAGGA-1",1.71671439966477
"CACATTTTCCGCATCT-1",5.42697998874197
"CACATTTTCTACTATC-1",13.317680041281
"CACATTTTCTGTGCAA-1",15.3754846935049
"CACCACTAGCCACGTC-1",6.88171002326812
"CACCACTAGTGGTAAT-1",13.7452226256957
"CACCACTAGTTACCCA-1",23.2527529149738
"CACCACTCAAGCCCAC-1",17.9032857363307
"CACCACTCAGTTCATG-1",14.1883309907345
"CACCACTGTTATTCTC-1",7.91687961269865
"CACCACTTCACCGGGT-1",16.567232968061
"CACCACTTCGAATCCA-1",39.8096845547806
"CACCACTTCGACCAGC-1",23.5505816838676
"CACCACTTCTAACCGA-1",22.6644025486645
"CACCACTTCTTTAGTC-1",18.6295483143907
"CACCAGGCACATTAGC-1",40.1580494646679
"CACCAGGCACTGCCAG-1",9.76304957407227
"CACCAGGCATAAAGGT-1",37.9524957255258
"CACCAGGCATGAACCT-1",13.6962603690344
"CACCAGGGTGAAATCA-1",6.88127989818716
"CACCAGGGTGTTTGGT-1",23.7829973256961
"CACCAGGGTTATCACG-1",23.4485295363262
"CACCAGGTCATGTAGC-1",38.3458456695732
"CACCAGGTCTGCTTGC-1",21.3441255861118
"CACCTTGAGACTTGAA-1",2.97263397541483
"CACCTTGAGTCAATAG-1",3.00631284396615
"CACCTTGCAGGCGATA-1",8.93168926096447
"CACCTTGCATTCCTGC-1",3.17442725187691
"CACCTTGGTCATTAGC-1",14.8172601863668
"CACCTTGGTGATGTCT-1",1.93603268455258
"CACCTTGGTTATGTGC-1",27.3582456559182
"CACCTTGTCAACCATG-1",11.8537313956364
"CACCTTGTCATTATCC-1",8.49798737111596
"CACCTTGTCCAAAGTC-1",5.89992684547042
"CACCTTGTCTCACATT-1",12.3315083821604
"CACTCCAAGACAAGCC-1",18.7956275867329
"CACTCCAAGGTACTCT-1",19.3342543299475
"CACTCCACAATGGACG-1",11.8111229845351
"CACTCCAGTACATGTC-1",18.7386006746797
"CACTCCAGTTGTCGCG-1",38.8511718990053
"CACTCCATCAACACAC-1",23.8599778020503
"CACTCCATCCCAGGTG-1",0
"CAGAATCAGAAACCTA-1",24.5136152593696
"CAGAATCAGCCAACAG-1",10.7454108461918
"CAGAATCAGCTGGAAC-1",18.6552896947694
"CAGAATCAGGACTGGT-1",3.41864932735872
"CAGAATCAGTATCGAA-1",40.9867576975971
"CAGAATCCACAGAGGT-1",10.119014493127
"CAGAATCCAGGGTACA-1",14.2291207230813
"CAGAATCGTAAGTGTA-1",9.37392755828145
"CAGAATCGTAATCACC-1",8.96472113050911
"CAGAATCTCAGTTTGG-1",10.7459033419209
"CAGAATCTCGCAAGCC-1",16.8419959170838
"CAGAATCTCGGTCCGA-1",22.6644025486645
"CAGAATCTCTTGCAAG-1",10.5137804815795
"CAGAATCTCTTGTACT-1",24.7292716895762
"CAGAGAGAGAATTGTG-1",16.1743683272059
"CAGAGAGAGCAATATG-1",11.8811755601859
"CAGAGAGCAAGAAGAG-1",23.7829973256961
"CAGAGAGCACCAGATT-1",1.54544045030975
"CAGAGAGGTAATCACC-1",21.1282923410517
"CAGAGAGGTAGCTGCC-1",14.0758613588841
"CAGAGAGGTAGGACAC-1",5.17025065346765
"CAGAGAGGTATAGGGC-1",19.3697078431741
"CAGAGAGGTCCGAATT-1",1.71671439966477
"CAGAGAGGTTGAGGTG-1",14.09375485534
"CAGAGAGTCACCCGAG-1",0.835512043189675
"CAGAGAGTCATAACCG-1",7.85428623332147
"CAGAGAGTCCGAACGC-1",38.8511718990053
"CAGAGAGTCTGGTATG-1",7.5921433885232
"CAGATCAAGAGACGAA-1",1.31123717199884
"CAGATCAAGCACCGTC-1",24.6178393804243
"CAGATCAAGCTTCGCG-1",1.97296240954775
"CAGATCAAGGATTCGG-1",0.835512043189675
"CAGATCAAGTGTACCT-1",5.22547108543271
"CAGATCAAGTTTAGGA-1",28.9000338852063
"CAGATCACAATAACGA-1",8.60251585791081
"CAGATCACACACCGAC-1",7.99653206931965
"CAGATCACACGGTAAG-1",5.19605389185883
"CAGATCACACTCTGTC-1",8.9378924079348
"CAGATCACAGCATACT-1",3.35091264200698
"CAGATCACAGTGGGAT-1",34.3326376913844
"CAGATCAGTACCAGTT-1",8.64601275696977
"CAGATCAGTGCGGTAA-1",10.5415209369786
"CAGATCATCTGATTCT-1",5.75706858747495
"CAGCAGCAGATGCCAG-1",6.83719291251417
"CAGCAGCAGGGAACGG-1",1.72311168315317
"CAGCAGCCACCTATCC-1",11.247046553156
"CAGCAGCCATCACAAC-1",18.6140301162327
"CAGCAGCTCAACACTG-1",35.4889442106527
"CAGCAGCTCGAACTGT-1",10.2557758870069
"CAGCAGCTCGCCGTGA-1",0
"CAGCATAAGAGACGAA-1",17.3260714239945
"CAGCATAGTCTAGGTT-1",0
"CAGCATAGTTTACTCT-1",23.2374159542792
"CAGCATATCACGAAGG-1",14.0758613588841
"CAGCATATCAGGCAAG-1",0
"CAGCATATCCTTAATC-1",5.34502449316777
"CAGCCGAAGCATCATC-1",5.08112951076596
"CAGCCGAAGTTTCCTT-1",16.0101734261954
"CAGCCGACACGTGAGA-1",0
"CAGCCGACATCAGTCA-1",23.2794990642325
"CAGCCGAGTGATGTCT-1",5.48091058802365
"CAGCCGATCACCAGGC-1",10.1188207686424
"CAGCCGATCCTCAATT-1",17.5910437176852
"CAGCGACAGAAACGCC-1",4.62204326350685
"CAGCGACAGCGTCAAG-1",18.3824015330131
"CAGCGACCAAACGTGG-1",5.5138545066861
"CAGCGACCAAAGCGGT-1",18.012007238355
"CAGCGACCACGTCAGC-1",21.2219757022412
"CAGCGACCATGGGACA-1",8.15835725971924
"CAGCGACGTCTGATTG-1",8.86863569620917
"CAGCGACGTGGACGAT-1",35.4889442106527
"CAGCGACGTGGTTTCA-1",15.6032795078663
"CAGCGACGTTCGGCAC-1",12.3365952424755
"CAGCGACTCCGCAAGC-1",1.71671439966477
"CAGCGACTCTGGGCCA-1",24.7899486494577
"CAGCTAAAGATGTGTA-1",19.6563426814864
"CAGCTAAAGCAGACTG-1",10.1436859857713
"CAGCTAAAGCTGTTCA-1",25.999874962417
"CAGCTAAAGGAGCGTT-1",1.7000594688291
"CAGCTAACACAGATTC-1",12.9785277522524
"CAGCTAACATCAGTAC-1",12.3378966131319
"CAGCTAAGTAATCGTC-1",3.45633348433684
"CAGCTAAGTCTCACCT-1",9.37392755828145
"CAGCTAAGTTCGTCTC-1",3.54940780182887
"CAGCTAATCCACGCAG-1",3.17337400328561
"CAGCTAATCCCTAACC-1",1.54544045030975
"CAGCTAATCTGGTTCC-1",1.71671439966477
"CAGCTAATCTTAGCCC-1",2.01094826807031
"CAGCTAATCTTCGGTC-1",2.39204280568661
"CAGCTGGAGACACTAA-1",40.594246428482
"CAGCTGGAGATCCTGT-1",18.8576790450107
"CAGCTGGCACCAACCG-1",18.3014869821592
"CAGCTGGCAGTGGAGT-1",8.11469799314238
"CAGCTGGCATGCATGT-1",3.54940780182887
"CAGCTGGTCTACCTGC-1",18.3342842614268
"CAGGTGCAGAGACGAA-1",9.71696489249194
"CAGGTGCAGATCCTGT-1",6.25969797571829
"CAGGTGCAGGCATGTG-1",0
"CAGGTGCCAGGAACGT-1",5.88712631465908
"CAGGTGCCATAGTAAG-1",24.4382935842847
"CAGGTGCCATCGGAAG-1",22.6715862958375
"CAGGTGCTCAGTTGAC-1",8.70728322931521
"CAGGTGCTCCAAGTAC-1",0
"CAGGTGCTCTTGTATC-1",22.5913477977865
"CAGTAACAGATATGGT-1",17.0514732204847
"CAGTAACAGATGGCGT-1",5.34502449316777
"CAGTAACCAATCACAC-1",4.82335780513495
"CAGTAACCACTCGACG-1",37.9524957255258
"CAGTAACGTGATAAGT-1",20.092459932807
"CAGTAACGTGCACCAC-1",18.2289596111846
"CAGTAACTCAGAGGTG-1",3.39653636217056
"CAGTAACTCGTACGGC-1",19.6563426814864
"CAGTAACTCGTGACAT-1",6.78095653744224
"CAGTAACTCTGCCAGG-1",11.1994005695503
"CAGTCCTAGAATCTCC-1",17.6951528928243
"CAGTCCTAGATCTGCT-1",4.76841518236688
"CAGTCCTCAGTATAAG-1",5.70656813221831
"CAGTCCTTCAACACGT-1",21.7194958522329
"CAGTCCTTCCATGAGT-1",14.5043844883219
"CAGTCCTTCCCGACTT-1",23.2794990642325
"CAGTCCTTCCCTTGTG-1",16.0101734261954
"CAGTCCTTCGAACGGA-1",5.08507022854049
"CAGTCCTTCGGTTCGG-1",6.42052086370552
"CAGTCCTTCTACTTAC-1",21.3174670299702
"CATATGGAGAGATGAG-1",7.65278671158036
"CATATGGAGGCATGGT-1",24.7899486494577
"CATATGGAGTATTGGA-1",4.9708280504219
"CATATGGCAAGCGTAG-1",5.42697998874197
"CATATGGGTCGCATAT-1",0
"CATATGGTCATTATCC-1",11.6310682833649
"CATATGGTCATTGCGA-1",30.9353976062749
"CATATTCCACCACCAG-1",17.2256569678247
"CATATTCGTGACTACT-1",1.45793237384214
"CATATTCGTGGTACAG-1",3.99968399906478
"CATATTCGTGTGACGA-1",19.867341718379
"CATATTCTCACAGGCC-1",4.11376912853278
"CATATTCTCGCAAACT-1",0
"CATCAAGAGAACTCGG-1",7.8065578142081
"CATCAAGAGATGGCGT-1",3.99968399906478
"CATCAAGAGCCGCCTA-1",20.2384401544359
"CATCAAGCACGAAACG-1",7.21115968758962
"CATCAAGCAGCCTTTC-1",13.4593048519999
"CATCAAGCATGGAATA-1",6.33890620911778
"CATCAAGGTTACTGAC-1",15.1002032199472
"CATCAAGGTTCCATGA-1",5.17025065346765
"CATCAAGTCTAAGCCA-1",2.06222136969842
"CATCAAGTCTGACCTC-1",6.42052086370552
"CATCAGAAGCTAGTCT-1",15.91827645908
"CATCAGACAAGCCATT-1",14.2291207230813
"CATCAGACAATGACCT-1",12.3572592835676
"CATCAGACACGGCCAT-1",16.1549797776031
"CATCAGACAGACAGGT-1",2.853710311878
"CATCAGACATAACCTG-1",7.8622843663812
"CATCAGAGTAATTGGA-1",17.1315085386917
"CATCAGAGTACATGTC-1",8.65953865024147
"CATCAGAGTGTTAAGA-1",1.97296240954775
"CATCAGAGTTCAACCA-1",22.6644025486645
"CATCAGATCGTTGACA-1",11.5451210065
"CATCCACGTAAAGTCA-1",11.4422187721632
"CATCCACGTACCGTAT-1",5.34502449316777
"CATCCACGTGCCTGTG-1",40.0821089805019
"CATCCACGTTTAAGCC-1",20.2560698970809
"CATCGAAAGAGTACAT-1",31.7130528892807
"CATCGAAAGCTGTCTA-1",22.6644025486645
"CATCGAACAAGAGGCT-1",3.9588624062226
"CATCGAACAAGCTGAG-1",7.65278671158036
"CATCGAACACATTTCT-1",14.2290060387078
"CATCGAACATAAAGGT-1",1.93603268455258
"CATCGAAGTAGTACCT-1",9.34613999977612
"CATCGAAGTCCGACGT-1",38.3559042518933
"CATCGAAGTGCACTTA-1",14.3985568386976
"CATCGAATCAAACCAC-1",19.4860471701667
"CATCGAATCCGCGGTA-1",3.82169536005632
"CATCGAATCCGTAGTA-1",16.3315773181314
"CATCGGGAGAAGCCCA-1",8.61362951266612
"CATCGGGAGCGAGAAA-1",8.50315015722532
"CATCGGGAGGGTGTGT-1",12.3625311872492
"CATCGGGAGGTGTTAA-1",6.88127989818716
"CATCGGGAGTGACTCT-1",12.5840500297658
"CATCGGGCACTCAGGC-1",3.8417744066671
"CATCGGGCAGACGCTC-1",19.9676588938366
"CATCGGGCATCACAAC-1",12.3365952424755
"CATCGGGGTCCTCTTG-1",34.6996997206396
"CATCGGGGTGAGGGAG-1",6.99474629212139
"CATCGGGGTTCGAATC-1",1.97296240954775
"CATCGGGTCAGGATCT-1",12.544229434248
"CATCGGGTCCACGAAT-1",13.3685785126689
"CATCGGGTCGATGAGG-1",4.84992710150037
"CATGACAAGACCACGA-1",11.1935034446936
"CATGACAAGCTCCTCT-1",0.835512043189675
"CATGACAAGTAACCCT-1",5.08507022854049
"CATGACAAGTATCTCG-1",6.77716121041053
"CATGACAGTCGTCTTC-1",12.3572592835676
"CATGACAGTGAACCTT-1",17.6115381744236
"CATGACATCAATAAGG-1",10.7789704019526
"CATGACATCTAACTGG-1",14.5762489064082
"CATGCCTAGACCTAGG-1",21.7194958522329
"CATGCCTAGAGTCTGG-1",4.82431866493765
"CATGCCTCACCACCAG-1",18.2119185180851
"CATGCCTGTCAAAGCG-1",8.9378924079348
"CATGCCTGTCGATTGT-1",11.3298852803186
"CATGCCTTCCACGACG-1",12.3378966131319
"CATGCCTTCCTCATTA-1",17.3493679383814
"CATGCCTTCGCATGAT-1",17.9032857363307
"CATGGCGAGAGCTGGT-1",38.1281141024871
"CATGGCGAGTACGACG-1",12.1401505485675
"CATGGCGTCCAAAGTC-1",6.39211353994258
"CATGGCGTCCCTTGTG-1",23.7829973256961
"CATGGCGTCGGCCGAT-1",13.9518970223362
"CATGGCGTCTCAAACG-1",23.2794990642325
"CATGGCGTCTGCCCTA-1",4.26460413510863
"CATTATCAGACCCACC-1",12.1337215972719
"CATTATCAGTCCCACG-1",11.8111229845351
"CATTATCCAAGTCTGT-1",34.6996997206396
"CATTATCCAGGGCATA-1",0
"CATTATCGTCAATGTC-1",5.29470140097121
"CATTATCTCACAAACC-1",19.4860471701667
"CATTATCTCAGATAAG-1",3.17337400328561
"CATTATCTCGCGTTTC-1",4.82431866493765
"CATTATCTCGTTGCCT-1",39.0174618923538
"CATTATCTCTATCCCG-1",21.2844290276153
"CATTATCTCTTAACCT-1",23.2794990642325
"CATTCGCAGGTGCTAG-1",0
"CATTCGCCAAGGGTCA-1",10.626811502499
"CATTCGCCAGCCTATA-1",15.0950526433245
"CATTCGCCATACAGCT-1",6.86934864123133
"CATTCGCCATGGATGG-1",12.0745427808961
"CATTCGCCATGTCTCC-1",3.35091264200698
"CATTCGCCATTCACTT-1",22.6644025486645
"CATTCGCGTAGCACGA-1",23.7829973256961
"CATTCGCTCATCACCC-1",8.44538222056996
"CCAATCCAGACCACGA-1",11.9085609757805
"CCAATCCAGATATGGT-1",5.08507022854049
"CCAATCCAGTCGAGTG-1",14.0758613588841
"CCAATCCAGTCGTTTG-1",7.96927029666748
"CCAATCCAGTTTAGGA-1",0
"CCAATCCCAAGCGAGT-1",9.14508264895951
"CCAATCCTCGGACAAG-1",9.26807777858599
"CCACCTAAGGATGGTC-1",18.6411116868147
"CCACCTAAGTCGAGTG-1",5.908785679512
"CCACCTAAGTGGGATC-1",23.4485295363262
"CCACCTAAGTGTGGCA-1",14.1499382001418
"CCACCTACAACAACCT-1",16.961970883576
"CCACCTACAAGCCGCT-1",0.835512043189675
"CCACCTACAATCTACG-1",3.45633348433684
"CCACCTAGTAGTACCT-1",23.2794990642325
"CCACCTAGTCGCGTGT-1",6.78095653744224
"CCACCTAGTGGGTCAA-1",5.19605389185883
"CCACCTATCAGTTGAC-1",17.5910437176852
"CCACCTATCTGATACG-1",0
"CCACGGAAGGGAACGG-1",8.67385500410203
"CCACGGACATGTCGAT-1",30.7714449845462
"CCACGGAGTAAGGGCT-1",8.20331269232805
"CCACGGAGTCAGATAA-1",6.16577231122494
"CCACGGAGTCCGTGAC-1",31.7130528892807
"CCACGGAGTGTAATGA-1",21.2343074935247
"CCACGGAGTTCTGAAC-1",2.853710311878
"CCACGGATCACATAGC-1",18.6431218231826
"CCACGGATCCACGTGG-1",14.2290060387078
"CCACGGATCTACTATC-1",15.6062027967184
"CCACGGATCTAGAGTC-1",12.0745427808961
"CCACTACAGAGTACCG-1",1.7000594688291
"CCACTACAGCTTTGGT-1",21.1282923410517
"CCACTACCAGCAGTTT-1",0
"CCACTACCAGTAGAGC-1",12.1218859058168
"CCACTACGTCCGAATT-1",11.247046553156
"CCACTACGTCTCAACA-1",38.3559042518933
"CCACTACGTGACAAAT-1",42.840768561744
"CCACTACGTGACCAAG-1",14.1883309907345
"CCACTACGTGCACGAA-1",12.5813243577834
"CCACTACTCACTCTTA-1",3.39756380660801
"CCACTACTCCGCATCT-1",1.62563259835408
"CCACTACTCGGAAATA-1",9.82072600446966
"CCACTACTCTCGTATT-1",15.8366029354524
"CCACTACTCTCGTTTA-1",18.3342842614268
"CCAGCGAAGCCCAACC-1",14.0855300802491
"CCAGCGACATCGGGTC-1",0
"CCAGCGACATGTCCTC-1",20.9929154032898
"CCAGCGAGTAGGCATG-1",14.0758613588841
"CCAGCGAGTCCGTTAA-1",10.5037347775451
"CCAGCGATCAGAAATG-1",16.330180387465
"CCATGTCAGCGATCCC-1",10.4421948232303
"CCATGTCAGGTCGGAT-1",26.6698863018287
"CCATGTCAGGTTACCT-1",18.0719153395118
"CCATGTCCAAGCTGGA-1",11.247046553156
"CCATGTCCACATCCGG-1",3.41864932735872
"CCATGTCGTCCAGTAT-1",15.4788761283587
"CCATGTCTCCAAGTAC-1",17.5748432146444
"CCATGTCTCTTGTATC-1",5.42697998874197
"CCATTCGCAGTACACT-1",40.1580494646679
"CCATTCGCAGTTTACG-1",11.6310682833649
"CCATTCGGTAATCGTC-1",3.35091264200698
"CCATTCGGTATTACCG-1",5.75706858747495
"CCCAATCAGTCACGCC-1",1.87843203544026
"CCCAATCCAGGTGGAT-1",8.60251585791081
"CCCAATCGTGAAGGCT-1",12.3378966131319
"CCCAATCGTTGGAGGT-1",16.2062633337108
"CCCAATCTCACATGCA-1",17.2256569678247
"CCCAATCTCCAGTATG-1",23.4485295363262
"CCCAATCTCGGAGCAA-1",1.71671439966477
"CCCAGTTAGAATAGGG-1",1.54544045030975
"CCCAGTTAGATCCCGC-1",3.75170231881233
"CCCAGTTAGCGTGAAC-1",10.4726954389428
"CCCAGTTAGGAATCGC-1",9.34613999977612
"CCCAGTTAGTCCGGTC-1",34.6996997206396
"CCCAGTTAGTTTGCGT-1",0
"CCCAGTTGTACATGTC-1",16.9295776659374
"CCCAGTTGTCTGCAAT-1",0
"CCCAGTTTCTGAAAGA-1",40.0088218849501
"CCCATACAGGGTTCCC-1",5.19605389185883
"CCCATACAGTGTTTGC-1",3.45633348433684
"CCCATACCAAAGGTGC-1",14.3085313778444
"CCCATACCAACACCCG-1",15.0950526433245
"CCCATACCAGCAGTTT-1",16.8446287618086
"CCCATACGTATTACCG-1",16.64106707227
"CCCATACGTCAATACC-1",17.9299775044811
"CCCATACGTCTAGTCA-1",18.3342842614268
"CCCATACGTTGAGTTC-1",8.24237838009053
"CCCATACTCAATAAGG-1",3.54940780182887
"CCCATACTCAGCGACC-1",5.74476699795527
"CCCATACTCATCACCC-1",6.83719291251417
"CCCATACTCCGTAGGC-1",14.9518921534945
"CCCTCCTAGGAATCGC-1",40.0821089805019
"CCCTCCTCAGCTTAAC-1",2.27245780891882
"CCCTCCTCATATGAGA-1",23.5505816838676
"CCCTCCTCATCACGTA-1",2.01094826807031
"CCCTCCTGTATGGTTC-1",2.85483326089071
"CCCTCCTGTTAGATGA-1",9.71696489249194
"CCCTCCTTCAATCACG-1",11.4183900123222
"CCCTCCTTCCGCAGTG-1",1.62563259835408
"CCGGGATAGCTTCGCG-1",9.82264677190337
"CCGGGATAGGCGACAT-1",19.7960720624388
"CCGGGATAGGCTAGGT-1",4.81453441163239
"CCGGGATCACAGTCGC-1",5.55680948914084
"CCGGGATGTATAGGTA-1",11.0408533676665
"CCGGGATTCAGAGCTT-1",5.89992684547042
"CCGGGATTCGCTAGCG-1",14.09375485534
"CCGGGATTCGCTTGTC-1",4.27301562949398
"CCGGTAGAGCGTCTAT-1",3.39756380660801
"CCGGTAGAGTACGCCC-1",12.9934494191103
"CCGGTAGCACATAACC-1",8.49798737111596
"CCGGTAGCACGCATCG-1",3.25356209444035
"CCGGTAGGTACTTCTT-1",9.87256712619876
"CCGGTAGGTCAAACTC-1",1.31103918124792
"CCGGTAGTCGTCCGTT-1",3.19282442527262
"CCGTACTAGAGAACAG-1",7.19341261960177
"CCGTACTAGTCCGTAT-1",6.83719291251417
"CCGTACTCAAGCCCAC-1",40.3170536706991
"CCGTACTCAAGCGAGT-1",3.99968399906478
"CCGTACTCATCCCACT-1",5.19605389185883
"CCGTACTGTACAGCAG-1",20.3572518873073
"CCGTACTGTGCGGTAA-1",15.6542818145384
"CCGTACTTCGTTACAG-1",6.83719291251417
"CCGTGGAAGACGCACA-1",6.88171002326812
"CCGTGGAAGAGTTGGC-1",17.8741039278963
"CCGTGGAAGGTGATAT-1",25.9893271415974
"CCGTGGAAGGTTCCTA-1",35.4889442106527
"CCGTGGACAGCCTTGG-1",5.70656813221831
"CCGTGGAGTTCCATGA-1",6.9476099609401
"CCGTGGATCTAACTTC-1",21.2700649038912
"CCGTTCAAGCGTAATA-1",3.3161380374669
"CCGTTCAAGTACGATA-1",1.6827258250093
"CCGTTCAAGTAGATGT-1",16.2711798362195
"CCGTTCACAGGATCGA-1",19.3465017455116
"CCGTTCAGTATAGGGC-1",12.7139265273417
"CCGTTCAGTCGCGAAA-1",15.872853091602
"CCGTTCATCGTACCGG-1",19.3179562605323
"CCTAAAGAGAGTTGGC-1",10.2486911633588
"CCTAAAGCAAACCTAC-1",18.879136770243
"CCTAAAGCATGTCTCC-1",11.6310682833649
"CCTAAAGGTACTCAAC-1",2.85483326089071
"CCTAAAGGTCGGCACT-1",6.86934864123133
"CCTAAAGGTGTAATGA-1",0
"CCTAAAGTCACCGTAA-1",24.7899486494577
"CCTAAAGTCAGCGATT-1",4.81453441163239
"CCTAAAGTCGGCGCTA-1",32.0973431969288
"CCTAAAGTCGGTCCGA-1",8.65953865024147
"CCTACACAGGACCACA-1",8.60251585791081
"CCTACACAGGGTGTTG-1",9.37863129854293
"CCTACACCAGTAAGAT-1",0
"CCTACACGTATAGTAG-1",8.03066031735865
"CCTACACGTCCGAACC-1",6.26914224474028
"CCTACACGTGGGTCAA-1",14.2233977883149
"CCTACACGTTTGACTG-1",5.48091058802365
"CCTACACTCGGCGCTA-1",21.1282923410517
"CCTACACTCGTGACAT-1",4.91034204751274
"CCTACCAAGATAGGAG-1",19.7046485283044
"CCTACCAAGCAAATCA-1",17.5539411649691
"CCTACCAAGCGTAGTG-1",17.3273592716128
"CCTACCAAGTGCGATG-1",15.3694275168487
"CCTACCAGTATCAGTC-1",19.9676588938366
"CCTACCAGTCTCTCTG-1",9.614690583597
"CCTACCAGTCTTTCAT-1",10.3532576216303
"CCTACCATCAGCACAT-1",2.97263397541483
"CCTACCATCGCCAGCA-1",12.1871952554622
"CCTAGCTAGCAAATCA-1",16.0563328141512
"CCTAGCTAGCTCCTCT-1",11.247046553156
"CCTAGCTAGGTTACCT-1",10.7459033419209
"CCTAGCTAGTACGCGA-1",16.961970883576
"CCTAGCTCAATGAATG-1",14.2299420573158
"CCTAGCTCAATGGTCT-1",18.5116743604329
"CCTAGCTCACATCCAA-1",18.6386610230193
"CCTAGCTCAGCCAGAA-1",3.99968399906478
"CCTAGCTGTAGAAAGG-1",3.09127810897501
"CCTAGCTGTCACCCAG-1",18.6431218231826
"CCTAGCTGTCTGATTG-1",8.67385500410203
"CCTAGCTTCACGATGT-1",22.3915500734571
"CCTAGCTTCGTAGGAG-1",2.01094826807031
"CCTATTAAGAATTCCC-1",6.26914224474028
"CCTATTAAGCAGGCTA-1",29.8182654109183
"CCTATTAAGCAGGTCA-1",11.247046553156
"CCTATTAAGGGAGTAA-1",38.8511718990053
"CCTATTAAGGTAGCCA-1",30.2611090398662
"CCTATTACACAACTGT-1",3.3161380374669
"CCTATTACACATCCGG-1",1.97296240954775
"CCTATTAGTCAATACC-1",0.835512043189675
"CCTATTATCATCACCC-1",25.3678002389729
"CCTATTATCTGCGACG-1",34.6996997206396
"CCTCAGTAGCTAACTC-1",12.0030413741353
"CCTCAGTCAGGTGGAT-1",25.1023261498424
"CCTCAGTGTCCATCCT-1",15.8299650491789
"CCTCAGTGTCCGACGT-1",1.39818618843915
"CCTCAGTGTCTTGTCC-1",3.3161380374669
"CCTCAGTGTGGGTATG-1",6.83719291251417
"CCTCTGAAGTATCGAA-1",9.67521820796557
"CCTCTGAAGTGGGTTG-1",10.7459033419209
"CCTCTGACAAGCTGTT-1",10.4229533275874
"CCTCTGACACCGATAT-1",29.8182654109183
"CCTCTGACAGATGAGC-1",13.0575717471717
"CCTCTGAGTCAATACC-1",25.9893271415974
"CCTCTGAGTCCGAACC-1",3.16332662110925
"CCTCTGAGTCGTGGCT-1",5.1540112885602
"CCTCTGAGTCTGATTG-1",14.0758613588841
"CCTTACGCAAGCGTAG-1",10.626811502499
"CCTTACGCACCAACCG-1",0.835512043189675
"CCTTACGGTCATCCCT-1",5.19605389185883
"CCTTACGGTCCTCTTG-1",11.2529723846315
"CCTTACGTCACAACGT-1",18.6215257639704
"CCTTACGTCATCTGCC-1",7.89117952290397
"CCTTACGTCGGAGGTA-1",18.8536211430138
"CCTTCCCAGAGACTAT-1",13.2766015694829
"CCTTCCCAGCTAGGCA-1",4.82431866493765
"CCTTCCCAGGACGAAA-1",17.5539411649691
"CCTTCCCAGGGCATGT-1",2.39336217346739
"CCTTCCCAGGTACTCT-1",7.65278671158036
"CCTTCCCCATGATCCA-1",12.3572592835676
"CCTTCCCTCAAGGCTT-1",12.3572592835676
"CCTTCCCTCTATCCTA-1",7.4224043138187
"CCTTCCCTCTATCGCC-1",5.17025065346765
"CCTTCGAAGGCGCTCT-1",13.2955329738178
"CCTTCGACAACACCCG-1",21.2343074935247
"CCTTCGACAGCGATCC-1",12.4522090321013
"CCTTCGAGTAAGCACG-1",0
"CCTTCGAGTCCATGAT-1",3.3161380374669
"CCTTCGAGTGTGACCC-1",2.853710311878
"CCTTCGAGTTGGTGGA-1",5.89992684547042
"CCTTCGATCACAGTAC-1",17.6115381744236
"CCTTCGATCCTATGTT-1",0
"CCTTCGATCGCACTCT-1",6.39211353994258
"CCTTTCTAGACGCTTT-1",6.36945169423449
"CCTTTCTAGGGCACTA-1",5.05097211083609
"CCTTTCTAGTGGAGTC-1",16.1513401264346
"CCTTTCTCAGACAAGC-1",13.1266400304311
"CCTTTCTCATCACGAT-1",14.2299420573158
"CCTTTCTCATGCCCGA-1",5.18018622621329
"CCTTTCTTCCCACTTG-1",10.5903019438021
"CCTTTCTTCTTTACGT-1",12.3315083821604
"CGAACATCACATGACT-1",14.9518921534945
"CGAACATCACTTGGAT-1",12.5813243577834
"CGAACATCAGTCCTTC-1",1.71671439966477
"CGAACATGTCTGATTG-1",8.72182076698973
"CGAACATGTGCTGTAT-1",14.5830432827051
"CGAACATTCTCAAACG-1",16.567232968061
"CGAATGTAGAGGTTAT-1",13.9518970223362
"CGAATGTAGCGATAGC-1",15.6542818145384
"CGAATGTAGTTCGCAT-1",13.9392472380206
"CGAATGTCAATGCCAT-1",11.8111229845351
"CGAATGTGTCTAGTCA-1",12.5840500297658
"CGAATGTGTCTCACCT-1",10.1814905282413
"CGAATGTTCAACACAC-1",19.867341718379
"CGAATGTTCATCACCC-1",12.3625311872492
"CGAATGTTCTGTACGA-1",12.1871952554622
"CGACCTTAGCTACCGC-1",3.5068812269031
"CGACCTTAGCTAGTCT-1",8.03796247688213
"CGACCTTCAAAGTGCG-1",10.7454108461918
"CGACCTTCACGAAATA-1",15.872853091602
"CGACCTTGTAAGTGTA-1",8.78861123540499
"CGACCTTGTCAGAATA-1",7.19341261960177
"CGACCTTGTCTCCCTA-1",1.54544045030975
"CGACCTTGTCTCTTAT-1",15.0950526433245
"CGACCTTTCCGCGTTT-1",14.9186184914538
"CGACCTTTCGTTTATC-1",11.1935034446936
"CGACCTTTCTCCAGGG-1",1.39818618843915
"CGACTTCAGACACGAC-1",14.9518921534945
"CGACTTCAGGTAGCCA-1",19.3294502916387
"CGACTTCAGTCTTGCA-1",1.87843203544026
"CGACTTCCAATGGACG-1",11.247046553156
"CGACTTCGTGGTGTAG-1",7.72078210999785
"CGACTTCGTTGAGTTC-1",27.3582456559182
"CGACTTCTCACTTACT-1",0
"CGACTTCTCTCGCTTG-1",38.3458456695732
"CGAGAAGAGAAACGCC-1",13.3743880057607
"CGAGAAGAGCCAACAG-1",1.62170998635977
"CGAGAAGAGCGTGTCC-1",37.0153858013958
"CGAGAAGCAAGTTCTG-1",12.3378966131319
"CGAGAAGCACATCCGG-1",5.89992684547042
"CGAGAAGCAGGCTGAA-1",38.3559042518933
"CGAGAAGTCGGATGGA-1",19.4407767055752
"CGAGCACAGCCAGAAC-1",7.68181546666063
"CGAGCACCACATGTGT-1",10.4415383319931
"CGAGCACGTAGCGTCC-1",6.16577231122494
"CGAGCACGTAGCGTGA-1",14.9518921534945
"CGAGCACGTCAGATAA-1",11.0209608978413
"CGAGCACGTGCCTTGG-1",42.840768561744
"CGAGCACTCCCGGATG-1",19.4860471701667
"CGAGCACTCCGCTGTT-1",8.72182076698973
"CGAGCACTCGTGACAT-1",16.961970883576
"CGAGCCAAGCTAGCCC-1",17.5748432146444
"CGAGCCAGTATATCCG-1",5.89992684547042
"CGAGCCAGTCAAGCGA-1",6.16577231122494
"CGATCGGAGAGCCTAG-1",31.7130528892807
"CGATCGGAGTACGATA-1",8.44415969680415
"CGATCGGCAAACGCGA-1",8.74058505392114
"CGATCGGCAAGCGATG-1",3.00631284396615
"CGATCGGCAATACGCT-1",20.4876034181367
"CGATCGGCAGTTAACC-1",2.85483326089071
"CGATCGGCATACTCTT-1",17.5539411649691
"CGATCGGGTCGACTGC-1",3.58578442732706
"CGATCGGTCAACGGGA-1",21.1282923410517
"CGATCGGTCTAGCACA-1",5.29470140097121
"CGATGGCAGCCGTCGT-1",22.2064432104237
"CGATGGCAGTCCAGGA-1",19.1102428712641
"CGATGGCCACTTAACG-1",19.3803708024028
"CGATGGCCAGCGTAAG-1",13.2766015694829
"CGATGGCCATCATCCC-1",18.3824015330131
"CGATGGCTCCTAGAAC-1",21.7300773089878
"CGATGGCTCGCTAGCG-1",8.1435294568359
"CGATGGCTCTGACCTC-1",15.9781108711686
"CGATGTAAGGCAATTA-1",32.5759377236261
"CGATGTAAGTTTGCGT-1",0
"CGATGTACACAGGCCT-1",1.54544045030975
"CGATGTACAGGTCTCG-1",14.7991054206856
"CGATGTAGTCCAGTGC-1",15.1135873006916
"CGATGTAGTCTAGGTT-1",13.8949275264355
"CGATGTAGTGTGCCTG-1",3.35091264200698
"CGATGTAGTTTGCATG-1",21.1819099233726
"CGATTGAAGATGTGGC-1",14.2290060387078
"CGATTGACAGACGCAA-1",10.1436859857713
"CGATTGAGTATGGTTC-1",17.4585547277004
"CGATTGAGTTCAGACT-1",14.1883309907345
"CGATTGATCATGGTCA-1",13.3685785126689
"CGATTGATCTGCGGCA-1",15.872853091602
"CGCCAAGAGAATGTTG-1",16.0101734261954
"CGCCAAGAGACCTTTG-1",12.3315083821604
"CGCCAAGAGATCGGGT-1",5.75706858747495
"CGCCAAGAGATCTGAA-1",5.29470140097121
"CGCCAAGAGCGTGTCC-1",15.761896768224
"CGCCAAGGTCTAGGTT-1",14.9186184914538
"CGCCAAGTCAGGATCT-1",17.4585547277004
"CGCCAAGTCCACTCCA-1",2.39204280568661
"CGCCAAGTCTTGTTTG-1",5.19605389185883
"CGCGGTAAGCTAGCCC-1",16.4108694038416
"CGCGGTAAGGGTTCCC-1",10.7789704019526
"CGCGGTACAAACTGCT-1",5.908785679512
"CGCGGTACAATGGAAT-1",2.27245780891882
"CGCGGTACAGCTGTTA-1",6.69459378259762
"CGCGGTAGTCAAGCGA-1",1.97296240954775
"CGCGGTAGTGAGGCTA-1",10.1061274179043
"CGCGGTAGTTTGCATG-1",7.96927029666748
"CGCGTTTAGTTATCGC-1",11.1935034446936
"CGCGTTTCAACAACCT-1",8.67385500410203
"CGCGTTTCAAGCGAGT-1",13.6771779576637
"CGCGTTTCAATGGACG-1",21.7194958522329
"CGCGTTTCACGGTGTC-1",21.1631670173074
"CGCGTTTGTGCTGTAT-1",17.7337284091941
"CGCGTTTGTGGACGAT-1",4.15400012332633
"CGCGTTTTCAAACCGT-1",14.8322910677846
"CGCGTTTTCAGCCTAA-1",1.62563259835408
"CGCGTTTTCCTATGTT-1",17.9032857363307
"CGCGTTTTCGTGGTCG-1",31.2905056871037
"CGCTATCAGAAACCGC-1",7.27851322647121
"CGCTATCAGTCATCCA-1",1.71671439966477
"CGCTATCCAAGCGAGT-1",6.86934864123133
"CGCTATCCAGTCGATT-1",7.22789849310507
"CGCTATCCATCGACGC-1",21.2219757022412
"CGCTATCCATTTCAGG-1",3.17337400328561
"CGCTATCGTACCGAGA-1",3.17442725187691
"CGCTATCGTTCGAATC-1",23.7235829936772
"CGCTATCGTTTCGCTC-1",5.08507022854049
"CGCTATCTCGTTACAG-1",9.62126066657246
"CGCTGGAAGGACATTA-1",10.1188207686424
"CGCTGGAAGGGCACTA-1",4.7180522886328
"CGCTGGAAGGTGATAT-1",19.9087364447599
"CGCTGGACAGACTCGC-1",7.85428623332147
"CGCTGGAGTGTAATGA-1",3.5068812269031
"CGCTGGAGTTCTGGTA-1",17.966127796434
"CGCTGGATCCGAAGAG-1",16.3040123816555
"CGCTGGATCCGTTGCT-1",3.5068812269031
"CGCTGGATCGTAGGAG-1",38.3458456695732
"CGCTGGATCGTTACAG-1",8.72182076698973
"CGCTTCAAGAAGGGTA-1",23.2660723546095
"CGCTTCAAGGTCGGAT-1",13.6326146708078
"CGCTTCACACGGTGTC-1",15.0939141391878
"CGCTTCACAGACAAGC-1",3.17337400328561
"CGCTTCACATCACCCT-1",0
"CGCTTCAGTCGCGGTT-1",35.4889442106527
"CGCTTCATCTTAGAGC-1",12.0996568517213
"CGGACACAGCGATATA-1",13.1723946461415
"CGGACACAGCGATGAC-1",0
"CGGACACAGCTTCGCG-1",14.8322910677846
"CGGACACAGGTAAACT-1",7.27851322647121
"CGGACACAGTAGCCGA-1",3.81095959846864
"CGGACACCACAGGAGT-1",3.82169536005632
"CGGACACCATTCACTT-1",4.76841518236688
"CGGACACGTGAGCGAT-1",15.1002032199472
"CGGACACGTGCTCTTC-1",6.42052086370552
"CGGACACGTGTGACCC-1",15.4298992085057
"CGGACGTAGGTTACCT-1",25.3385179706597
"CGGACGTCATGGGACA-1",10.7454108461918
"CGGACGTGTGAAAGAG-1",7.57989781944618
"CGGACGTGTTGGTAAA-1",5.10691919695703
"CGGACGTTCATGTGGT-1",14.1883309907345
"CGGACGTTCTGTCCGT-1",5.69404774329916
"CGGACTGAGGAGCGAG-1",17.4585547277004
"CGGACTGAGGAGTCTG-1",1.71671439966477
"CGGACTGAGTGGTAGC-1",12.3365952424755
"CGGACTGCAACTTGAC-1",37.4908744086401
"CGGACTGCAATGACCT-1",16.961970883576
"CGGACTGCACAACGTT-1",8.49798737111596
"CGGACTGCACGCCAGT-1",17.5451326604728
"CGGACTGCAGTATGCT-1",7.99653206931965
"CGGACTGGTAAAGGAG-1",21.7194958522329
"CGGACTGGTATAAACG-1",12.2506329423589
"CGGACTGGTGTAAGTA-1",7.11363990906382
"CGGACTGGTGTGGTTT-1",3.39653636217056
"CGGACTGGTTGACGTT-1",10.1569288207388
"CGGACTGTCCATGCTC-1",4.11376912853278
"CGGACTGTCCGTCAAA-1",13.98534945101
"CGGACTGTCGTTTGCC-1",5.74476699795527
"CGGAGCTAGTTTAGGA-1",25.1023261498424
"CGGAGCTGTAGAAAGG-1",13.6771779576637
"CGGAGCTTCACTTATC-1",13.2893940805328
"CGGAGCTTCATGTAGC-1",16.0205166212272
"CGGAGCTTCCACGAAT-1",12.0904023520538
"CGGAGTCAGTGCGATG-1",4.15400012332633
"CGGAGTCAGTGTGAAT-1",7.65278671158036
"CGGAGTCCAGTGGGAT-1",22.2064432104237
"CGGAGTCCATTATCTC-1",2.97263397541483
"CGGAGTCGTAGCTGCC-1",7.27851322647121
"CGGAGTCGTGTTCGAT-1",16.2711798362195
"CGGAGTCTCCCAGGTG-1",8.60251585791081
"CGGAGTCTCCGTAGTA-1",23.4485295363262
"CGGCTAGAGAAACGCC-1",14.5889943409275
"CGGCTAGAGCACCGTC-1",17.5451326604728
"CGGCTAGAGCTAAACA-1",11.4545563703053
"CGGCTAGCAGACAAAT-1",21.2844290276153
"CGGCTAGGTAACGCGA-1",17.0514732204847
"CGGCTAGGTTCATGGT-1",24.7899486494577
"CGGCTAGTCAAAGACA-1",8.03796247688213
"CGGCTAGTCGTGGGAA-1",18.3014869821592
"CGGCTAGTCTTGTTTG-1",8.60251585791081
"CGGGTCAAGAGTCGGT-1",0
"CGGGTCAAGCACACAG-1",20.092459932807
"CGGGTCAAGCTAACTC-1",0
"CGGGTCAAGGACACCA-1",12.5813243577834
"CGGGTCAAGTATGACA-1",15.1855118074801
"CGGGTCACAATGACCT-1",18.0719153395118
"CGGGTCACACCGAAAG-1",1.62563259835408
"CGGGTCACAGCCACCA-1",15.6093743543247
"CGGGTCACATACAGCT-1",16.0101734261954
"CGGGTCACATCCTTGC-1",18.3474065053906
"CGGGTCAGTAGCGCTC-1",18.8868407973301
"CGGGTCAGTCGATTGT-1",8.65953865024147
"CGGGTCAGTGCAACTT-1",15.8128173559548
"CGGGTCAGTTGTTTGG-1",0
"CGGGTCATCAACACCA-1",39.8096845547806
"CGGGTCATCACCTTAT-1",5.97724939956451
"CGGGTCATCCACGACG-1",1.57605208029777
"CGGTTAACAGGACCCT-1",11.5299197979739
"CGGTTAACATGTCCTC-1",7.6715031175175
"CGGTTAACATTCCTGC-1",6.9476099609401
"CGGTTAAGTCGACTGC-1",12.8182840635022
"CGGTTAATCCGGCACA-1",1.71671439966477
"CGGTTAATCCTTTCGG-1",3.45633348433684
"CGGTTAATCTTATCTG-1",10.626811502499
"CGTAGCGAGATGTAAC-1",42.840768561744
"CGTAGCGAGGCAATTA-1",9.34613999977612
"CGTAGCGCAAGCGCTC-1",17.9032857363307
"CGTAGCGTCCAACCAA-1",3.39653636217056
"CGTAGCGTCGGCGGTT-1",5.17025065346765
"CGTAGGCAGGGCTCTC-1",15.5721272317848
"CGTAGGCCAAGCGATG-1",18.8868407973301
"CGTAGGCCACTAAGTC-1",18.0370912188039
"CGTAGGCCAGAGTGTG-1",4.2442438326227
"CGTAGGCCATCCCATC-1",39.8096845547806
"CGTAGGCGTATTAGCC-1",10.9571308311617
"CGTAGGCGTCAATACC-1",13.9429879572641
"CGTAGGCGTGGCGAAT-1",10.4148479306467
"CGTAGGCTCCAGAAGG-1",15.8366029354524
"CGTCACTAGTCATGCT-1",15.6315786744131
"CGTCACTCAAAGCGGT-1",3.65943960223115
"CGTCACTCAGGTCCAC-1",24.7899486494577
"CGTCACTCAGTCACTA-1",2.853710311878
"CGTCACTTCCTTGACC-1",18.879136770243
"CGTCACTTCGGTGTTA-1",5.19605389185883
"CGTCACTTCTGTGCAA-1",42.840768561744
"CGTCACTTCTTGAGAC-1",3.86474878461721
"CGTCAGGAGCTGTTCA-1",2.853710311878
"CGTCAGGCAAAGCAAT-1",14.6362676880188
"CGTCAGGCAAAGCGGT-1",40.0088218849501
"CGTCAGGCAACACGCC-1",21.3220543505357
"CGTCAGGCATCCGCGA-1",4.81453441163239
"CGTCAGGGTCAGCTAT-1",3.45633348433684
"CGTCAGGGTCGTTGTA-1",12.8436253560733
"CGTCAGGGTGTAAGTA-1",23.4485295363262
"CGTCAGGTCCACTGGG-1",16.9295776659374
"CGTCAGGTCGACAGCC-1",3.54940780182887
"CGTCAGGTCGGGAGTA-1",18.8868407973301
"CGTCCATAGACCACGA-1",13.1109366378685
"CGTCCATAGCGATTCT-1",20.9664114417752
"CGTCCATAGGCTATCT-1",6.46067077276616
"CGTCCATAGTCTCAAC-1",19.4407767055752
"CGTCCATCACGACTCG-1",17.5748432146444
"CGTCCATCATTCACTT-1",8.60251585791081
"CGTCCATGTCTAGCGC-1",3.08091201344845
"CGTCCATGTGATAAAC-1",0
"CGTCCATGTTTGGGCC-1",3.45633348433684
"CGTCCATGTTTGTGTG-1",11.8811755601859
"CGTCCATTCAACACCA-1",6.83719291251417
"CGTCCATTCATTCACT-1",0
"CGTCTACAGTGCGTGA-1",12.3625311872492
"CGTCTACGTAGTAGTA-1",17.2256569678247
"CGTCTACTCGAGCCCA-1",8.65953865024147
"CGTCTACTCGCCATAA-1",23.8599778020503
"CGTCTACTCGGCCGAT-1",0
"CGTCTACTCGTCCAGG-1",23.706218525104
"CGTGAGCAGATCTGAA-1",7.21115968758962
"CGTGAGCAGCAATCTC-1",11.8537313956364
"CGTGAGCAGCGGATCA-1",4.84464422015605
"CGTGAGCAGCTAGTGG-1",35.4889442106527
"CGTGAGCAGCTTCGCG-1",5.78852526622546
"CGTGAGCAGGGCACTA-1",9.76304957407228
"CGTGAGCAGGGTGTGT-1",15.6542818145384
"CGTGAGCAGTGGAGAA-1",38.5498618510136
"CGTGAGCCAAGCCGCT-1",4.11376912853278
"CGTGAGCCACGTAAGG-1",8.42799572541357
"CGTGAGCCATACGCCG-1",15.7908949448937
"CGTGAGCGTAGATTAG-1",0
"CGTGAGCGTCTCTTAT-1",22.1264065971494
"CGTGAGCTCACAAACC-1",6.60532063805666
"CGTGAGCTCCAAATGC-1",23.4485295363262
"CGTGAGCTCCGAGCCA-1",6.25969797571829
"CGTGAGCTCGTTGCCT-1",18.3824015330131
"CGTGAGCTCTGGGCCA-1",4.46056715731168
"CGTGTAAAGATAGTCA-1",22.9936918002082
"CGTGTAAAGGTGTTAA-1",13.1723946461415
"CGTGTAAAGTACATGA-1",14.8386913706605
"CGTGTAACATGGGACA-1",8.282262517368
"CGTGTAAGTGTCTGAT-1",3.71226895769326
"CGTGTAATCTACTATC-1",13.3685785126689
"CGTGTAATCTCGATGA-1",27.0442369718073
"CGTGTAATCTTTAGTC-1",30.9353976062749
"CGTGTCTAGGCGCTCT-1",3.08091201344845
"CGTGTCTAGGGATGGG-1",35.6906306186391
"CGTGTCTCAGACAAAT-1",18.0550234616166
"CGTGTCTCAGACACTT-1",19.7818008962905
"CGTGTCTGTAAGAGGA-1",15.9782810541286
"CGTGTCTGTATATGAG-1",5.89992684547042
"CGTGTCTGTCAAAGCG-1",24.4244436860669
"CGTGTCTGTTCCGTCT-1",14.1499382001418
"CGTGTCTTCAATCACG-1",40.594246428482
"CGTGTCTTCAGAGGTG-1",12.0392503192939
"CGTGTCTTCATAGCAC-1",16.3087989953859
"CGTGTCTTCCGAACGC-1",15.872853091602
"CGTGTCTTCGGCATCG-1",0
"CGTGTCTTCGTGGACC-1",18.2289596111846
"CGTGTCTTCTACTTAC-1",11.8537313956364
"CGTGTCTTCTGAGTGT-1",5.08507022854049
"CGTTAGAAGATCTGAA-1",10.5137804815795
"CGTTAGAAGGCCCTTG-1",18.3342842614268
"CGTTAGACACGAAAGC-1",7.19341261960177
"CGTTAGACAGCTTCGG-1",6.16577231122494
"CGTTAGAGTTTAAGCC-1",8.78861123540499
"CGTTAGATCACTTATC-1",20.4148340488857
"CGTTAGATCAGCCTAA-1",13.9183492097178
"CGTTCTGAGAAGGGTA-1",23.2527529149738
"CGTTCTGAGTGAACAT-1",18.4383978011714
"CGTTCTGCAGCTCGCA-1",3.8417744066671
"CGTTCTGCATTGGCGC-1",1.87843203544026
"CGTTCTGGTGAGGGTT-1",0
"CGTTCTGTCTGATTCT-1",6.83719291251417
"CGTTGGGAGCTAGTTC-1",17.4585547277004
"CGTTGGGAGGATGCGT-1",4.82431866493765
"CGTTGGGCACATTAGC-1",5.19605389185883
"CGTTGGGCAGACAGGT-1",12.3365952424755
"CGTTGGGGTTCCCGAG-1",9.87256712619876
"CGTTGGGTCATGCTCC-1",24.1308228085107
"CGTTGGGTCCATGAAC-1",11.9851172531401
"CGTTGGGTCTACCAGA-1",4.11376912853278
"CTAACTTAGTCCTCCT-1",11.6934568694165
"CTAACTTCAATAGCAA-1",13.9688473044308
"CTAACTTCAATCGGTT-1",1.31123717199884
"CTAACTTGTGAGGCTA-1",3.99968399906478
"CTAACTTTCGTACGGC-1",13.4179292084903
"CTAACTTTCTGGCGTG-1",6.83719291251417
"CTAAGACAGGGAAACA-1",8.55893656612801
"CTAAGACAGTACATGA-1",10.4177597932158
"CTAAGACAGTTCGCGC-1",1.31123717199884
"CTAAGACCAAGTAATG-1",12.1337215972719
"CTAAGACCAGTAAGAT-1",1.97402936112055
"CTAAGACCATGCAATC-1",0
"CTAAGACGTAAGGATT-1",18.5932230603545
"CTAAGACGTATCAGTC-1",5.05097211083609
"CTAAGACGTCACCTAA-1",33.6989669840425
"CTAAGACTCGTTGCCT-1",35.4889442106527
"CTAAGACTCTTACCGC-1",21.3174670299702
"CTAAGACTCTTGAGGT-1",15.7908949448937
"CTAATGGAGCAATCTC-1",6.42052086370552
"CTAATGGAGCGCTCCA-1",13.0575717471717
"CTAATGGAGCTCCCAG-1",5.75706858747495
"CTAATGGAGCTGAAAT-1",40.0178206970963
"CTAATGGAGTTAGGTA-1",7.87379198135691
"CTAATGGCATGGAATA-1",40.0088218849501
"CTAATGGGTACCGCTG-1",3.3161380374669
"CTAATGGGTCTAGCGC-1",10.5903019438021
"CTAATGGGTGAGGGAG-1",14.0758613588841
"CTAATGGGTTGGTGGA-1",13.9343842306154
"CTAATGGTCATGCTCC-1",16.2412632558164
"CTAATGGTCCACTGGG-1",24.7899486494577
"CTAATGGTCCGTTGCT-1",10.4421948232303
"CTAATGGTCCTAGAAC-1",4.73488620492507
"CTACACCAGTGCGATG-1",4.73488620492507
"CTACACCCACGGACAA-1",10.6938411228368
"CTACACCGTAATAGCA-1",23.5505816838676
"CTACACCGTCTGATTG-1",21.3441255861118
"CTACACCGTTCGTCTC-1",0
"CTACACCTCAGAAATG-1",7.76931287727952
"CTACACCTCGGCTTGG-1",3.13377244571319
"CTACACCTCGGTCCGA-1",0
"CTACACCTCTCGCATC-1",37.0153858013958
"CTACACCTCTCTGCTG-1",0
"CTACATTAGATCACGG-1",11.7230038326204
"CTACATTCACTCGACG-1",17.0514732204847
"CTACATTCATTTCACT-1",0
"CTACATTGTGATGATA-1",17.5748432146444
"CTACATTGTTCGAATC-1",17.5748432146444
"CTACATTTCAACGCTA-1",1.87843203544026
"CTACATTTCGCCATAA-1",10.6938411228368
"CTACATTTCTAGCACA-1",34.3326376913844
"CTACCCACACAGAGGT-1",7.65278671158036
"CTACCCACACGACGAA-1",8.60251585791081
"CTACCCACATGGTTGT-1",15.1358862759613
"CTACCCAGTATCTGCA-1",5.29470140097121
"CTACCCAGTATGAATG-1",21.299450147104
"CTACCCAGTCAGAAGC-1",16.7297511308918
"CTACCCAGTGTGACCC-1",6.49214022138689
"CTACCCAGTTATGTGC-1",13.4416816177799
"CTACCCATCTACGAGT-1",19.4348749897764
"CTACGTCAGGTGCAAC-1",11.247046553156
"CTACGTCAGTGCGATG-1",12.7139265273417
"CTACGTCAGTTGTCGT-1",27.2819011461338
"CTACGTCCATATACCG-1",13.9183492097178
"CTACGTCGTATATGGA-1",22.3302811201149
"CTACGTCGTGTGGTTT-1",14.0758613588841
"CTACGTCTCAAAGTAG-1",14.09375485534
"CTACGTCTCACGACTA-1",6.26914224474028
"CTACGTCTCACGGTTA-1",9.71696489249194
"CTACGTCTCCTAGAAC-1",8.03066031735865
"CTAGAGTAGCTGTCTA-1",42.840768561744
"CTAGAGTAGGATCGCA-1",8.59646925525709
"CTAGAGTAGTCCATAC-1",9.41056053233292
"CTAGAGTCACATTAGC-1",13.4899029464063
"CTAGAGTCAGTATGCT-1",10.7454108461918
"CTAGAGTCATACTCTT-1",42.840768561744
"CTAGAGTCATGTAAGA-1",1.72311168315317
"CTAGAGTGTGACCAAG-1",5.17025065346765
"CTAGAGTTCAACACCA-1",10.2168674774867
"CTAGAGTTCCGTCAAA-1",5.75706858747495
"CTAGAGTTCCTAAGTG-1",2.27245780891882
"CTAGAGTTCGCCAGCA-1",18.0550234616166
"CTAGAGTTCGCTTAGA-1",42.840768561744
"CTAGAGTTCGTGACAT-1",7.48920135844039
"CTAGAGTTCTGATTCT-1",26.3769784007083
"CTAGCCTCACCAGATT-1",10.3739873698354
"CTAGCCTGTATATCCG-1",12.7139265273417
"CTAGCCTGTGATGCCC-1",2.97263397541483
"CTAGCCTTCGGGAGTA-1",32.5759377236261
"CTAGTGAAGCTGGAAC-1",23.2374159542792
"CTAGTGAAGTGTACCT-1",18.9379741172073
"CTAGTGACAAGTCTAC-1",18.4383978011714
"CTAGTGACAGGATCGA-1",35.4889442106527
"CTAGTGAGTTATGCGT-1",3.65943960223115
"CTAGTGATCAGTTGAC-1",8.67385500410203
"CTAGTGATCCAGTAGT-1",18.3824015330131
"CTCACACAGCTAAGAT-1",18.7795321298573
"CTCACACAGCTGCCCA-1",24.7899486494577
"CTCACACAGGATGCGT-1",11.7691462358952
"CTCACACCACGTAAGG-1",9.76304957407228
"CTCACACCACTGTTAG-1",6.43486742975621
"CTCACACCATATACGC-1",12.5095734018864
"CTCACACGTGCTGTAT-1",21.6338898935706
"CTCACACGTTCCATGA-1",22.557189145718
"CTCACACGTTTGGGCC-1",8.24237838009053
"CTCACACTCACCGGGT-1",1.72311168315317
"CTCACACTCATCGGAT-1",22.5537267452326
"CTCACACTCCGCGCAA-1",8.271213804754
"CTCACACTCTAACCGA-1",30.9353976062749
"CTCAGAAAGAGCTGCA-1",7.19341261960177
"CTCAGAAAGGAGTAGA-1",19.679643458487
"CTCAGAACAACGCACC-1",6.88127989818716
"CTCAGAACAAGCGATG-1",15.872853091602
"CTCAGAACAGGGCATA-1",10.5656170200237
"CTCAGAAGTGACGGTA-1",2.38347541227006
"CTCAGAATCTTAACCT-1",11.1874755924124
"CTCATTAAGAACTGTA-1",16.0380979658645
"CTCATTACATGGTCAT-1",8.282262517368
"CTCATTAGTGTAACGG-1",10.1436859857713
"CTCATTAGTTTACTCT-1",4.73488620492507
"CTCCTAGCAAGTACCT-1",0
"CTCCTAGCAATTCCTT-1",1.31103918124792
"CTCCTAGCACTGTCGG-1",16.2711798362195
"CTCCTAGCAGTCCTTC-1",13.4899029464063
"CTCCTAGCATAACCTG-1",15.0950526433245
"CTCCTAGCATGCGCAC-1",18.4678410603412
"CTCCTAGGTAGAAAGG-1",10.4415383319931
"CTCCTAGGTCCGAGTC-1",20.3428068291995
"CTCCTAGGTCTAGCCG-1",1.62563259835408
"CTCCTAGGTGTTTGTG-1",12.8182840635022
"CTCCTAGGTTCGTGAT-1",17.9032857363307
"CTCCTAGGTTGTTTGG-1",21.032426807468
"CTCCTAGTCACTTACT-1",24.6178393804243
"CTCCTAGTCTCATTCA-1",14.2299420573158
"CTCGAAAAGCCCAACC-1",16.2412632558164
"CTCGAAAAGCTATGCT-1",1.31103918124792
"CTCGAAAAGGCCCTTG-1",2.85483326089071
"CTCGAAAAGGGCTTCC-1",10.4148479306467
"CTCGAAACAAGCCGTC-1",11.7230038326204
"CTCGAAACACATTAGC-1",0.972367044870784
"CTCGAAACACCGAAAG-1",3.75170231881233
"CTCGAAACACGGCTAC-1",40.0088218849501
"CTCGAAACAGTAAGAT-1",17.5539411649691
"CTCGAGGAGCCATCGC-1",23.2527529149738
"CTCGAGGAGGGCTTCC-1",4.62204326350685
"CTCGAGGCAGATAATG-1",40.9867576975971
"CTCGAGGGTATTCTCT-1",34.6996997206396
"CTCGAGGGTGCCTGGT-1",16.961970883576
"CTCGGAGAGTCCCACG-1",13.7452226256957
"CTCGGAGCACTTCTGC-1",10.7777523973827
"CTCGGAGCAGCTGCAC-1",3.54940780182887
"CTCGGAGCAGGATCGA-1",6.60532063805666
"CTCGGAGGTAGCCTAT-1",23.2794990642325
"CTCGGAGGTCATGCCG-1",6.69459378259762
"CTCGGAGTCAAACGGG-1",7.6715031175175
"CTCGGAGTCACATACG-1",25.5036526096787
"CTCGGAGTCAGCTTAG-1",23.2794990642325
"CTCGGGAAGACCTAGG-1",0
"CTCGGGACACAGCCCA-1",13.417695488326
"CTCGGGACATAAAGGT-1",14.1883309907345
"CTCGGGACATCCCACT-1",2.39204280568661
"CTCGGGACATGTCGAT-1",3.71226895769326
"CTCGGGAGTCGCGTGT-1",7.89117952290397
"CTCGGGAGTGACTACT-1",38.8511718990053
"CTCGGGAGTTACGACT-1",1.62563259835408
"CTCGGGATCCGTACAA-1",11.6394085095916
"CTCGGGATCCTTGACC-1",7.4224043138187
"CTCGGGATCTTGTTTG-1",12.2540319001392
"CTCGTACAGCGATAGC-1",8.43458057607375
"CTCGTACCAGCGTAAG-1",14.09375485534
"CTCGTACCATAGTAAG-1",15.3754846935049
"CTCGTACGTAGAGTGC-1",18.3167085627619
"CTCGTACGTATCACCA-1",7.5921433885232
"CTCGTACGTGCAGTAG-1",11.8111229845351
"CTCGTACTCAAAGTAG-1",7.19341261960177
"CTCGTACTCAATCTCT-1",29.9351144319859
"CTCGTACTCGTTGCCT-1",11.7691462358952
"CTCGTACTCTGGTTCC-1",16.0101734261954
"CTCGTCAAGATGCCTT-1",3.58578442732706
"CTCGTCAAGTGGAGTC-1",39.8096845547806
"CTCGTCAAGTTTGCGT-1",13.4810670409985
"CTCGTCACAACGATCT-1",4.76841518236688
"CTCGTCACACATCCGG-1",4.2442438326227
"CTCGTCACAGTCGTGC-1",4.15400012332633
"CTCGTCAGTCTCATCC-1",16.3087989953859
"CTCGTCAGTCTCCATC-1",20.4148340488857
"CTCGTCAGTGAGCGAT-1",1.97296240954775
"CTCGTCAGTTGACGTT-1",16.5542487000675
"CTCGTCAGTTGGGACA-1",23.2527529149738
"CTCGTCATCACTTATC-1",6.78095653744224
"CTCGTCATCGACCAGC-1",1.93603268455258
"CTCGTCATCTGCTGTC-1",14.5762489064082
"CTCTAATCACCAGGTC-1",0
"CTCTAATCACGGTGTC-1",18.6386610230193
"CTCTAATCAGGAATCG-1",5.908785679512
"CTCTAATGTCCAAGTT-1",9.62126066657246
"CTCTACGAGCTAAACA-1",17.4585547277004
"CTCTACGAGCTAGTGG-1",19.7537565432386
"CTCTACGAGTACGCCC-1",15.5255490948487
"CTCTACGAGTAGGCCA-1",22.650178354191
"CTCTACGCAATAACGA-1",6.60532063805666
"CTCTACGCAGACGCTC-1",2.853710311878
"CTCTACGCATGACATC-1",18.6295483143907
"CTCTACGTCATGTCTT-1",18.6386610230193
"CTCTACGTCCCTAATT-1",19.6729922743156
"CTCTACGTCGGCATCG-1",13.4899029464063
"CTCTACGTCGGTCTAA-1",20.3594658950212
"CTCTGGTAGCGTTCCG-1",3.54940780182887
"CTCTGGTAGGCATGGT-1",38.5498618510136
"CTCTGGTAGTGCCAGA-1",6.42052086370552
"CTCTGGTCACAAGCCC-1",22.382230976818
"CTCTGGTCAGCCTTTC-1",3.3161380374669
"CTCTGGTTCATCTGTT-1",6.78095653744224
"CTCTGGTTCTTGTACT-1",12.5840500297658
"CTGAAACAGATCCCGC-1",17.966127796434
"CTGAAACAGGTGCTAG-1",16.0957803896136
"CTGAAACAGTCCGTAT-1",7.27851322647121
"CTGAAACAGTGTCTCA-1",3.35091264200698
"CTGAAACGTCATCGGC-1",14.6121039041387
"CTGAAACGTTAAAGAC-1",5.34502449316777
"CTGAAACTCATACGGT-1",17.2410030646867
"CTGAAGTAGTGCGTGA-1",8.44322305867734
"CTGAAGTCAGCTGTAT-1",40.9867576975971
"CTGAAGTGTTAAAGTG-1",9.76304957407227
"CTGAAGTTCAAGCCTA-1",10.626811502499
"CTGAAGTTCGGATGTT-1",20.5192710485697
"CTGATAGAGGGAGTAA-1",2.9436266387489
"CTGATAGAGTGCAAGC-1",12.3572592835676
"CTGATAGCAGCCTTTC-1",8.60251585791081
"CTGATAGCATCCCATC-1",15.3694275168487
"CTGATAGCATCTCCCA-1",10.5107815155075
"CTGATAGGTCAAAGCG-1",38.3559042518933
"CTGATAGGTCGCTTTC-1",8.73957026071702
"CTGATAGGTTACGACT-1",24.7899486494577
"CTGATAGTCGCGATCG-1",8.64601275696977
"CTGATCCAGGCATTGG-1",23.2374159542792
"CTGATCCAGGTGACCA-1",8.64601275696977
"CTGATCCCACAGAGGT-1",22.382230976818
"CTGATCCCAGGCTGAA-1",15.6032795078663
"CTGATCCGTGCCTGGT-1",9.80830357215688
"CTGATCCGTTATCCGA-1",18.6215257639704
"CTGATCCGTTGTGGCC-1",0
"CTGCCTAAGGGTCTCC-1",11.7585296395642
"CTGCCTAAGGTGATAT-1",7.3404810567789
"CTGCCTAAGTACGCGA-1",14.2291207230813
"CTGCCTAAGTGCGTGA-1",26.3769784007083
"CTGCCTACATCCCACT-1",6.86934864123133
"CTGCCTATCAATAAGG-1",38.3559042518933
"CTGCGGAAGAAGGACA-1",3.17337400328561
"CTGCGGAAGAGCTGGT-1",9.71696489249194
"CTGCGGAAGATGAGAG-1",18.012007238355
"CTGCGGACAGGTCGTC-1",18.2289596111846
"CTGCGGACATGTCTCC-1",11.166010726569
"CTGCGGAGTCACTTCC-1",7.87379198135691
"CTGCGGAGTCGTGGCT-1",19.8390243660959
"CTGCGGAGTTCTGTTT-1",18.089460781619
"CTGCGGAGTTGGACCC-1",9.4614900077051
"CTGCGGATCGCCTGTT-1",4.82335780513495
"CTGCGGATCTTACCGC-1",1.97030160217947
"CTGCTGTAGGGTGTTG-1",15.4072373797034
"CTGCTGTAGTACCGGA-1",12.9557522921168
"CTGCTGTAGTGGAGAA-1",19.3342543299475
"CTGCTGTCACATCTTT-1",0
"CTGCTGTGTTAAAGAC-1",35.1000627094923
"CTGCTGTTCTCCAACC-1",8.9378924079348
"CTGCTGTTCTTACCGC-1",23.2635515952708
"CTGGTCTAGCGTTGCC-1",1.31103918124792
"CTGGTCTAGGACAGCT-1",13.9183492097178
"CTGGTCTAGGGCTTGA-1",6.86934864123133
"CTGGTCTAGTCGAGTG-1",11.6394085095916
"CTGGTCTCAAAGGAAG-1",8.03796247688213
"CTGGTCTCACCAGTTA-1",10.5037347775451
"CTGGTCTGTACCTACA-1",0
"CTGGTCTGTACGCTGC-1",4.84992710150037
"CTGGTCTGTCCGCTGA-1",13.8949275264355
"CTGGTCTGTCCGTTAA-1",16.4470494446735
"CTGGTCTGTTCATGGT-1",33.6989669840425
"CTGGTCTGTTCGTGAT-1",12.9785277522524
"CTGGTCTTCAACGGGA-1",5.1540112885602
"CTGGTCTTCACTTACT-1",10.0557964037185
"CTGGTCTTCTTACCTA-1",16.3087989953859
"CTGTGCTGTATATCCG-1",8.282262517368
"CTGTGCTGTCATCCCT-1",14.5830432827051
"CTGTGCTGTCCCTACT-1",11.1935034446936
"CTGTGCTGTCGGCACT-1",16.330180387465
"CTGTGCTTCCATTCTA-1",10.7789704019526
"CTGTTTAAGAAACCGC-1",12.9934494191103
"CTGTTTAAGATCGATA-1",15.6542818145384
"CTGTTTAAGGAGTTGC-1",12.2031615715742
"CTGTTTAGTCAAAGCG-1",18.4678410603412
"CTGTTTATCAGCCTAA-1",6.42052086370552
"CTGTTTATCATTTGGG-1",13.0675156153143
"CTGTTTATCTCCAGGG-1",37.9524957255258
"CTGTTTATCTCTTGAT-1",4.11376912853278
"CTGTTTATCTTCTGGC-1",3.95269191493061
"CTTAACTAGCCAGTAG-1",19.679643458487
"CTTAACTAGGCTCTTA-1",24.7899486494577
"CTTAACTAGGTGCACA-1",3.95269191493061
"CTTAACTAGTCTCGGC-1",5.69404774329916
"CTTACCGAGCGCTTAT-1",37.4908744086401
"CTTACCGAGGCTACGA-1",1.31123717199884
"CTTACCGCAGATCTGT-1",1.31123717199884
"CTTACCGCAGTCAGAG-1",6.86934864123133
"CTTACCGGTCCTGCTT-1",1.62563259835408
"CTTACCGGTCGCCATG-1",5.17025065346765
"CTTACCGGTCTACCTC-1",16.64106707227
"CTTACCGTCGGACAAG-1",3.7249040330736
"CTTAGGAAGCCCAACC-1",11.8918730828607
"CTTAGGACACGACGAA-1",17.5128551965665
"CTTAGGAGTTATGTGC-1",13.7359016123673
"CTTAGGATCCCATTTA-1",2.39204280568661
"CTTAGGATCTTTACAC-1",12.3625311872492
"CTTCTCTAGAACTCGG-1",0
"CTTCTCTAGAGTGAGA-1",8.55893656612801
"CTTCTCTAGCAGGCTA-1",6.88127989818716
"CTTCTCTAGTTAACGA-1",3.71226895769326
"CTTCTCTCAAAGGTGC-1",3.17442725187691
"CTTCTCTGTAACGACG-1",22.3302811201149
"CTTCTCTGTGCATCTA-1",10.6938411228368
"CTTCTCTTCGAGCCCA-1",12.3572592835676
"CTTGGCTAGCGATATA-1",12.5813243577834
"CTTGGCTAGTACGTTC-1",11.247046553156
"CTTGGCTCATTACCTT-1",40.0088218849501
"CTTGGCTGTCTCCATC-1",13.3782777248924
"CTTGGCTTCCCTAATT-1",8.22553447465376
"CTTGGCTTCGCGTAGC-1",3.5068812269031
"CTTGGCTTCTCGTTTA-1",4.84992710150037
"CTTTGCGAGCAAATCA-1",14.6362676880188
"CTTTGCGAGCGTTCCG-1",5.43137820006183
"CTTTGCGAGTATCTCG-1",19.7456280087805
"CTTTGCGCAATTCCTT-1",23.7235829936772
"CTTTGCGCACTTAAGC-1",13.9183492097178
"CTTTGCGCAGACGCAA-1",17.2256569678247
"CTTTGCGGTAGAGGAA-1",33.6989669840425
"CTTTGCGTCCAGGGCT-1",1.62563259835408
"GAAACTCAGAGACGAA-1",12.3315083821604
"GAAACTCAGAGGTTAT-1",10.5037347775451
"GAAACTCAGCAGCCTC-1",7.19341261960177
"GAAACTCAGCCCAGCT-1",26.3769784007083
"GAAACTCAGCTAAACA-1",2.97263397541483
"GAAACTCAGTGCTGCC-1",1.46531226853977
"GAAACTCCAAGCCCAC-1",14.09375485534
"GAAACTCCACATGACT-1",18.6295483143907
"GAAACTCCAGACACTT-1",3.22816627531905
"GAAACTCCATGGATGG-1",21.7194958522329
"GAAACTCGTACTCGCG-1",14.0758613588841
"GAAACTCGTAGCGATG-1",4.62204326350685
"GAAACTCGTGTGAAAT-1",23.4485295363262
"GAAACTCGTTTGTGTG-1",17.317136551668
"GAAATGAAGCCAGTTT-1",13.7452226256957
"GAAATGAAGCTAGTCT-1",25.3678002389729
"GAAATGAAGTACGTAA-1",3.39653636217056
"GAAATGATCATGCTCC-1",21.1631670173074
"GAAATGATCCTCGCAT-1",14.6121039041387
"GAACATCAGATGGCGT-1",14.4255770991149
"GAACATCCAACAACCT-1",18.3342842614268
"GAACATCCACATCTTT-1",5.43506116589537
"GAACATCCACCTATCC-1",17.5539411649691
"GAACATCCACGGACAA-1",30.9353976062749
"GAACATCCATGCTAGT-1",8.72182076698973
"GAACATCGTACGACCC-1",16.0101734261954
"GAACATCGTGGACGAT-1",8.74058505392114
"GAACATCGTTCCCGAG-1",11.6965345484181
"GAACATCTCCAAGTAC-1",14.1883309907345
"GAACATCTCGATCCCT-1",3.45633348433684
"GAACATCTCTCCAACC-1",13.2893940805328
"GAACCTAAGAACTGTA-1",14.8172601863668
"GAACCTAAGAGCAATT-1",33.67022615867
"GAACCTAAGCCAGTAG-1",10.3426814532492
"GAACCTACAAGGACAC-1",17.9032857363307
"GAACCTACAGACACTT-1",24.7899486494577
"GAACCTAGTACCAGTT-1",9.34613999977612
"GAACCTAGTGTCAATC-1",6.88171002326812
"GAACCTATCACGATGT-1",17.5766700670552
"GAACGGAAGACGCAAC-1",15.1855118074801
"GAACGGAAGTAATCCC-1",7.4224043138187
"GAACGGAAGTCAATAG-1",14.4127408299463
"GAACGGAAGTGGACGT-1",17.0514732204847
"GAACGGACACAGCGTC-1",16.2412632558164
"GAACGGACACCTCGTT-1",1.6802341060118
"GAACGGACACTTAACG-1",17.5748432146444
"GAACGGAGTAGCGTAG-1",3.45633348433684
"GAACGGAGTCAGAGGT-1",18.4383978011714
"GAACGGAGTGGCGAAT-1",10.0557964037185
"GAACGGATCACTCCTG-1",3.58578442732706
"GAACGGATCCACGAAT-1",12.0193715926924
"GAACGGATCGTAGGAG-1",2.39204280568661
"GAACGGATCTGTCAAG-1",16.0563328141512
"GAAGCAGAGACTAAGT-1",11.2529723846315
"GAAGCAGAGAGACGAA-1",18.0719153395118
"GAAGCAGAGCCACGCT-1",0
"GAAGCAGAGTTCGCGC-1",18.8868407973301
"GAAGCAGCAATCCGAT-1",1.31103918124792
"GAAGCAGCAGATCTGT-1",2.99337771825505
"GAAGCAGCAGATGAGC-1",3.39653636217056
"GAAGCAGCATGAACCT-1",6.26914224474028
"GAAGCAGCATGGAATA-1",1.97296240954775
"GAAGCAGGTAACGCGA-1",6.60532063805666
"GAAGCAGGTCATACTG-1",13.0575717471717
"GAAGCAGTCCTAGTGA-1",41.1346309398714
"GAAGCAGTCTTATCTG-1",38.1281141024871
"GAATAAGCAAGGTGTG-1",32.5759377236261
"GAATAAGCAGACAAGC-1",5.78852526622546
"GAATAAGCATGCAACT-1",5.29470140097121
"GAATAAGGTCCGTTAA-1",14.6121039041387
"GAATAAGGTGAGTGAC-1",3.71226895769326
"GAATAAGGTTCCCTTG-1",21.7300773089878
"GAATAAGTCGTTTAGG-1",17.3273592716128
"GAATGAAAGAGTCTGG-1",13.2766015694829
"GAATGAAAGCTTATCG-1",3.99968399906478
"GAATGAAAGGCATGTG-1",21.3590370753642
"GAATGAACAAACGCGA-1",17.5539411649691
"GAATGAACAGTGAGTG-1",20.3008540095585
"GAATGAACATCATCCC-1",14.1568127331103
"GAATGAAGTCAACATC-1",1.31103918124792
"GAATGAAGTCTCACCT-1",4.11376912853278
"GAATGAAGTGGCAAAC-1",4.68903866897545
"GAATGAAGTTGCGTTA-1",1.54544045030975
"GAATGAATCAGTTAGC-1",11.4183900123222
"GAATGAATCCTGCCAT-1",37.0153858013958
"GACACGCAGACGCACA-1",13.9392472380206
"GACACGCAGAGTAATC-1",24.7292716895762
"GACACGCAGCCAACAG-1",11.7038396993269
"GACACGCAGGAGTTTA-1",38.8511718990053
"GACACGCAGGGCATGT-1",3.82169536005632
"GACACGCAGGTGCACA-1",10.1436859857713
"GACACGCAGTCCAGGA-1",13.9918625731621
"GACACGCAGTGGGATC-1",6.86934864123133
"GACACGCAGTGGGTTG-1",11.4183900123222
"GACACGCCAAGCGTAG-1",37.0153858013958
"GACACGCCAAGGACAC-1",20.4148340488857
"GACACGCCAGACGCTC-1",18.4678410603412
"GACACGCCATCCTTGC-1",4.84992710150037
"GACACGCGTTCACGGC-1",13.98534945101
"GACACGCTCATGTAGC-1",3.17337400328561
"GACAGAGAGTACGATA-1",4.11376912853278
"GACAGAGCAACGATCT-1",11.9464641231573
"GACAGAGCAAGTCTAC-1",0
"GACAGAGCAGCTCCGA-1",13.9183492097178
"GACAGAGCAGCTGGCT-1",3.54940780182887
"GACAGAGTCAAACAAG-1",3.17442725187691
"GACAGAGTCAGAGACG-1",14.0855300802491
"GACAGAGTCCTTCAAT-1",17.4585547277004
"GACAGAGTCCTTGCCA-1",5.05097211083609
"GACAGAGTCTTCATGT-1",5.42697998874197
"GACCAATAGAAGGGTA-1",15.5255490948487
"GACCAATAGCTACCGC-1",11.8537313956364
"GACCAATAGCTACCTA-1",13.5101040668801
"GACCAATCAGGTGCCT-1",34.3326376913844
"GACCAATCATGCGCAC-1",9.37863129854293
"GACCAATGTACAGTTC-1",18.3342842614268
"GACCAATGTCGCTTCT-1",14.0855300802491
"GACCAATTCCGATATG-1",25.4469912553576
"GACCAATTCGAATGGG-1",8.64601275696977
"GACCAATTCGTCACGG-1",12.5840500297658
"GACCTGGCATCACAAC-1",7.19341261960177
"GACCTGGCATGTCTCC-1",18.3118875695806
"GACCTGGCATTGGCGC-1",34.6996997206396
"GACCTGGGTAAAGGAG-1",7.19341261960177
"GACCTGGGTCCAGTTA-1",11.4422187721632
"GACCTGGGTGCAGTAG-1",3.71226895769326
"GACCTGGTCATAGCAC-1",14.9518921534945
"GACCTGGTCCTTGCCA-1",40.9867576975971
"GACCTGGTCGCATGAT-1",12.3315083821604
"GACCTGGTCGTCACGG-1",24.1308228085107
"GACGCGTAGTGGTAAT-1",33.804160568766
"GACGCGTAGTTGTAGA-1",6.33326167891702
"GACGCGTGTAAAGGAG-1",13.6771779576637
"GACGCGTGTGTGAAAT-1",8.49798737111596
"GACGCGTGTTAAGACA-1",9.4614900077051
"GACGCGTTCAAACCGT-1",10.6938411228368
"GACGCGTTCCAAATGC-1",6.86934864123133
"GACGCGTTCCGCGGTA-1",11.1935034446936
"GACGCGTTCCTACAGA-1",4.82335780513495
"GACGCGTTCTCCGGTT-1",0.835512043189675
"GACGGCTAGAAGATTC-1",15.0950526433245
"GACGGCTAGAGCTGGT-1",3.5068812269031
"GACGGCTCAAGGTTTC-1",5.29470140097121
"GACGGCTCACCGCTAG-1",16.961970883576
"GACGGCTCATGAACCT-1",1.87843203544026
"GACGGCTCATGCAACT-1",32.5759377236261
"GACGGCTGTGTGTGCC-1",15.3754846935049
"GACGGCTGTTATGTGC-1",7.74277479743759
"GACGGCTGTTTGGCGC-1",6.77716121041053
"GACGGCTTCTATCGCC-1",18.089460781619
"GACGTGCAGGCAAAGA-1",15.8366029354524
"GACGTGCAGGGTGTGT-1",13.4899029464063
"GACGTGCAGGTGTTAA-1",12.3378966131319
"GACGTGCCAGGTCGTC-1",14.1883309907345
"GACGTGCGTAACGTTC-1",19.9676588938366
"GACGTGCTCACCTCGT-1",13.3685785126689
"GACGTTAAGCTACCGC-1",2.97263397541483
"GACGTTAAGGCAAAGA-1",6.39211353994259
"GACGTTAAGTCAAGCG-1",13.1109366378685
"GACGTTACAAGCCATT-1",13.7359016123673
"GACGTTACAAGGTTTC-1",11.7230038326204
"GACGTTACAGACACTT-1",2.97263397541483
"GACGTTAGTATCTGCA-1",0
"GACGTTAGTTTGACAC-1",10.5656170200237
"GACGTTAGTTTGACTG-1",18.8868407973301
"GACGTTATCACAGGCC-1",5.16706315738581
"GACGTTATCATTGCGA-1",13.4810670409985
"GACGTTATCCCGGATG-1",11.1935034446936
"GACGTTATCCGAAGAG-1",30.9353976062749
"GACGTTATCGCGTTTC-1",7.5921433885232
"GACGTTATCTGTCCGT-1",15.5485441075985
"GACTAACAGACAGAGA-1",6.39211353994259
"GACTAACAGTGGAGAA-1",5.5138545066861
"GACTAACCAAATCCGT-1",10.1061274179043
"GACTAACGTCTAGTCA-1",40.594246428482
"GACTAACGTGCAACTT-1",16.0563328141512
"GACTAACGTTCAGACT-1",36.6642426747368
"GACTAACTCCTTTCTC-1",13.7452226256957
"GACTAACTCTTGCCGT-1",3.71226895769326
"GACTAACTCTTTACAC-1",32.5759377236261
"GACTACAAGATATGGT-1",8.64601275696977
"GACTACACAAATCCGT-1",21.6654576244846
"GACTACAGTGCTGTAT-1",12.3572592835676
"GACTACATCAGCCTAA-1",18.7361241722344
"GACTACATCAGGTAAA-1",22.7738122856647
"GACTACATCTGCAGTA-1",5.42697998874197
"GACTGCGAGCGTAGTG-1",13.0546804127527
"GACTGCGAGTTGTAGA-1",15.6032795078663
"GACTGCGCACTTAACG-1",9.82072600446966
"GACTGCGCATGTTCCC-1",12.3365952424755
"GACTGCGGTACGCACC-1",23.0954760920458
"GACTGCGGTTCTCATT-1",12.1192385357096
"GACTGCGTCAACACAC-1",5.08507022854049
"GACTGCGTCACGACTA-1",10.7789704019526
"GACTGCGTCGCCCTTA-1",1.87843203544026
"GACTGCGTCTCAAACG-1",16.0515758958175
"GAGCAGAGTAGGGTAC-1",2.39336217346739
"GAGCAGAGTCAGATAA-1",6.33890620911778
"GAGCAGAGTCATATGC-1",18.7361241722344
"GAGCAGAGTGAGCGAT-1",8.64601275696977
"GAGCAGAGTGTAACGG-1",5.74476699795527
"GAGCAGAGTGTGACCC-1",10.77259411097
"GAGCAGAGTTCGGGCT-1",8.75036551485842
"GAGCAGAGTTTAAGCC-1",0
"GAGCAGAGTTTGCATG-1",6.25969797571829
"GAGGTGAAGCAACGGT-1",1.7000594688291
"GAGGTGAAGGCTCTTA-1",9.91285392129291
"GAGGTGAAGTGGTAGC-1",21.2219757022412
"GAGGTGAAGTTGTAGA-1",11.1935034446936
"GAGGTGACACTGTCGG-1",13.98534945101
"GAGGTGACATCCTTGC-1",14.1883309907345
"GAGGTGACATGCATGT-1",5.84893163823023
"GAGGTGAGTACCTACA-1",10.7789704019526
"GAGGTGAGTCATTAGC-1",12.3572592835676
"GAGGTGAGTTCCTCCA-1",22.6644025486645
"GAGGTGATCATCGCTC-1",22.5913477977865
"GAGGTGATCTAGAGTC-1",16.2523068443033
"GAGGTGATCTCTAGGA-1",9.71696489249194
"GAGGTGATCTGCTGTC-1",2.85667762230859
"GAGGTGATCTGGGCCA-1",14.5043844883219
"GAGTCCGAGGACAGAA-1",4.15400012332633
"GAGTCCGAGGCATGTG-1",19.4860471701667
"GAGTCCGAGGCGTACA-1",10.1600504188049
"GAGTCCGCAAACCCAT-1",8.84621466557286
"GAGTCCGGTCAAGCGA-1",8.65953865024147
"GAGTCCGGTGACCAAG-1",21.1282923410517
"GAGTCCGGTGACTCAT-1",19.3342543299475
"GAGTCCGGTGTGACCC-1",13.560533254792
"GAGTCCGGTTCGGGCT-1",5.29470140097121
"GAGTCCGGTTTGCATG-1",23.2794990642325
"GAGTCCGTCGGCGCAT-1",18.8868407973301
"GAGTCCGTCTGATTCT-1",3.7249040330736
"GATCAGTAGATGTCGG-1",2.02938239688531
"GATCAGTAGTGGTAGC-1",0
"GATCAGTGTATATGAG-1",4.84992710150037
"GATCAGTGTCTGCGGT-1",10.6938411228368
"GATCAGTGTTATGCGT-1",38.3559042518933
"GATCAGTGTTGTACAC-1",4.84992710150037
"GATCGATAGAATGTTG-1",7.5921433885232
"GATCGATAGAGCTGCA-1",8.24237838009053
"GATCGATAGCATGGCA-1",18.4383978011714
"GATCGATCAAGCGAGT-1",21.2700649038912
"GATCGATCAAGCGTAG-1",3.9469917706683
"GATCGATGTCAACATC-1",13.1109366378685
"GATCGATGTTGCCTCT-1",9.75312677715666
"GATCGATTCCGCATCT-1",13.2893940805328
"GATCGCGAGATAGTCA-1",32.6699300639959
"GATCGCGAGCCTTGAT-1",12.0843537446243
"GATCGCGAGGAGCGTT-1",2.85483326089071
"GATCGCGCAGGTCGTC-1",0
"GATCGCGGTACAGCAG-1",19.679643458487
"GATCGCGGTGAGTATA-1",19.4860471701667
"GATCGCGGTTGTCGCG-1",13.6218207113756
"GATCGCGTCACTCCTG-1",1.93603268455258
"GATCGTAAGACATAAC-1",37.7938532724614
"GATCGTAAGCTCAACT-1",11.8811755601859
"GATCGTACATAACCTG-1",12.1352747422537
"GATCGTAGTGGCTCCA-1",30.9353976062749
"GATCGTATCATATCGG-1",11.8918730828607
"GATCGTATCATGTCCC-1",12.9934494191103
"GATCGTATCTTACCGC-1",4.76841518236688
"GATCTAGAGCGTCTAT-1",1.72311168315317
"GATCTAGAGTGGAGAA-1",10.6736341789167
"GATCTAGCAACACCTA-1",10.3426814532492
"GATCTAGCAAGGGTCA-1",35.4889442106527
"GATCTAGGTCTAAAGA-1",4.68903866897545
"GATCTAGGTCTCACCT-1",15.0950526433245
"GATCTAGGTCTCTTTA-1",15.2978006370263
"GATCTAGTCACATAGC-1",5.13392465800677
"GATCTAGTCTAAGCCA-1",2.02938239688531
"GATGAAAAGAGTAATC-1",1.84582669049833
"GATGAAAAGCTCCCAG-1",1.39818618843915
"GATGAAACACGGTAGA-1",12.3378966131319
"GATGAAACAGCTGTAT-1",1.6802341060118
"GATGAAAGTGGGTATG-1",35.1617323868428
"GATGAAATCACCCTCA-1",23.2635515952708
"GATGAAATCACTCCTG-1",15.0930440479529
"GATGAAATCAGCAACT-1",19.3294502916387
"GATGAAATCGAGAGCA-1",9.41056053233292
"GATGAGGAGATCCCGC-1",5.89992684547042
"GATGAGGAGTTCGATC-1",6.60532063805666
"GATGAGGCACCAGTTA-1",15.761896768224
"GATGAGGGTATCACCA-1",1.97402936112055
"GATGAGGGTATTCGTG-1",18.8221541000485
"GATGAGGGTCGCGTGT-1",0
"GATGAGGGTGATGATA-1",4.68903866897545
"GATGAGGTCACAGGCC-1",37.9524957255258
"GATGAGGTCACATAGC-1",1.31123717199884
"GATGAGGTCCCTTGTG-1",0
"GATGAGGTCTGCTGTC-1",10.7789704019526
"GATGCTAAGACTAAGT-1",13.9183492097178
"GATGCTAAGGATGCGT-1",21.7300773089878
"GATGCTAAGGCTCTTA-1",10.9934119514064
"GATGCTAAGGGAACGG-1",12.5813243577834
"GATGCTAAGTATCTCG-1",9.71696489249194
"GATGCTAAGTCTCGGC-1",1.45793237384214
"GATGCTACATGTTGAC-1",13.3685785126689
"GATGCTACATTGCGGC-1",2.39204280568661
"GATGCTAGTCTCCATC-1",1.97402936112055
"GATGCTAGTGGAAAGA-1",15.872853091602
"GATGCTAGTTAGGGTG-1",13.9343842306154
"GATGCTATCCTGTACC-1",5.75706858747495
"GATGCTATCGGCGCTA-1",6.99474629212139
"GATTCAGAGAAACCTA-1",25.3678002389729
"GATTCAGAGAGTGACC-1",21.5025845567929
"GATTCAGAGATTACCC-1",3.71226895769326
"GATTCAGAGGGTCGAT-1",24.7899486494577
"GATTCAGAGGTCGGAT-1",19.3554448913425
"GATTCAGAGTCAATAG-1",23.2794990642325
"GATTCAGCAAGTTGTC-1",37.7938532724614
"GATTCAGCAATTCCTT-1",35.4889442106527
"GATTCAGCAGGGTACA-1",13.8134296657703
"GATTCAGCATCGACGC-1",9.37392755828145
"GATTCAGCATTATCTC-1",11.4422187721632
"GATTCAGGTAAATACG-1",0
"GATTCAGTCAACTCTT-1",2.853710311878
"GCAAACTAGATGTTAG-1",6.42052086370552
"GCAAACTAGTCATGCT-1",10.3739873698354
"GCAAACTAGTCTCAAC-1",24.4777084739603
"GCAAACTCACAGGTTT-1",6.42052086370552
"GCAAACTGTCAGATAA-1",3.45633348433684
"GCAAACTGTCTCCATC-1",11.6845065654141
"GCAAACTTCGTGGTCG-1",32.5759377236261
"GCAATCAAGGGATCTG-1",9.3695142250099
"GCAATCAAGTATCTCG-1",9.6151114139125
"GCAATCAAGTGGGTTG-1",2.853710311878
"GCAATCACAGCTTAAC-1",1.97296240954775
"GCAATCACATGTCGAT-1",10.9571308311617
"GCAATCACATTCCTCG-1",18.012007238355
"GCAATCAGTAGGAGTC-1",5.69404774329916
"GCAATCAGTATAATGG-1",1.46531226853977
"GCAATCAGTTCTCATT-1",7.08826772064832
"GCAATCAGTTCTGGTA-1",1.45793237384214
"GCACATAAGAGCTATA-1",40.9867576975971
"GCACATAAGATGTTAG-1",16.0101734261954
"GCACATAAGCCTTGAT-1",15.1002032199472
"GCACATAAGGAGTACC-1",18.1478320422811
"GCACATAAGTGAAGTT-1",15.1135873006916
"GCACATACACCACGTG-1",18.6140301162327
"GCACATACAGCTGTAT-1",5.19605389185883
"GCACATACAGGAACGT-1",14.7991054206856
"GCACATAGTCATCGGC-1",38.8511718990053
"GCACATAGTCCGAATT-1",12.8182840635022
"GCACATAGTCTCTTTA-1",15.3754846935049
"GCACATAGTGCGCTTG-1",18.6671266752828
"GCACATATCACCTCGT-1",13.0675156153143
"GCACATATCTGGTTCC-1",1.97296240954775
"GCACTCTCAAGACACG-1",5.29897023995669
"GCACTCTCAATCACAC-1",39.8096845547806
"GCACTCTCATTTCAGG-1",1.62563259835408
"GCACTCTGTAAACCTC-1",3.45633348433684
"GCACTCTGTACCAGTT-1",14.8172601863668
"GCACTCTGTAGAAAGG-1",12.1352747422537
"GCACTCTGTCGAACAG-1",12.1401505485675
"GCACTCTGTCTAGGTT-1",35.4889442106527
"GCACTCTTCAACTCTT-1",23.2635515952708
"GCACTCTTCCCTAATT-1",42.840768561744
"GCACTCTTCTGCCCTA-1",10.9934119514064
"GCAGCCAAGCTGATAA-1",25.3678002389729
"GCAGCCACATGAGCGA-1",7.6715031175175
"GCAGCCAGTAATCGTC-1",19.4914703592976
"GCAGCCAGTGTCGCTG-1",10.7454108461918
"GCAGCCATCAGTTGAC-1",3.45633348433684
"GCAGCCATCCCAACGG-1",23.2794990642325
"GCAGCCATCCGTACAA-1",0.835512043189675
"GCAGTTAAGTCCATAC-1",3.3161380374669
"GCAGTTAAGTCCGTAT-1",12.0745427808961
"GCAGTTAAGTTAACGA-1",40.1580494646679
"GCAGTTAGTGGACGAT-1",14.496069338105
"GCAGTTAGTTATTCTC-1",19.3342543299475
"GCAGTTATCGCGATCG-1",13.7251496539476
"GCATACAAGATCTGCT-1",3.54940780182887
"GCATACAAGCAACGGT-1",3.3161380374669
"GCATACACAACGCACC-1",16.3842817107911
"GCATACACAAGGACTG-1",0
"GCATACACAAGTCTGT-1",1.97030160217947
"GCATACACAGTCAGCC-1",5.75706858747495
"GCATACACATCCTAGA-1",6.99474629212139
"GCATACACATCGGAAG-1",15.1135873006916
"GCATACAGTCCGAACC-1",18.250777146427
"GCATACAGTTCTGGTA-1",12.0904023520538
"GCATACATCCACGACG-1",16.2711798362195
"GCATGATAGAATGTTG-1",18.8868407973301
"GCATGATAGAGTAATC-1",3.75170231881233
"GCATGATAGCTGATAA-1",10.3426814532492
"GCATGATAGGACCACA-1",5.75706858747495
"GCATGATAGGCTAGCA-1",4.81453441163239
"GCATGATAGTCAAGCG-1",8.44415969680415
"GCATGATAGTGGAGAA-1",39.8096845547806
"GCATGATCACACCGAC-1",8.64601275696977
"GCATGATCACATTTCT-1",12.9934494191103
"GCATGATGTCCCTACT-1",8.03796247688213
"GCATGATGTTGCGCAC-1",40.9867576975971
"GCATGATTCGTGGACC-1",16.1513401264346
"GCATGCGAGCATGGCA-1",9.6197767373008
"GCATGCGAGTCCAGGA-1",15.8128173559548
"GCATGCGCACTGCCAG-1",6.42052086370552
"GCATGCGGTAAGGATT-1",0
"GCATGCGGTCCTCTTG-1",9.87256712619876
"GCATGCGGTGTGAAAT-1",2.85483326089071
"GCATGCGTCCGCGGTA-1",3.71226895769326
"GCATGTAAGAACTGTA-1",13.1723946461415
"GCATGTAAGACAGACC-1",6.56892651770695
"GCATGTAAGTACTTGC-1",3.41061873977148
"GCATGTAAGTGCAAGC-1",12.9934494191103
"GCATGTACAACACGCC-1",10.7454108461918
"GCATGTATCACGAAGG-1",0.835512043189675
"GCCAAATCAAACTGTC-1",1.57605208029777
"GCCAAATCAAGGGTCA-1",10.1436859857713
"GCCAAATCAAGTTCTG-1",20.3733785040908
"GCCAAATCATAACCTG-1",8.60251585791081
"GCCAAATGTATAAACG-1",2.39204280568661
"GCCAAATGTGTTTGGT-1",39.8096845547806
"GCCAAATGTTTCGCTC-1",0
"GCCAAATTCAGGTAAA-1",2.5855012251463
"GCCAAATTCCGAGCCA-1",16.6253065217207
"GCCAAATTCCGCGGTA-1",5.55680948914084
"GCCAAATTCGGCTACG-1",14.6216924311583
"GCCTCTAAGAGTACCG-1",1.54544045030975
"GCCTCTAAGCCATCGC-1",3.82169536005632
"GCCTCTAAGCCGCCTA-1",1.87843203544026
"GCCTCTAAGCGATAGC-1",4.76841518236688
"GCCTCTAAGCTGCAAG-1",12.3572592835676
"GCCTCTAAGCTTCGCG-1",35.4889442106527
"GCCTCTAAGTCACGCC-1",6.60532063805666
"GCCTCTACAAGACGTG-1",12.9785277522524
"GCCTCTACAGCTATTG-1",12.0435264460725
"GCCTCTAGTAAGGATT-1",13.7452226256957
"GCCTCTAGTGATGATA-1",12.1352747422537
"GCCTCTAGTTAAGGGC-1",15.7847674926324
"GCCTCTATCAGCGACC-1",12.1401505485675
"GCCTCTATCCGATATG-1",5.43506116589537
"GCCTCTATCGAATCCA-1",3.65943960223115
"GCCTCTATCGAGCCCA-1",25.3678002389729
"GCCTCTATCGCTGATA-1",1.97030160217947
"GCCTCTATCTTTAGGG-1",7.44480220126101
"GCGACCAAGAGGTTAT-1",7.6715031175175
"GCGACCACACTTACGA-1",17.7563170438461
"GCGACCAGTCAGGACA-1",10.5037347775451
"GCGACCAGTCTAGAGG-1",40.594246428482
"GCGACCATCAACGGGA-1",17.9571184528945
"GCGACCATCCCGGATG-1",12.3365952424755
"GCGACCATCTACTCAT-1",2.85483326089071
"GCGAGAAAGGTTCCTA-1",40.4949262218538
"GCGAGAAAGTACGATA-1",0
"GCGAGAAAGTGTCTCA-1",7.44480220126101
"GCGAGAACAAGCCCAC-1",1.97030160217947
"GCGAGAACACTGAAGG-1",17.8746259248967
"GCGAGAAGTAGCGCTC-1",21.1282923410517
"GCGAGAAGTCCCTACT-1",18.3824015330131
"GCGAGAATCCTTTCGG-1",17.2256569678247
"GCGAGAATCGAGAGCA-1",11.1874755924124
"GCGAGAATCGCACTCT-1",38.4189807752929
"GCGCAACAGTCCTCCT-1",1.72311168315317
"GCGCAACAGTGTACGG-1",2.02938239688531
"GCGCAACCAAGTCTGT-1",11.9851172531401
"GCGCAACCAGCCACCA-1",7.27851322647121
"GCGCAACGTAGCGCTC-1",11.7230038326204
"GCGCAACGTCCCTTGT-1",4.81453441163239
"GCGCAACGTCCTAGCG-1",12.3572592835676
"GCGCAACGTCGACTAT-1",15.6462093694426
"GCGCAACGTCTAGAGG-1",11.0209608978413
"GCGCAACTCAATACCG-1",16.5144285641159
"GCGCAGTCACATCCAA-1",10.626811502499
"GCGCAGTCATTACCTT-1",15.6315786744131
"GCGCAGTGTTAGGGTG-1",13.98534945101
"GCGCAGTTCGATCCCT-1",10.3576340777026
"GCGCAGTTCGCGGATC-1",10.5808023614017
"GCGCCAAAGACATAAC-1",1.71671439966477
"GCGCCAAAGGACAGCT-1",5.13392465800677
"GCGCCAAAGGCCCTTG-1",7.65278671158036
"GCGCCAAAGGGCTTCC-1",1.84582669049833
"GCGCCAAAGGTACTCT-1",16.4474158742238
"GCGCCAACATAACCTG-1",16.9308992441173
"GCGCCAACATTGGGCC-1",7.99653206931965
"GCGCCAAGTACTTGAC-1",17.9032857363307
"GCGCCAAGTCGGCACT-1",3.35091264200698
"GCGCCAAGTGAAAGAG-1",12.2759431251525
"GCGCCAAGTTGTACAC-1",4.76841518236688
"GCGCCAATCCGTTGCT-1",5.77378187903712
"GCGCGATAGAAGGTTT-1",14.6216924311583
"GCGCGATAGCAGGTCA-1",5.84893163823023
"GCGCGATAGTGAATTG-1",33.6989669840425
"GCGCGATAGTTTGCGT-1",40.9867576975971
"GCGCGATCAGCTCGAC-1",3.39653636217056
"GCGCGATGTAAGTAGT-1",10.3739873698354
"GCGCGATGTCACTTCC-1",7.99653206931965
"GCGCGATGTTACCAGT-1",2.39204280568661
"GCGCGATTCAGTTAGC-1",1.6802341060118
"GCGCGATTCGTTTAGG-1",16.961970883576
"GCGGGTTAGAAACGAG-1",1.54544045030975
"GCGGGTTAGCTATGCT-1",21.299450147104
"GCGGGTTAGTGTGAAT-1",1.45793237384214
"GCGGGTTCACGCGAAA-1",5.75706858747495
"GCGGGTTCAGGCAGTA-1",5.13392465800677
"GCGGGTTCAGTAACGG-1",7.89117952290397
"GCGGGTTGTGAGTATA-1",4.73488620492507
"GCGGGTTGTGGCGAAT-1",19.8934183556245
"GCGGGTTTCCAAAGTC-1",13.417695488326
"GCGGGTTTCCTTTCTC-1",10.1061274179043
"GCGGGTTTCTCCAACC-1",19.4248442067847
"GCGGGTTTCTTGAGGT-1",5.78852526622546
"GCGGGTTTCTTGTATC-1",3.3161380374669
"GCTCCTACAAACTGTC-1",8.49798737111596
"GCTCCTACACCAGGTC-1",7.99653206931965
"GCTCCTACACCGATAT-1",8.271213804754
"GCTCCTACAGGGTACA-1",3.54940780182887
"GCTCCTACATTAGCCA-1",9.71696489249194
"GCTCCTAGTCAGGACA-1",0
"GCTCCTAGTCCGTCAG-1",22.3302811201149
"GCTCCTATCAGCCTAA-1",1.72311168315317
"GCTCCTATCCCTAATT-1",13.98534945101
"GCTCTGTAGAGGTAGA-1",10.1061274179043
"GCTCTGTAGCTGAACG-1",9.76304957407228
"GCTCTGTAGGAGTCTG-1",13.3685785126689
"GCTCTGTAGTGCTGCC-1",14.6216924311583
"GCTCTGTAGTGGACGT-1",18.250777146427
"GCTCTGTTCACCTCGT-1",8.65533969373085
"GCTGCAGAGCGTGAGT-1",1.62563259835408
"GCTGCAGAGTCAAGCG-1",13.0675156153143
"GCTGCAGAGTCCCACG-1",11.7691462358952
"GCTGCAGCAATTGCTG-1",4.81453441163239
"GCTGCAGCATGCCCGA-1",5.5138545066861
"GCTGCAGCATGCCTAA-1",0
"GCTGCAGGTAAACCTC-1",19.3179562605323
"GCTGCAGGTACGAAAT-1",12.9934494191103
"GCTGCAGGTAGCGCAA-1",4.60297388826894
"GCTGCAGGTCACCCAG-1",3.17337400328561
"GCTGCAGGTCATGCCG-1",10.7454108461918
"GCTGCGAAGGAATGGA-1",13.4179292084903
"GCTGCGAGTCTAACGT-1",10.1436859857713
"GCTGCGAGTGTTTGGT-1",5.34502449316777
"GCTGCGATCTCCTATA-1",16.0205166212272
"GCTGCGATCTTGTTTG-1",18.7203586550998
"GCTGCTTAGAATTGTG-1",13.0675156153143
"GCTGCTTAGGCAATTA-1",18.012007238355
"GCTGCTTCATCACGTA-1",15.9782810541286
"GCTGCTTCATCCAACA-1",1.71671439966477
"GCTGCTTCATGCCTAA-1",1.87843203544026
"GCTGCTTCATGGTCAT-1",0
"GCTGCTTGTAACGACG-1",6.42052086370552
"GCTGCTTGTAATCGTC-1",14.5762489064082
"GCTGCTTGTAGGGACT-1",8.1435294568359
"GCTGCTTGTGAAAGAG-1",28.1503094225513
"GCTGCTTTCCGGGTGT-1",6.51103367048128
"GCTGGGTAGACCCACC-1",23.5505816838676
"GCTGGGTAGCCACGCT-1",21.7194958522329
"GCTGGGTAGTCGCCGT-1",5.12332478562727
"GCTGGGTAGTCTCAAC-1",15.0736976302409
"GCTGGGTCACGGCTAC-1",0
"GCTGGGTCAGCCAATT-1",16.0563328141512
"GCTGGGTGTACAGTTC-1",12.5840500297658
"GCTGGGTGTACCGTTA-1",14.9693150928016
"GCTGGGTGTCGAGTTT-1",14.2299420573158
"GCTGGGTGTCTCCACT-1",17.5960547038436
"GCTGGGTGTGCCTGTG-1",14.2291207230813
"GCTGGGTTCAGCTTAG-1",16.0957803896136
"GCTGGGTTCCTTAATC-1",1.6827258250093
"GCTTCCAAGAAACCTA-1",5.17025065346765
"GCTTCCACACCACCAG-1",7.6715031175175
"GCTTCCACAGGTCGTC-1",18.8221541000485
"GCTTCCACAGTGAGTG-1",1.46531226853977
"GCTTCCAGTATAGGTA-1",8.22553447465376
"GCTTCCAGTTCAGCGC-1",3.45633348433684
"GCTTCCATCGTCCAGG-1",18.0343542640517
"GCTTGAAAGATGGCGT-1",17.3273592716128
"GCTTGAAAGCCGTCGT-1",14.2299420573158
"GCTTGAACAAACCTAC-1",14.5762489064082
"GCTTGAACACGGTGTC-1",15.6462093694426
"GCTTGAACATCGGAAG-1",12.9755624667211
"GCTTGAAGTGCGGTAA-1",33.1041838398135
"GCTTGAAGTTCTCATT-1",25.1023261498424
"GCTTGAATCAGGATCT-1",6.60532063805666
"GGAAAGCAGGCAGGTT-1",16.2711798362195
"GGAAAGCCAAACGCGA-1",4.2442438326227
"GGAAAGCCAAGTACCT-1",6.25969797571829
"GGAAAGCGTAAGCACG-1",14.0431748524549
"GGAAAGCGTCCTCCAT-1",5.70656813221831
"GGAAAGCGTCGCGTGT-1",17.5128551965665
"GGAAAGCGTGCTTCTC-1",18.6411116868147
"GGAAAGCTCCAGAGGA-1",4.11376912853278
"GGAACTTAGAGTAAGG-1",9.57656926777751
"GGAACTTCAATGTAAG-1",11.6845065654141
"GGAACTTCACAGGAGT-1",0.835512043189675
"GGAACTTCACCTCGTT-1",7.19341261960177
"GGAACTTGTCTCTTTA-1",10.9036743626185
"GGAACTTTCATTGCCC-1",9.76304957407227
"GGAACTTTCATTTGGG-1",14.8322910677846
"GGAACTTTCCGTCATC-1",23.4485295363262
"GGAACTTTCCTCAACC-1",14.0758613588841
"GGAACTTTCGGATGTT-1",16.3087989953859
"GGAATAAAGGTACTCT-1",6.83719291251417
"GGAATAAAGTGTCCAT-1",7.11363990906382
"GGAATAACAGCGTCCA-1",1.87843203544026
"GGAATAAGTCTGGTCG-1",5.78852526622546
"GGAATAAGTGCAGGTA-1",18.7361241722344
"GGAATAATCAGCACAT-1",37.9524957255258
"GGAATAATCTTTACGT-1",5.08507022854049
"GGACAAGAGGTACTCT-1",14.927767292798
"GGACAAGCAACGATGG-1",5.05243643906181
"GGACAAGCAGTCGTGC-1",0
"GGACAAGCATGGGACA-1",3.3161380374669
"GGACAAGGTATAAACG-1",4.81453441163239
"GGACAAGGTATGAAAC-1",9.26807777858599
"GGACAAGGTCGGCATC-1",13.8080425736618
"GGACAAGGTTATGCGT-1",30.9353976062749
"GGACAAGTCTAACGGT-1",12.1401505485675
"GGACAGAAGCTAGTCT-1",18.8868407973301
"GGACAGAAGTACTTGC-1",2.82043571635984
"GGACAGACAACACGCC-1",5.88712631465908
"GGACAGACACAAGCCC-1",7.00573917916493
"GGACAGAGTAAGTGGC-1",19.679643458487
"GGACAGAGTCTTTCAT-1",18.4678410603412
"GGACAGAGTGAGGGAG-1",2.85483326089071
"GGACAGAGTTCCACAA-1",18.8576790450107
"GGACAGATCAACGCTA-1",8.92175700464508
"GGACATTAGAGGGCTT-1",18.3342842614268
"GGACATTAGCCACGTC-1",17.0514732204847
"GGACATTCAAACGCGA-1",4.82335780513495
"GGACATTCAATGACCT-1",21.2700649038912
"GGACATTCACCAGCAC-1",12.5813243577834
"GGACATTGTTCTGGTA-1",25.3678002389729
"GGACATTTCCTCTAGC-1",14.8386913706605
"GGACGTCAGTACTTGC-1",10.1188207686424
"GGACGTCAGTGGTAAT-1",5.70656813221831
"GGACGTCCACAGTCGC-1",10.5037347775451
"GGACGTCGTGAGGGAG-1",17.5910437176852
"GGACGTCGTGGCGAAT-1",42.840768561744
"GGACGTCGTTACGGAG-1",18.9434538529978
"GGACGTCGTTTAAGCC-1",7.9941350907585
"GGACGTCTCCACTCCA-1",18.9582595619145
"GGACGTCTCGCAAACT-1",16.1743683272059
"GGACGTCTCTCCAGGG-1",12.5840500297658
"GGACGTCTCTCGAGTA-1",3.99968399906478
"GGACGTCTCTGGTGTA-1",31.4461525656501
"GGACGTCTCTTCGAGA-1",3.39653636217056
"GGAGCAAAGAACTCGG-1",12.3791456335917
"GGAGCAAAGACTGTAA-1",11.9851172531401
"GGAGCAAAGCCGCCTA-1",2.38347541227006
"GGAGCAAAGCTAAACA-1",1.71671439966477
"GGAGCAAAGTACGCCC-1",13.5836279049946
"GGAGCAACAAGCTGTT-1",20.4148340488857
"GGAGCAACAATGGACG-1",12.1401505485675
"GGAGCAACAATTCCTT-1",6.34748781641563
"GGAGCAACATGCTGGC-1",9.34613999977612
"GGAGCAAGTGAGTATA-1",19.9027046796468
"GGAGCAAGTTACTGAC-1",3.13377244571319
"GGAGCAATCAAGATCC-1",21.1282923410517
"GGAGCAATCCCATTTA-1",5.75706858747495
"GGATGTTCAAACTGTC-1",1.71671439966477
"GGATGTTTCATCACCC-1",20.3803630786315
"GGATGTTTCATGCATG-1",21.7194958522329
"GGATGTTTCCTACAGA-1",19.679643458487
"GGATGTTTCCTCTAGC-1",1.62563259835408
"GGATTACAGATCCCAT-1",15.1855118074801
"GGATTACAGCTTCGCG-1",0
"GGATTACAGGCTAGCA-1",12.5011507725264
"GGATTACAGTATCTCG-1",17.9477480009204
"GGATTACCAAGCGTAG-1",10.9036743626185
"GGATTACCACATCCGG-1",10.1514277417363
"GGATTACCAGCGTAAG-1",13.3743880057607
"GGATTACGTAATAGCA-1",14.2291207230813
"GGATTACGTACACCGC-1",8.15835725971924
"GGATTACGTCTCTTTA-1",1.97030160217947
"GGATTACGTTGAGGTG-1",7.72748778178187
"GGATTACTCGCGCCAA-1",9.22316386377764
"GGATTACTCGGCGCAT-1",5.18018622621329
"GGATTACTCTGCCCTA-1",6.26914224474028
"GGCAATTCAATCGGTT-1",22.382230976818
"GGCAATTCACGGCGTT-1",4.62204326350685
"GGCAATTCATCACCCT-1",3.39653636217056
"GGCAATTGTCGATTGT-1",12.9934494191103
"GGCAATTTCACTTACT-1",18.7795321298573
"GGCAATTTCAGCACAT-1",25.3678002389729
"GGCAATTTCTCCGGTT-1",12.3572592835676
"GGCCGATAGTGTCTCA-1",18.3118875695806
"GGCCGATCACGGACAA-1",15.1358862759613
"GGCCGATGTAGGACAC-1",12.2775091808039
"GGCCGATGTCACTGGC-1",9.71696489249194
"GGCCGATGTCCCTACT-1",35.4889442106527
"GGCCGATTCACCGTAA-1",16.6253065217207
"GGCCGATTCCGCGCAA-1",17.5748432146444
"GGCGACTAGAGCTGGT-1",13.2955329738178
"GGCGACTAGGACCACA-1",17.7816400436056
"GGCGACTAGGTTACCT-1",10.7454108461918
"GGCGACTCAAAGCGGT-1",3.45633348433684
"GGCGACTCAAGAGTCG-1",10.5656170200237
"GGCGACTCACCAGGTC-1",11.1103550370266
"GGCGACTCATTGTGCA-1",17.9032857363307
"GGCGACTTCAGAAATG-1",1.31123717199884
"GGCGACTTCAGAGACG-1",19.679643458487
"GGCGACTTCCAGATCA-1",5.08507022854049
"GGCGACTTCTCTAGGA-1",7.27851322647121
"GGCGTGTAGCTAGCCC-1",6.78095653744224
"GGCGTGTAGGGTATCG-1",9.26807777858599
"GGCGTGTCAGGTCCAC-1",20.2384401544359
"GGCGTGTCAGTATAAG-1",16.5242862386254
"GGCGTGTCATCGTCGG-1",23.5505816838676
"GGCGTGTCATGGAATA-1",13.6326146708078
"GGCGTGTGTCTCCCTA-1",10.7789704019526
"GGCGTGTTCTTGAGGT-1",10.5037347775451
"GGCTCGAAGCCGTCGT-1",19.8390243660959
"GGCTCGAAGGTAAACT-1",0
"GGCTCGACAAGAAGAG-1",10.7454108461918
"GGCTCGACAATAGCAA-1",3.00631284396615
"GGCTCGACATGGTCAT-1",6.26914224474028
"GGCTCGAGTATATCCG-1",7.74277479743759
"GGCTCGAGTTACGTCA-1",16.330180387465
"GGCTCGAGTTAGGGTG-1",34.6996997206396
"GGCTCGATCTGCAAGT-1",1.71671439966477
"GGCTGGTAGAAGAAGC-1",17.5128551965665
"GGCTGGTAGACCCACC-1",9.71696489249194
"GGCTGGTCAAGGACAC-1",9.79689698154457
"GGCTGGTCACTGCCAG-1",7.8065578142081
"GGCTGGTCATTTCAGG-1",16.0957803896136
"GGCTGGTGTATTCTCT-1",2.27245780891882
"GGCTGGTGTCGCATCG-1",1.54544045030975
"GGCTGGTGTCTAGTGT-1",3.13377244571319
"GGCTGGTGTTATGCGT-1",24.7292716895762
"GGGAATGAGCGTTGCC-1",10.1436859857713
"GGGAATGAGTAGGTGC-1",24.3519918355082
"GGGAATGGTAAGGGAA-1",8.70728322931521
"GGGAATGTCAACGAAA-1",7.65278671158036
"GGGAATGTCCAGTATG-1",14.4121673197623
"GGGAATGTCCGGGTGT-1",5.16706315738581
"GGGACCTAGATGTAAC-1",21.3590370753642
"GGGACCTAGTCTTGCA-1",33.67022615867
"GGGACCTCAATCAGAA-1",6.99474629212139
"GGGACCTCACTGAAGG-1",39.8096845547806
"GGGAGATAGTACGACG-1",42.840768561744
"GGGAGATCAAAGTGCG-1",5.05243643906181
"GGGAGATCAAATCCGT-1",6.26914224474028
"GGGAGATCAAGGACTG-1",5.53090223568038
"GGGAGATCACGCGAAA-1",18.1019429015269
"GGGAGATGTAGCGCAA-1",1.45793237384214
"GGGAGATTCAACGGGA-1",10.8366694765397
"GGGAGATTCATCACCC-1",14.0758613588841
"GGGATGAAGTGACATA-1",15.5309448829795
"GGGATGACATCATCCC-1",25.3678002389729
"GGGATGAGTCACCCAG-1",6.38597986321246
"GGGATGAGTGGAAAGA-1",5.908785679512
"GGGATGAGTTACGACT-1",6.16577231122494
"GGGATGAGTTGGTAAA-1",9.50040900027345
"GGGATGATCAGTTAGC-1",5.42697998874197
"GGGATGATCTATCCTA-1",3.71226895769326
"GGGATGATCTTTAGGG-1",15.872853091602
"GGGCACTAGTCTCGGC-1",14.0758613588841
"GGGCACTCATCTCCCA-1",1.62563259835408
"GGGCACTTCACCTCGT-1",10.6736341789167
"GGGCACTTCTGAGGGA-1",38.3559042518933
"GGGCATCCAATGTAAG-1",5.05097211083609
"GGGCATCCAGTCTTCC-1",5.13269621692018
"GGGCATCGTGGCGAAT-1",0
"GGGCATCTCACAGTAC-1",3.54940780182887
"GGGCATCTCCCTTGTG-1",5.17025065346765
"GGGCATCTCCGGCACA-1",12.2048541896324
"GGGCATCTCTGTCCGT-1",19.3179562605323
"GGGCATCTCTTATCTG-1",13.7452226256957
"GGGTCTGAGAAGATTC-1",6.12319011032753
"GGGTCTGAGATCCCGC-1",39.8096845547806
"GGGTCTGAGCCAACAG-1",4.82431866493765
"GGGTCTGCACAGGCCT-1",12.9934494191103
"GGGTCTGCACCAGGTC-1",3.17337400328561
"GGGTCTGGTCTGGTCG-1",7.4224043138187
"GGGTCTGGTGATGATA-1",2.853710311878
"GGGTCTGGTGTGACCC-1",21.3441255861118
"GGGTCTGTCAACTCTT-1",5.6056399885839
"GGGTCTGTCACTCCTG-1",40.0088218849501
"GGGTCTGTCCGTAGTA-1",34.6996997206396
"GGGTTGCAGACAGAGA-1",0
"GGGTTGCAGACCTTTG-1",18.1019429015269
"GGGTTGCAGATCGATA-1",18.3342842614268
"GGGTTGCAGGGTGTTG-1",38.8153589812754
"GGGTTGCAGGTGGGTT-1",18.6295483143907
"GGGTTGCCAATAACGA-1",12.1337215972719
"GGGTTGCCACGCCAGT-1",10.5903019438021
"GGGTTGCCATTAACCG-1",25.3678002389729
"GGGTTGCGTACATCCA-1",16.0101734261954
"GGGTTGCGTAGCGCAA-1",2.97263397541483
"GGGTTGCGTCCTCCAT-1",3.45633348433684
"GGGTTGCGTCGAGTTT-1",3.17337400328561
"GGGTTGCGTGAGTATA-1",6.26914224474028
"GGGTTGCGTGTGACCC-1",8.15835725971924
"GGGTTGCTCGTACCGG-1",14.5762489064082
"GGTATTGAGCACCGTC-1",10.7459033419209
"GGTATTGAGCTATGCT-1",2.85483326089071
"GGTATTGCACATCCAA-1",2.38347541227006
"GGTATTGCAGCTTCGG-1",5.70656813221831
"GGTATTGGTTCCGTCT-1",15.0939141391878
"GGTATTGTCAGAAATG-1",10.9036743626185
"GGTATTGTCCATTCTA-1",0
"GGTATTGTCGCCAGCA-1",3.39653636217056
"GGTGAAGAGACACGAC-1",3.7249040330736
"GGTGAAGAGATCCGAG-1",10.5037347775451
"GGTGAAGCAAGGTGTG-1",1.97296240954775
"GGTGAAGCACTCGACG-1",12.1871952554622
"GGTGAAGCAGTATGCT-1",12.4522090321013
"GGTGAAGGTATGAAAC-1",13.6771779576637
"GGTGAAGGTCAGAATA-1",2.82043571635984
"GGTGAAGGTGGTACAG-1",13.98534945101
"GGTGAAGGTGTATGGG-1",21.2219757022412
"GGTGAAGGTGTCTGAT-1",6.26914224474028
"GGTGAAGGTGTGGTTT-1",3.13721149814974
"GGTGAAGGTGTGTGCC-1",3.39756380660801
"GGTGAAGTCACGATGT-1",21.1819099233726
"GGTGAAGTCACTCTTA-1",19.3554448913425
"GGTGAAGTCTGGCGTG-1",11.8111229845351
"GGTGCGTAGGTGATTA-1",12.0745427808961
"GGTGCGTAGTACGATA-1",18.3118875695806
"GGTGCGTCACTTAAGC-1",11.3744530845474
"GGTGCGTCAGCTGTAT-1",16.8419959170838
"GGTGCGTGTTCGTTGA-1",7.8622843663812
"GGTGCGTTCCGTACAA-1",3.3161380374669
"GGTGCGTTCTTGACGA-1",16.0380979658645
"GGTGTTAAGGGCTCTC-1",11.4545563703053
"GGTGTTAAGTAGCGGT-1",0
"GGTGTTAAGTGGGATC-1",1.84582669049833
"GGTGTTAAGTTATCGC-1",1.31123717199884
"GGTGTTACAAATCCGT-1",35.1617323868428
"GGTGTTACACGGATAG-1",7.8622843663812
"GGTGTTAGTAATCACC-1",17.3273592716128
"GGTGTTAGTAGCAAAT-1",15.9782810541286
"GGTGTTAGTGTATGGG-1",15.1135873006916
"GGTGTTAGTTGAACTC-1",14.0758613588841
"GGTGTTATCGGACAAG-1",39.8096845547806
"GGTGTTATCGGTGTTA-1",12.5840500297658
"GGTGTTATCTACTTAC-1",22.3915500734571
"GTAACGTAGGTGACCA-1",11.247046553156
"GTAACGTCACAGGCCT-1",13.7251496539476
"GTAACGTGTACCATCA-1",15.872853091602
"GTAACGTGTGAGTATA-1",9.624795093439
"GTAACGTGTTACGGAG-1",22.6644025486645
"GTAACGTGTTAGGGTG-1",13.9392472380206
"GTAACGTTCGGTCCGA-1",6.33326167891702
"GTAACGTTCTCATTCA-1",2.82043571635984
"GTAACTGAGTGGGTTG-1",2.82043571635984
"GTAACTGCAATGGAAT-1",6.99474629212139
"GTAACTGCACAGGCCT-1",1.65238423125736
"GTAACTGCAGGATCGA-1",0
"GTAACTGCATCGGGTC-1",12.3315083821604
"GTAACTGGTATTACCG-1",19.3803708024028
"GTAACTGTCACGGTTA-1",10.7459033419209
"GTAACTGTCTACTATC-1",15.9782810541286
"GTACGTAAGGTGCTTT-1",26.2256920967881
"GTACGTACAGGAATGC-1",3.22816627531905
"GTACGTACATGGATGG-1",1.71671439966477
"GTACGTAGTGAGTGAC-1",5.18018622621329
"GTACGTAGTTGGTAAA-1",7.11363990906382
"GTACGTATCACCTCGT-1",16.6906490281822
"GTACGTATCATCGGAT-1",7.65278671158036
"GTACGTATCCACTGGG-1",41.1346309398714
"GTACTCCAGGCAGTCA-1",17.2039511183925
"GTACTCCCAATAGCGG-1",26.3769784007083
"GTACTCCCACAGGTTT-1",19.4407767055752
"GTACTCCTCACCTTAT-1",14.2290060387078
"GTACTCCTCATTGCCC-1",10.7789704019526
"GTACTCCTCCTTCAAT-1",3.2779173548252
"GTACTTTCAGTTAACC-1",4.11376912853278
"GTACTTTCATGTCGAT-1",11.0335269012385
"GTACTTTTCCGAAGAG-1",9.82072600446966
"GTAGGCCAGCAATCTC-1",3.99968399906478
"GTAGGCCCATTCGACA-1",34.6996997206396
"GTAGGCCGTAACGCGA-1",16.7105274305078
"GTAGGCCGTAAGGGCT-1",1.46531226853977
"GTAGGCCGTACGACCC-1",17.4585547277004
"GTAGGCCGTTCAGGCC-1",35.4889442106527
"GTAGGCCGTTGATTGC-1",5.34502449316777
"GTAGGCCTCAGCACAT-1",10.2168674774867
"GTAGTCAAGAATGTGT-1",22.4437175554651
"GTAGTCAAGATGCCTT-1",2.27245780891882
"GTAGTCAAGGACGAAA-1",5.29470140097121
"GTAGTCAAGTGAAGAG-1",4.82335780513495
"GTAGTCATCGTCACGG-1",13.1109366378685
"GTAGTCATCTGAAAGA-1",1.87843203544026
"GTATCTTAGAAACCAT-1",29.8182654109183
"GTATCTTAGGCTATCT-1",18.6140301162327
"GTATCTTAGTTGTCGT-1",20.5352233051306
"GTATCTTCACACCGCA-1",8.24237838009053
"GTATCTTCACGAAGCA-1",4.56426590606003
"GTATCTTGTTCGCTAA-1",16.0101734261954
"GTATCTTTCATGCTCC-1",15.0736976302409
"GTATCTTTCATGTAGC-1",5.75706858747495
"GTATTCTAGAAACCAT-1",3.45633348433684
"GTATTCTAGACAAAGG-1",8.282262517368
"GTATTCTCAAAGTCAA-1",3.45633348433684
"GTATTCTCAACAACCT-1",26.4997014551832
"GTATTCTCAACTTGAC-1",7.11363990906382
"GTATTCTCAATAAGCA-1",3.75170231881233
"GTATTCTCAGGGTTAG-1",21.032426807468
"GTATTCTCATACTACG-1",22.5696230398825
"GTATTCTCATGGTAGG-1",15.4645826109731
"GTATTCTGTAGTGAAT-1",1.87843203544026
"GTATTCTGTCTAGAGG-1",7.08826772064832
"GTCAAGTCATATGCTG-1",4.68903866897545
"GTCAAGTCATGGTTGT-1",18.4383978011714
"GTCAAGTGTCAGCTAT-1",6.42052086370552
"GTCAAGTGTTCCACTC-1",13.1723946461415
"GTCACAAAGCCGATTT-1",15.6542818145384
"GTCACAAAGTGGAGTC-1",3.3161380374669
"GTCACAACAGGTGGAT-1",13.9183492097178
"GTCACAAGTAAACGCG-1",8.49798737111596
"GTCACAATCAGGATCT-1",40.0821089805019
"GTCACAATCAGTTGAC-1",16.4470494446735
"GTCACAATCATGCATG-1",5.6056399885839
"GTCACGGAGATCACGG-1",3.8417744066671
"GTCACGGCATATACCG-1",18.089460781619
"GTCACGGGTGAGTGAC-1",19.4860471701667
"GTCACGGGTGTGGCTC-1",8.60251585791081
"GTCACGGTCGAGAGCA-1",16.0380979658645
"GTCACGGTCTACCTGC-1",3.17442725187691
"GTCATTTAGAGACTAT-1",20.3594658950212
"GTCATTTCACGTGAGA-1",23.6306340695121
"GTCATTTGTAGAAGGA-1",9.37392755828145
"GTCATTTGTCAGATAA-1",14.2291207230813
"GTCATTTTCCAGAGGA-1",20.4876034181367
"GTCCTCAAGCCCAACC-1",13.716889982529
"GTCCTCAAGTAGATGT-1",18.6295483143907
"GTCCTCAAGTGGGCTA-1",23.2794990642325
"GTCCTCACAATCACAC-1",17.5128551965665
"GTCCTCAGTGGAAAGA-1",15.6542818145384
"GTCCTCATCAAAGACA-1",12.1218859058168
"GTCCTCATCGTCCGTT-1",14.2299420573158
"GTCGGGTCACTGAAGG-1",30.9353976062749
"GTCGGGTCACTTCGAA-1",14.6216924311583
"GTCGGGTCATGAAGTA-1",6.42052086370552
"GTCGGGTGTCTCACCT-1",3.17337400328561
"GTCGGGTGTGTGACGA-1",12.9785277522524
"GTCGGGTGTGTGTGCC-1",6.60532063805666
"GTCGGGTGTTACGTCA-1",17.029212707721
"GTCGGGTTCTGCTGTC-1",1.71858985852962
"GTCGGGTTCTGTGCAA-1",11.8111229845351
"GTCGTAAAGAGATGAG-1",12.100440304762
"GTCGTAAAGCTGCAAG-1",13.831215990038
"GTCGTAAAGGCGACAT-1",11.4812689614477
"GTCGTAACATCACGAT-1",6.33890620911778
"GTCGTAAGTATCACCA-1",11.5451210065
"GTCGTAATCCAAGTAC-1",21.3441255861118
"GTCTCGTAGACCACGA-1",3.99968399906478
"GTCTCGTCAGGAACGT-1",8.59646925525709
"GTCTCGTGTGGTAACG-1",1.71671439966477
"GTCTCGTGTTTGGCGC-1",6.39211353994258
"GTCTCGTTCACCGGGT-1",23.4485295363262
"GTCTCGTTCAGTGCAT-1",10.1436859857713
"GTCTTCGAGACAAGCC-1",3.45633348433684
"GTCTTCGAGGAATGGA-1",12.6482607497317
"GTCTTCGAGTCAAGCG-1",8.64601275696977
"GTCTTCGCACATGGGA-1",18.3118875695806
"GTCTTCGCACCAGGTC-1",8.282262517368
"GTCTTCGCAGACGCAA-1",15.6542818145384
"GTCTTCGCATAACCTG-1",13.1723946461415
"GTCTTCGCATCGATGT-1",3.19282442527262
"GTCTTCGGTCTAGTGT-1",17.5128551965665
"GTCTTCGTCTCGATGA-1",15.6377010276556
"GTGAAGGAGAGCTGGT-1",37.9524957255258
"GTGAAGGAGATCGGGT-1",17.2039511183925
"GTGAAGGAGCCAGTTT-1",6.39211353994259
"GTGAAGGAGTGTTGAA-1",12.0745427808961
"GTGAAGGCAAAGGCGT-1",14.6362676880188
"GTGAAGGCACTTAAGC-1",11.9851172531401
"GTGAAGGCAGATTGCT-1",5.18018622621329
"GTGAAGGGTATATGGA-1",34.6996997206396
"GTGAAGGGTCTCTCTG-1",39.8096845547806
"GTGAAGGTCTCCTATA-1",1.71671439966477
"GTGCAGCAGACATAAC-1",7.27851322647121
"GTGCAGCAGTGGTCCC-1",12.3315083821604
"GTGCAGCCACATCTTT-1",13.417695488326
"GTGCAGCGTGAGTATA-1",17.2256569678247
"GTGCAGCTCTTAGAGC-1",3.41864932735872
"GTGCATAAGGCATGGT-1",6.39211353994259
"GTGCATAGTTTGTTGG-1",2.97263397541483
"GTGCATATCAGAGCTT-1",15.2978006370263
"GTGCATATCATCATTC-1",12.7139265273417
"GTGCATATCTGCGTAA-1",40.0088218849501
"GTGCGGTAGCAATCTC-1",2.38347541227006
"GTGCGGTAGGACAGAA-1",5.29470140097121
"GTGCGGTCAAAGGTGC-1",42.840768561744
"GTGCGGTGTTCAGACT-1",16.7900399979479
"GTGCGGTGTTCTGTTT-1",13.7452226256957
"GTGCGGTTCATCTGCC-1",0
"GTGCGGTTCCAGGGCT-1",18.8536211430138
"GTGCGGTTCGGATGGA-1",12.1401505485675
"GTGCGGTTCTCGTTTA-1",2.38347541227006
"GTGCGGTTCTGCTGTC-1",12.3572592835676
"GTGCTTCAGCCAGTTT-1",8.5263578722274
"GTGCTTCAGGATTCGG-1",12.936918925935
"GTGCTTCAGTACACCT-1",2.5855012251463
"GTGCTTCCACTTAACG-1",4.9708280504219
"GTGCTTCCAGCTATTG-1",18.0889428096578
"GTGCTTCGTAGAGTGC-1",3.71226895769326
"GTGCTTCTCACAATGC-1",18.8868407973301
"GTGCTTCTCACTTCAT-1",22.3302811201149
"GTGGGTCAGACCGGAT-1",3.17442725187691
"GTGGGTCAGACTGTAA-1",17.2256569678247
"GTGGGTCAGCCGTCGT-1",21.299450147104
"GTGGGTCCACCAACCG-1",1.45793237384214
"GTGGGTCCACCACCAG-1",4.82335780513495
"GTGTGCGAGACCGGAT-1",18.6295483143907
"GTGTGCGAGACTTGAA-1",9.62126066657246
"GTGTGCGCAGGTCGTC-1",4.82431866493765
"GTGTGCGGTGAGCGAT-1",5.70656813221831
"GTGTGCGTCAGTCAGT-1",12.9785277522524
"GTGTGCGTCCCTTGTG-1",3.09127810897501
"GTGTGCGTCTAACTTC-1",16.0380979658645
"GTGTTAGAGGACAGAA-1",7.27851322647121
"GTGTTAGAGGCATGGT-1",4.81453441163239
"GTGTTAGAGTGGAGAA-1",0
"GTGTTAGAGTTTGCGT-1",3.35091264200698
"GTGTTAGCAATGGAAT-1",17.3152580452621
"GTGTTAGCACCACCAG-1",1.54544045030975
"GTGTTAGGTGCCTGGT-1",21.3367139280798
"GTGTTAGGTGGAAAGA-1",8.5484634473961
"GTGTTAGGTTCCATGA-1",25.9185818465957
"GTGTTAGGTTGGGACA-1",16.8446287618086
"GTTAAGCAGAGCTGCA-1",23.2794990642325
"GTTAAGCAGATAGCAT-1",12.0904023520538
"GTTAAGCAGCTAACAA-1",25.0272755220849
"GTTAAGCAGGCTACGA-1",8.24237838009053
"GTTAAGCAGTGTACCT-1",12.5455134010522
"GTTAAGCAGTTTGCGT-1",25.3678002389729
"GTTAAGCCATTCACTT-1",11.6934568694165
"GTTAAGCGTACTCGCG-1",21.7194958522329
"GTTAAGCGTCTAGGTT-1",5.55680948914084
"GTTAAGCGTGGCAAAC-1",13.98534945101
"GTTAAGCGTTGCTCCT-1",1.97030160217947
"GTTAAGCTCCTTTCGG-1",2.38347541227006
"GTTACAGAGAGCTATA-1",9.87256712619876
"GTTACAGAGTACGATA-1",17.6951528928243
"GTTACAGCAGACGCCT-1",2.82043571635984
"GTTACAGCATCGGTTA-1",3.54940780182887
"GTTACAGGTATGGTTC-1",4.2442438326227
"GTTACAGGTCGACTGC-1",15.8870891997956
"GTTACAGGTCTAGGTT-1",5.19605389185883
"GTTCATTAGCGATGAC-1",5.75706858747495
"GTTCATTCATATACGC-1",8.22553447465376
"GTTCATTCATTGGCGC-1",8.03796247688213
"GTTCATTGTGCACGAA-1",15.6062027967184
"GTTCATTGTGTTAAGA-1",0
"GTTCATTGTTCAGTAC-1",8.55893656612801
"GTTCGGGAGACGACGT-1",2.97263397541483
"GTTCGGGAGCTAAGAT-1",3.82169536005632
"GTTCGGGAGTGTCTCA-1",17.7563170438461
"GTTCGGGGTAGGGTAC-1",11.4183900123222
"GTTCGGGGTGCAGGTA-1",17.4585547277004
"GTTCGGGTCCACGCAG-1",18.012007238355
"GTTCGGGTCTACTTAC-1",13.831215990038
"GTTCTCGAGACCACGA-1",4.76841518236688
"GTTCTCGAGCGATGAC-1",2.85483326089071
"GTTCTCGAGGCCATAG-1",31.7130528892807
"GTTCTCGCATCGGACC-1",16.2062633337108
"GTTCTCGGTAAGGGAA-1",11.6394085095916
"GTTCTCGGTAGCGTAG-1",0
"GTTCTCGGTCCGTGAC-1",2.853710311878
"GTTCTCGGTGTTAAGA-1",35.1617323868428
"GTTCTCGTCAACGCTA-1",26.3769784007083
"GTTCTCGTCCTGTACC-1",1.62170998635977
"GTTTCTACAAACCTAC-1",10.5137804815795
"GTTTCTACAAGAAAGG-1",6.39211353994259
"GTTTCTAGTGTTGGGA-1",22.5537267452326
"GTTTCTATCCCAACGG-1",0
"GTTTCTATCCGTAGTA-1",10.7454108461918
"GTTTCTATCGGCATCG-1",0
"TAAACCGGTACTTAGC-1",14.9518921534945
"TAAACCGTCACTCTTA-1",2.97263397541483
"TAAACCGTCAGGCGAA-1",17.2039511183925
"TAAACCGTCCGTTGTC-1",5.08507022854049
"TAAACCGTCTTCCTTC-1",4.82335780513495
"TAAGAGACAAGTTGTC-1",14.6121039041387
"TAAGAGAGTATATCCG-1",42.840768561744
"TAAGAGATCAATCACG-1",5.70656813221831
"TAAGAGATCTAACGGT-1",3.17337400328561
"TAAGAGATCTTTCCTC-1",31.7130528892807
"TAAGCGTAGTGGACGT-1",6.52355592189536
"TAAGCGTAGTGTCTCA-1",12.5813243577834
"TAAGCGTCAGCTTCGG-1",6.83719291251417
"TAAGCGTCAGGTGGAT-1",24.1734991865861
"TAAGCGTGTCCTGCTT-1",1.71671439966477
"TAAGCGTGTGCCTGGT-1",16.0380979658645
"TAAGCGTGTTGTTTGG-1",15.6542818145384
"TAAGCGTTCCTCATTA-1",5.908785679512
"TAAGCGTTCGGCGCAT-1",9.76304957407227
"TAAGCGTTCTCGCATC-1",22.6715862958375
"TAAGTGCAGGCTAGGT-1",12.1056484213452
"TAAGTGCAGTAGCGGT-1",18.5932230603545
"TAAGTGCCAACGCACC-1",17.9946964842888
"TAAGTGCCATACAGCT-1",17.6802524424817
"TAAGTGCGTAAACACA-1",10.7789704019526
"TAAGTGCGTCTCACCT-1",18.6295483143907
"TAAGTGCGTTCAGACT-1",20.8489601734921
"TAAGTGCTCACCCTCA-1",20.4148340488857
"TAAGTGCTCACTGGGC-1",17.9032857363307
"TAAGTGCTCTGGCGTG-1",13.1723946461415
"TACACGACACCCATTC-1",16.3342201659625
"TACACGAGTGATAAAC-1",0
"TACACGATCTGTCTCG-1",16.2711798362195
"TACAGTGAGATGCGAC-1",40.1580494646679
"TACAGTGAGCGTTGCC-1",1.71671439966477
"TACAGTGAGTGTACGG-1",17.0103611449146
"TACAGTGCAGGAATCG-1",12.7099967411819
"TACAGTGCAGGTGCCT-1",6.51103367048128
"TACAGTGGTACTCAAC-1",15.9782810541286
"TACAGTGGTTGGACCC-1",18.8536211430138
"TACCTATAGAGCTGGT-1",0
"TACCTATAGAGTTGGC-1",11.6845065654141
"TACCTATAGGCTCATT-1",23.2527529149738
"TACCTATAGTTAGCGG-1",12.5840500297658
"TACCTATCAAGCTGGA-1",22.3915500734571
"TACCTATGTAAATGAC-1",40.1580494646679
"TACCTATGTAGAGTGC-1",6.09108112668853
"TACCTATGTCACCTAA-1",4.27301562949398
"TACCTATGTGTTGAGG-1",5.19605389185883
"TACCTATGTTAAAGAC-1",10.9571308311617
"TACCTATTCTATGTGG-1",11.1935034446936
"TACCTATTCTTCCTTC-1",18.4383978011714
"TACCTTAAGAGGTTGC-1",17.5910437176852
"TACCTTAAGTCAAGCG-1",37.7938532724614
"TACCTTAAGTGGTCCC-1",14.3985568386976
"TACCTTACAACTGGCC-1",15.1002032199472
"TACCTTACAAGGGTCA-1",3.75170231881233
"TACCTTACACTCAGGC-1",12.1871952554622
"TACCTTACATCTACGA-1",19.0064261772613
"TACCTTAGTAGCGTCC-1",23.5505816838676
"TACCTTAGTCTCCACT-1",1.59927586880802
"TACGGATAGATGGCGT-1",25.3678002389729
"TACGGATAGGTACTCT-1",2.39204280568661
"TACGGATCAGGGATTG-1",8.9378924079348
"TACGGATCATCACCCT-1",10.4229533275874
"TACGGATGTCTAGCCG-1",7.44480220126101
"TACGGATTCGGTGTCG-1",39.8096845547806
"TACGGATTCTACTATC-1",17.5220642855731
"TACGGGCAGGATGCGT-1",18.8536211430138
"TACGGGCAGGGAACGG-1",8.49798737111596
"TACGGGCAGTATTGGA-1",18.6215257639704
"TACGGGCAGTCAAGCG-1",6.42052086370552
"TACGGGCCAAGAAGAG-1",0
"TACGGGCCACCAGATT-1",0
"TACGGGCCATCAGTAC-1",17.7337284091941
"TACGGGCGTAAGGGCT-1",11.0945921877919
"TACGGGCGTCTGATTG-1",38.1281141024871
"TACGGGCGTGATGTGG-1",12.1401505485675
"TACGGGCTCACCTTAT-1",4.15400012332633
"TACGGGCTCAGCTCTC-1",10.5463698176868
"TACGGGCTCCACGAAT-1",5.12332478562727
"TACGGGCTCCTATTCA-1",10.5107815155075
"TACGGGCTCGGTGTTA-1",14.6908913203531
"TACGGTAAGATATGGT-1",6.86934864123133
"TACGGTAAGCCGATTT-1",13.0575717471717
"TACGGTAAGTCATGCT-1",30.9353976062749
"TACGGTAAGTGCCATT-1",6.69459378259762
"TACGGTACACAGGCCT-1",18.6552896947694
"TACGGTACATTTCAGG-1",26.2256920967881
"TACGGTAGTATATCCG-1",3.17337400328561
"TACGGTAGTCACTTCC-1",6.7667270659096
"TACGGTAGTGCAGGTA-1",1.71671439966477
"TACGGTAGTGGGTATG-1",1.71671439966477
"TACGGTATCGCAGGCT-1",17.3260714239945
"TACGGTATCGGACAAG-1",25.999874962417
"TACGGTATCGTTTATC-1",12.1352747422537
"TACTCATAGTCACGCC-1",4.81453441163239
"TACTCATCAATCTACG-1",5.16706315738581
"TACTCATCACGGTAGA-1",8.49798737111596
"TACTCATCACTTCTGC-1",13.9392472380206
"TACTCATCATCCGTGG-1",23.0560921109908
"TACTCATCATGTCGAT-1",16.2711798362195
"TACTCATGTACAGCAG-1",12.9041066166855
"TACTCATGTCTTCAAG-1",2.85483326089071
"TACTCATTCCTTTCTC-1",8.64601275696977
"TACTCGCAGGCGACAT-1",0.835512043189675
"TACTCGCGTCAGAAGC-1",23.2794990642325
"TACTCGCGTCTGATTG-1",17.955403669697
"TACTCGCGTGTAACGG-1",22.3398531525752
"TACTCGCGTTGAGTTC-1",10.3951940772355
"TACTCGCTCAACGGGA-1",11.0335269012385
"TACTCGCTCCGAATGT-1",23.2635515952708
"TACTTACAGACTAGGC-1",12.3365952424755
"TACTTACAGCTGAACG-1",22.5696230398825
"TACTTACAGTACACCT-1",23.4485295363262
"TACTTACAGTACGCCC-1",12.3572592835676
"TACTTACAGTGATCGG-1",0
"TACTTACCAAGCCGTC-1",6.86934864123133
"TACTTACCACAGGTTT-1",16.9523190744775
"TACTTACTCGCGTTTC-1",2.97263397541483
"TACTTGTAGCGATATA-1",14.5762489064082
"TACTTGTAGTAATCCC-1",19.1529718200011
"TACTTGTCAAACAACA-1",12.2995093334756
"TACTTGTCATGCAACT-1",8.24237838009053
"TACTTGTGTAGCACGA-1",7.8622843663812
"TACTTGTGTATAAACG-1",1.71671439966477
"TACTTGTGTTCCACAA-1",6.88127989818716
"TACTTGTTCTGCAGTA-1",27.0442369718073
"TAGACCAAGAGACGAA-1",4.82335780513495
"TAGACCAAGCCTCGTG-1",1.97296240954775
"TAGACCAAGTCGATAA-1",21.2219757022412
"TAGACCACAACACCCG-1",7.4224043138187
"TAGACCAGTAGATTAG-1",4.62204326350685
"TAGACCAGTTCATGGT-1",17.0826540580023
"TAGACCATCACTTCAT-1",9.26807777858599
"TAGACCATCGTCACGG-1",12.3572592835676
"TAGACCATCTCCAGGG-1",17.966127796434
"TAGAGCTAGAATTCCC-1",18.6140301162327
"TAGAGCTAGTATTGGA-1",5.89992684547042
"TAGAGCTCACTGAAGG-1",25.9893271415974
"TAGAGCTGTACTTGAC-1",3.95269191493061
"TAGAGCTGTCTAAAGA-1",5.908785679512
"TAGCCGGAGACTGGGT-1",8.52541799054413
"TAGCCGGAGTCCCACG-1",23.5505816838676
"TAGCCGGAGTGACATA-1",25.3385179706597
"TAGCCGGCAGCAGTTT-1",0
"TAGCCGGGTACAGTGG-1",13.417695488326
"TAGCCGGGTACCATCA-1",1.97402936112055
"TAGCCGGGTCGCGAAA-1",40.9867576975971
"TAGCCGGTCACGACTA-1",16.8446287618086
"TAGGCATAGAACTGTA-1",14.2291207230813
"TAGGCATAGCTAGGCA-1",12.1401505485675
"TAGGCATAGTCGTACT-1",13.2766015694829
"TAGGCATAGTTTAGGA-1",6.78095653744224
"TAGGCATCAAGCCTAT-1",16.6253065217207
"TAGGCATCAGACGCAA-1",1.72311168315317
"TAGGCATGTACGAAAT-1",1.80225274494389
"TAGGCATGTCCAGTTA-1",24.7292716895762
"TAGGCATGTTCCACTC-1",25.999874962417
"TAGGCATTCCCTAACC-1",18.6295483143907
"TAGGCATTCGCTAGCG-1",1.45793237384214
"TAGGCATTCGTAGATC-1",2.82043571635984
"TAGGCATTCTTCATGT-1",14.927767292798
"TAGTGGTAGATCACGG-1",27.2146060257759
"TAGTGGTAGCTGTTCA-1",2.39204280568661
"TAGTGGTCAGTATAAG-1",12.1401505485675
"TAGTGGTGTAGCGTAG-1",7.6715031175175
"TAGTGGTTCAGCATGT-1",13.3685785126689
"TAGTGGTTCGGCGCAT-1",5.19605389185883
"TAGTGGTTCTCAAGTG-1",16.0957803896136
"TAGTGGTTCTGGGCCA-1",35.4132787402148
"TAGTGGTTCTTTAGTC-1",5.10369578895422
"TAGTTGGAGATAGGAG-1",11.6934568694165
"TAGTTGGCAGACGCAA-1",6.51103367048128
"TAGTTGGCATGCGCAC-1",6.25969797571829
"TAGTTGGGTATGGTTC-1",11.247046553156
"TAGTTGGTCCGAATGT-1",0
"TAGTTGGTCTACTCAT-1",1.71671439966477
"TAGTTGGTCTCTAAGG-1",5.42697998874197
"TAGTTGGTCTGATACG-1",13.3743880057607
"TATCAGGAGAGTAAGG-1",6.69459378259762
"TATCAGGAGATCCGAG-1",18.6140301162327
"TATCAGGAGCAGATCG-1",11.3546201650509
"TATCAGGAGGTGCTTT-1",10.7777523973827
"TATCAGGCAACTTGAC-1",3.17337400328561
"TATCAGGCACGTTGGC-1",10.9618328359624
"TATCAGGGTCCGTTAA-1",2.853710311878
"TATCAGGGTCTGCAAT-1",4.71236288121863
"TATCAGGGTTAAAGAC-1",32.5759377236261
"TATCAGGTCAAGATCC-1",21.032426807468
"TATCAGGTCCACTCCA-1",3.54940780182887
"TATCAGGTCGTAGGTT-1",11.1935034446936
"TATCTCAAGAGTTGGC-1",9.64209614936037
"TATCTCAAGCCACCTG-1",0
"TATCTCAAGCGTAATA-1",18.6215257639704
"TATCTCAAGGCTAGCA-1",7.65278671158036
"TATCTCAAGTGGGCTA-1",17.4585547277004
"TATCTCACATGTCCTC-1",12.3378966131319
"TATCTCAGTAACGACG-1",22.382230976818
"TATCTCAGTACCTACA-1",10.5656170200237
"TATCTCAGTACGACCC-1",17.5856674038555
"TATCTCAGTCAATGTC-1",24.1308228085107
"TATCTCATCAAGCCTA-1",23.2660723546095
"TATGCCCAGAAACCGC-1",6.86934864123133
"TATGCCCAGGTAGCTG-1",9.41056053233292
"TATGCCCCAATGGAAT-1",12.0745427808961
"TATGCCCCACTTAACG-1",1.71671439966477
"TATGCCCCATGTTCCC-1",19.679643458487
"TATGCCCGTAGCCTCG-1",3.45633348433684
"TATGCCCGTATAGGGC-1",8.73957026071702
"TATGCCCGTATGAAAC-1",38.5498618510136
"TATGCCCGTCGCCATG-1",4.15400012332633
"TATGCCCGTGCCTTGG-1",7.48693090535743
"TATGCCCGTTAAGATG-1",8.282262517368
"TATGCCCGTTGGTGGA-1",7.8824299872591
"TATGCCCGTTTAGGAA-1",12.5095734018864
"TATTACCAGAGAGCTC-1",8.52541799054413
"TATTACCAGCAAATCA-1",3.3161380374669
"TATTACCAGCCCGAAA-1",10.5037347775451
"TATTACCAGTATCTCG-1",0
"TATTACCCAAAGTGCG-1",17.5220642855731
"TATTACCCAGACAAGC-1",21.2700649038912
"TATTACCCAGTCAGCC-1",26.6252396200056
"TATTACCCATAAAGGT-1",1.71671439966477
"TATTACCCATCTACGA-1",12.9934494191103
"TATTACCGTCCAGTAT-1",13.1109366378685
"TCAACGAAGCCGATTT-1",21.1631670173074
"TCAACGAAGCGATGAC-1",12.2048541896324
"TCAACGAAGGCATGTG-1",16.0380979658645
"TCAACGAAGTAGTGCG-1",12.4522090321013
"TCAACGACACCAGGCT-1",5.908785679512
"TCAACGACATGCCTTC-1",40.1580494646679
"TCAACGAGTTACCAGT-1",3.5068812269031
"TCAACGAGTTCCATGA-1",10.5037347775451
"TCAACGAGTTCTGGTA-1",10.5037347775451
"TCAACGATCAGTCCCT-1",22.3398531525752
"TCAACGATCTGTGCAA-1",3.45633348433684
"TCAATCTAGATCCCGC-1",14.2290060387078
"TCAATCTCACAAGCCC-1",8.24237838009053
"TCAATCTCACAGCCCA-1",7.00573917916493
"TCAATCTCATGACGGA-1",19.1529718200011
"TCAATCTCATTTGCTT-1",13.1723946461415
"TCAATCTGTAGTGAAT-1",3.5068812269031
"TCAATCTGTTAGATGA-1",10.4148479306467
"TCAATCTTCAGATAAG-1",11.166010726569
"TCAATCTTCATGTCCC-1",1.71671439966477
"TCACAAGAGACTGGGT-1",3.3161380374669
"TCACAAGAGAGAGCTC-1",6.49911838726595
"TCACAAGAGGCCCTCA-1",17.6951528928243
"TCACAAGAGGTGGGTT-1",13.9183492097178
"TCACAAGAGTAGATGT-1",11.6508509033612
"TCACAAGCAGTATGCT-1",26.3769784007083
"TCACAAGCATAACCTG-1",10.7789704019526
"TCACAAGCATGACATC-1",6.86934864123133
"TCACAAGGTCAGATAA-1",18.7131252924021
"TCACAAGGTGTGGTTT-1",35.6906306186391
"TCACAAGTCATCATTC-1",11.8111229845351
"TCACAAGTCATGCATG-1",10.4229533275874
"TCACGAAAGCTCCTTC-1",15.6462093694426
"TCACGAAAGGTGCTTT-1",8.64601275696977
"TCACGAAAGTCTCGGC-1",2.97263397541483
"TCACGAACACAAGACG-1",34.3326376913844
"TCACGAACACTGTCGG-1",1.7000594688291
"TCACGAAGTGGTCCGT-1",5.89992684547042
"TCACGAAGTTGGTGGA-1",7.4224043138187
"TCACGAATCATGCAAC-1",3.82169536005632
"TCACGAATCCCGACTT-1",11.6310682833649
"TCACGAATCCTCGCAT-1",5.75706858747495
"TCACGAATCGTCACGG-1",16.0957803896136
"TCAGATGAGGTGCACA-1",13.560533254792
"TCAGATGGTCTTGTCC-1",33.6989669840425
"TCAGATGGTGCCTGCA-1",30.9353976062749
"TCAGATGGTGCTGTAT-1",3.22816627531905
"TCAGATGTCAGTTTGG-1",4.62204326350685
"TCAGATGTCGCATGAT-1",15.2978006370263
"TCAGATGTCTCCTATA-1",0.835512043189675
"TCAGCAAAGGAGTCTG-1",1.31103918124792
"TCAGCAAAGGCTCATT-1",35.4889442106527
"TCAGCAAAGTACGACG-1",8.24237838009053
"TCAGCAAAGTGGCACA-1",38.3559042518933
"TCAGCAACACGCATCG-1",18.3342842614268
"TCAGCAAGTACCGGCT-1",1.57605208029777
"TCAGCAATCAGCGATT-1",18.4927559068316
"TCAGCAATCGGAAACG-1",5.97724939956451
"TCAGCAATCTTCAACT-1",5.74476699795527
"TCAGCTCAGGTGTTAA-1",13.1723946461415
"TCAGCTCAGTATGACA-1",13.2893940805328
"TCAGCTCCAATCTGCA-1",25.0272755220849
"TCAGCTCCACGGTTTA-1",9.76304957407228
"TCAGCTCGTAATAGCA-1",14.5830432827051
"TCAGCTCGTCCGTCAG-1",22.5696230398825
"TCAGCTCGTTCACGGC-1",21.0800351809166
"TCAGCTCTCACGATGT-1",3.3161380374669
"TCAGCTCTCATGCATG-1",13.0575717471717
"TCAGCTCTCCTAAGTG-1",2.01094826807031
"TCAGCTCTCTCGTATT-1",3.99968399906478
"TCAGGATAGACAGAGA-1",13.1723946461415
"TCAGGATAGATATGGT-1",13.9392472380206
"TCAGGATCAAACGTGG-1",2.853710311878
"TCAGGATCAAGTTCTG-1",2.85483326089071
"TCAGGATCACGGTGTC-1",6.39211353994259
"TCAGGATCACTGTGTA-1",32.5759377236261
"TCAGGATCAGCATACT-1",10.626811502499
"TCAGGATCATCTGGTA-1",6.52050037032465
"TCAGGATGTAAGCACG-1",15.1855118074801
"TCAGGATGTGGCCCTA-1",16.961970883576
"TCAGGATTCCGATATG-1",30.9353976062749
"TCAGGATTCTCGATGA-1",6.88127989818716
"TCAGGTAAGATGGCGT-1",18.0550234616166
"TCAGGTAAGTGTTTGC-1",13.9429879572641
"TCAGGTACACAAGTAA-1",3.54940780182887
"TCAGGTACACAGAGGT-1",32.5759377236261
"TCAGGTACAGCTGCTG-1",8.63435940487059
"TCAGGTAGTAAACGCG-1",4.62204326350685
"TCATTACAGAAACCAT-1",7.44480220126101
"TCATTACAGGAGTTGC-1",12.3315083821604
"TCATTACAGTTGCAGG-1",19.3179562605323
"TCATTACCACATCCAA-1",7.4224043138187
"TCATTACCAGTCAGCC-1",15.7112867723048
"TCATTACGTACGCACC-1",9.96849156515377
"TCATTACGTCTAGAGG-1",18.3342842614268
"TCATTACGTGAAGGCT-1",9.62126066657246
"TCATTACGTTCTGTTT-1",27.2146060257759
"TCATTACTCATCGATG-1",17.0514732204847
"TCATTTGAGCCAGTTT-1",16.961970883576
"TCATTTGCACGTCTCT-1",1.5951915298159
"TCATTTGCAGTTAACC-1",8.282262517368
"TCATTTGTCCAGAGGA-1",21.3174670299702
"TCATTTGTCCCTTGCA-1",2.82043571635984
"TCATTTGTCCGTCAAA-1",11.3546201650509
"TCATTTGTCGCTAGCG-1",6.99474629212139
"TCATTTGTCGTACGGC-1",7.78051158328082
"TCATTTGTCTCTGCTG-1",8.282262517368
"TCCACACCAAAGAATC-1",18.6431218231826
"TCCACACCACGCCAGT-1",6.26914224474028
"TCCACACGTACAGCAG-1",33.67022615867
"TCCACACGTAGCCTAT-1",11.247046553156
"TCCACACGTCATCGGC-1",4.62204326350685
"TCCACACGTGACCAAG-1",16.961970883576
"TCCACACGTGCGAAAC-1",5.69404774329916
"TCCACACTCAACACCA-1",14.5364035429672
"TCCACACTCCAGTATG-1",11.6310682833649
"TCCACACTCCCATTTA-1",12.5813243577834
"TCCACACTCGAACTGT-1",23.4485295363262
"TCCCGATAGAAGAAGC-1",24.1297148172043
"TCCCGATAGCACAGGT-1",18.6295483143907
"TCCCGATAGCCGGTAA-1",23.2794990642325
"TCCCGATCAAGGTTCT-1",14.9518921534945
"TCCCGATCAGCCAATT-1",14.6362676880188
"TCCCGATCATCCAACA-1",29.8182654109183
"TCCCGATGTAAGGATT-1",6.60532063805666
"TCCCGATGTCAATACC-1",17.0514732204847
"TCCCGATTCAGAAATG-1",1.71671439966477
"TCCCGATTCAGTCCCT-1",18.0550234616166
"TCCCGATTCATCTGTT-1",10.1436859857713
"TCCCGATTCCCTAATT-1",8.22553447465376
"TCCCGATTCTGGAGCC-1",2.5855012251463
"TCGAGGCAGCGATGAC-1",11.3546201650509
"TCGAGGCAGTGTTTGC-1",2.27245780891882
"TCGAGGCCAAAGAATC-1",25.5036526096787
"TCGAGGCCAAGTTCTG-1",18.6431218231826
"TCGAGGCCAGTAACGG-1",18.3667408182164
"TCGAGGCGTATATCCG-1",7.89117952290397
"TCGAGGCTCGCAAGCC-1",12.3378966131319
"TCGAGGCTCTTGAGAC-1",23.2527529149738
"TCGAGGCTCTTTCCTC-1",1.45793237384214
"TCGCGAGAGACAAAGG-1",16.0101734261954
"TCGCGAGAGTGAATTG-1",18.6215257639704
"TCGCGAGCAAGCGTAG-1",4.46056715731168
"TCGCGAGCACCGAATT-1",18.3824015330131
"TCGCGAGCAGTAAGAT-1",1.71671439966477
"TCGCGAGTCCACGAAT-1",8.22553447465376
"TCGCGAGTCTAGCACA-1",14.5762489064082
"TCGCGAGTCTCTAGGA-1",13.7452226256957
"TCGCGAGTCTTCATGT-1",21.0800351809166
"TCGCGTTAGTGGGCTA-1",1.45793237384214
"TCGCGTTCACAGGCCT-1",12.1337215972719
"TCGCGTTCATCACAAC-1",8.64601275696977
"TCGCGTTCATCTCGCT-1",0
"TCGCGTTGTTCACCTC-1",2.27245780891882
"TCGCGTTTCAAGATCC-1",4.81453441163239
"TCGCGTTTCAGGTAAA-1",19.1529718200011
"TCGCGTTTCATTCACT-1",8.72182076698973
"TCGCGTTTCCTGTACC-1",15.5485441075985
"TCGCGTTTCGCCCTTA-1",12.3625311872492
"TCGGGACCACACATGT-1",15.3694275168487
"TCGGGACTCCTTGCCA-1",27.1273742690659
"TCGGGACTCTGCGGCA-1",13.0575717471717
"TCGGGACTCTTGTCAT-1",6.42180629226528
"TCGGTAAAGACAGGCT-1",8.55893656612801
"TCGGTAAAGCTCAACT-1",34.6996997206396
"TCGGTAACAAGCTGAG-1",19.1102428712641
"TCGGTAACAGGAATGC-1",12.1668003182739
"TCGGTAAGTATATGGA-1",22.6644025486645
"TCGGTAAGTCTAGTCA-1",9.82179645181382
"TCGGTAATCCCGGATG-1",3.3161380374669
"TCGTACCAGCAGGCTA-1",6.89180187511657
"TCGTACCAGTTTCCTT-1",8.9378924079348
"TCGTACCGTTTGCATG-1",3.13377244571319
"TCGTACCTCGGGAGTA-1",3.45633348433684
"TCGTAGAAGCTAACTC-1",3.54940780182887
"TCGTAGAAGGCGACAT-1",6.86934864123133
"TCGTAGAAGGGAACGG-1",18.4383978011714
"TCGTAGAAGTCCATAC-1",8.87296471001188
"TCGTAGACAATCCAAC-1",0
"TCGTAGACACTCAGGC-1",18.8868407973301
"TCGTAGAGTATGAATG-1",18.6140301162327
"TCGTAGAGTGAGCGAT-1",21.3590370753642
"TCGTAGAGTGTGTGCC-1",11.4422187721632
"TCGTAGAGTTCAACCA-1",3.09127810897501
"TCGTAGAGTTCCATGA-1",39.8096845547806
"TCGTAGATCCAAGCCG-1",5.18018622621329
"TCGTAGATCTTAGCCC-1",4.81453441163239
"TCTATTGAGCGATTCT-1",23.4485295363262
"TCTATTGAGTGCCATT-1",15.6542818145384
"TCTATTGCACATCTTT-1",7.91687961269865
"TCTATTGGTAAGTGTA-1",14.9186184914538
"TCTATTGGTCCAACTA-1",1.45793237384214
"TCTATTGGTCTGCCAG-1",10.3739873698354
"TCTATTGGTTGCTCCT-1",18.0550234616166
"TCTATTGTCGGCGCTA-1",13.9183492097178
"TCTCATAAGCTAAACA-1",3.18369540116185
"TCTCATAAGCTAGTCT-1",3.58578442732706
"TCTCATAAGTGCCATT-1",18.9379741172073
"TCTCATAGTACCGGCT-1",10.5037347775451
"TCTCATAGTGTAAGTA-1",32.6699300639959
"TCTCATATCAAGCCTA-1",14.1883309907345
"TCTCATATCACCTTAT-1",5.17025065346765
"TCTCATATCCTGTACC-1",13.4899029464063
"TCTCTAAAGACCGGAT-1",14.2290060387078
"TCTCTAAAGGGTGTTG-1",11.9464641231573
"TCTCTAACAGCCTATA-1",11.1994005695503
"TCTCTAAGTCCAGTAT-1",1.46531226853977
"TCTCTAAGTCCATGAT-1",13.4899029464063
"TCTCTAAGTCTCATCC-1",0
"TCTCTAAGTGGAAAGA-1",29.063131932154
"TCTCTAATCAAACCAC-1",2.39336217346739
"TCTCTAATCACAGGCC-1",21.7194958522329
"TCTCTAATCACATACG-1",21.3174670299702
"TCTCTAATCCGTAGGC-1",8.15835725971924
"TCTCTAATCGTATCAG-1",40.1580494646679
"TCTGAGACAAACCTAC-1",37.0153858013958
"TCTGAGACAGAGTGTG-1",15.1002032199472
"TCTGAGAGTAAGGGAA-1",12.2995093334756
"TCTGAGATCCTTGACC-1",13.7452226256957
"TCTGAGATCTATCCTA-1",14.2299420573158
"TCTGGAAAGCGATGAC-1",7.89117952290397
"TCTGGAAAGCTCTCGG-1",7.99653206931965
"TCTGGAAAGGAGCGAG-1",14.2291207230813
"TCTGGAACACAAGACG-1",17.4585547277004
"TCTGGAACACACTGCG-1",16.0101734261954
"TCTGGAACACTTCTGC-1",12.5011507725264
"TCTGGAAGTGAGTATA-1",8.60251585791081
"TCTTCGGAGGTTCCTA-1",4.62204326350685
"TCTTCGGAGTTCGATC-1",22.8936408539202
"TCTTCGGCAAAGCAAT-1",23.2527529149738
"TCTTCGGCAAAGGTGC-1",33.6989669840425
"TCTTCGGCAATAGCAA-1",1.45793237384214
"TCTTCGGCAATGTAAG-1",2.01094826807031
"TCTTCGGCACACCGAC-1",6.60532063805666
"TCTTCGGCAGCCAATT-1",9.71696489249194
"TCTTCGGGTCATTAGC-1",10.5808023614017
"TCTTCGGTCGTAGGTT-1",18.9379741172073
"TCTTCGGTCTCTAAGG-1",13.6962603690344
"TCTTTCCAGAGAGCTC-1",5.17025065346765
"TCTTTCCAGTCATCCA-1",8.282262517368
"TCTTTCCCATCTCCCA-1",5.34502449316777
"TCTTTCCGTAATCACC-1",25.5036526096787
"TCTTTCCGTAGTACCT-1",3.39653636217056
"TCTTTCCTCACAACGT-1",10.1436859857713
"TCTTTCCTCAGCTGGC-1",5.70656813221831
"TCTTTCCTCCAAGTAC-1",17.2256569678247
"TCTTTCCTCCTCGCAT-1",25.3678002389729
"TGAAAGAAGCTAAGAT-1",32.6699300639959
"TGAAAGACAAGCCGTC-1",3.39653636217056
"TGAAAGACACATTCGA-1",15.0939141391878
"TGAAAGACATGAGCGA-1",12.5095734018864
"TGAAAGAGTCTAGCGC-1",3.3161380374669
"TGAAAGAGTCTCATCC-1",10.7454108461918
"TGAAAGATCCCGACTT-1",12.5813243577834
"TGAAAGATCTATGTGG-1",5.1540112885602
"TGACAACCAAGCGAGT-1",12.1871952554622
"TGACAACGTAGGGACT-1",10.0387714455996
"TGACAACGTGCGCTTG-1",20.2443326279735
"TGACAACGTGGTTTCA-1",0
"TGACAACTCACAAACC-1",19.3360596573422
"TGACAACTCCACGTGG-1",4.82431866493765
"TGACAACTCGAATGCT-1",19.7818008962905
"TGACGGCAGCGCCTCA-1",2.27245780891882
"TGACGGCAGGCTCAGA-1",3.35091264200698
"TGACGGCAGTCAAGCG-1",15.3754846935049
"TGACGGCCACAGACTT-1",16.0101734261954
"TGACGGCGTCATCCCT-1",21.3441255861118
"TGACGGCTCAGGCGAA-1",20.6554650936417
"TGACGGCTCCACTGGG-1",17.3104655403721
"TGACTAGAGACCCACC-1",22.2064432104237
"TGACTAGAGGGCATGT-1",16.1743683272059
"TGACTAGAGTCTCAAC-1",10.2168674774867
"TGACTAGAGTTGAGAT-1",0
"TGACTAGCAGCATACT-1",1.31103918124792
"TGACTAGCAGTCAGAG-1",5.70656813221831
"TGACTAGCATTTCACT-1",10.211825894518
"TGACTAGGTAAATACG-1",33.1041838398135
"TGACTAGGTGAAAGAG-1",16.961970883576
"TGACTAGGTGCAGTAG-1",38.1281141024871
"TGACTAGTCATGCATG-1",16.526326179319
"TGACTAGTCCATGCTC-1",6.77716121041053
"TGACTAGTCTGTTGAG-1",15.5485441075985
"TGACTTTAGAACAATC-1",1.57605208029777
"TGACTTTAGTCTCGGC-1",14.09375485534
"TGACTTTAGTTAGGTA-1",1.31123717199884
"TGACTTTCAGTCCTTC-1",16.0101734261954
"TGACTTTCATTATCTC-1",3.35091264200698
"TGACTTTGTCACACGC-1",4.84992710150037
"TGACTTTTCCTCAATT-1",6.69459378259762
"TGACTTTTCTGCCCTA-1",5.89992684547042
"TGAGAGGAGGCTCATT-1",21.2343074935247
"TGAGAGGCAAAGTCAA-1",13.1723946461415
"TGAGAGGCAAGCCATT-1",11.9778546337481
"TGAGAGGCACCATGTA-1",0
"TGAGAGGGTCACTGGC-1",16.2062633337108
"TGAGAGGGTCTAAACC-1",14.4127408299463
"TGAGAGGTCGAACTGT-1",20.3572518873073
"TGAGAGGTCGCGTTTC-1",19.4860471701667
"TGAGAGGTCTGACCTC-1",3.54940780182887
"TGAGCATAGAAACGAG-1",18.6671266752828
"TGAGCATAGAAGCCCA-1",15.0202717588612
"TGAGCATAGATGTCGG-1",6.39211353994259
"TGAGCATAGGAATGGA-1",16.7900399979479
"TGAGCATCACCAGGCT-1",10.7454108461918
"TGAGCATCAGATGAGC-1",14.7159070730491
"TGAGCATCAGCGTAAG-1",21.2700649038912
"TGAGCATCAGCTGTAT-1",40.0088218849501
"TGAGCATGTGGCCCTA-1",8.22553447465376
"TGAGCATTCCACGTTC-1",34.6996997206396
"TGAGCATTCCGATATG-1",18.3167085627619
"TGAGCATTCGGCCGAT-1",5.50158905475615
"TGAGCCGCATCGGGTC-1",18.3824015330131
"TGAGCCGGTCGAACAG-1",13.0575717471717
"TGAGCCGGTGTAATGA-1",5.29470140097121
"TGAGCCGGTTGATTCG-1",17.6468524744568
"TGAGCCGTCATCTGCC-1",11.9085609757805
"TGAGCCGTCGTCACGG-1",25.1801021842266
"TGAGCCGTCTTGAGGT-1",32.2485385707705
"TGAGGGAAGAGACTAT-1",18.3342842614268
"TGAGGGAAGGAGTACC-1",3.58578442732706
"TGAGGGAAGTCATCCA-1",21.7194958522329
"TGAGGGAAGTCATGCT-1",8.43458057607375
"TGAGGGACACCAGTTA-1",8.5263578722274
"TGAGGGACATAAGACA-1",4.26460413510863
"TGAGGGAGTAAACGCG-1",38.8511718990053
"TGAGGGAGTTAGGGTG-1",12.1352747422537
"TGAGGGATCAACGGGA-1",7.44480220126101
"TGAGGGATCTAGCACA-1",0
"TGAGGGATCTCTTATG-1",23.2794990642325
"TGATTTCCATCCGGGT-1",8.67385500410203
"TGATTTCGTAGGCATG-1",22.6644025486645
"TGATTTCGTTAAGACA-1",16.7962517166867
"TGATTTCTCTGATTCT-1",16.5260858629319
"TGCACCTAGACCTTTG-1",18.0719153395118
"TGCACCTAGGACGAAA-1",0
"TGCACCTCAAGTTGTC-1",0.835512043189675
"TGCACCTCAATAGAGT-1",1.62563259835408
"TGCACCTCATCCGGGT-1",8.72182076698973
"TGCACCTGTAATCACC-1",6.78095653744224
"TGCACCTGTCACACGC-1",3.95269191493061
"TGCACCTTCACGGTTA-1",12.3378966131319
"TGCACCTTCATCGGAT-1",22.2064432104237
"TGCACCTTCCGCGGTA-1",19.3179562605323
"TGCACCTTCGAACTGT-1",18.1806314361156
"TGCACCTTCTCTTGAT-1",14.2290060387078
"TGCCAAACAATGTAAG-1",16.2711798362195
"TGCCAAACAATTCCTT-1",6.86934864123133
"TGCCAAAGTTCGCGAC-1",0.835512043189675
"TGCCAAATCCAAACTG-1",37.0153858013958
"TGCCAAATCCCTGACT-1",15.2978006370263
"TGCCAAATCGGCGGTT-1",12.3625311872492
"TGCCCATAGACTAGGC-1",7.5921433885232
"TGCCCATAGCGTCAAG-1",0
"TGCCCATAGCGTGAAC-1",25.3385179706597
"TGCCCATAGCTGTTCA-1",9.62126066657246
"TGCCCATAGGATGGAA-1",23.4485295363262
"TGCCCATAGTACGCCC-1",5.18018622621329
"TGCCCATAGTTGAGTA-1",15.0930440479529
"TGCCCATCACCAGGTC-1",1.31123717199884
"TGCCCATCACGAAATA-1",3.09127810897501
"TGCCCATCAGGACGTA-1",25.5806140621091
"TGCCCATCATGGAATA-1",14.5043844883219
"TGCCCATCATGGATGG-1",4.84992710150037
"TGCCCATGTAGCCTCG-1",0
"TGCCCATTCAAACCGT-1",7.99653206931965
"TGCCCATTCAGGCCCA-1",12.9934494191103
"TGCCCATTCCTTCAAT-1",3.31190592948067
"TGCCCATTCGGAAATA-1",24.7899486494577
"TGCCCTAAGGTCGGAT-1",0
"TGCCCTAAGGTTCCTA-1",22.6644025486645
"TGCCCTACACCACCAG-1",9.71696489249194
"TGCCCTACAGCCACCA-1",12.0498522102601
"TGCCCTACAGTGAGTG-1",3.7249040330736
"TGCCCTAGTCCGAGTC-1",27.0407735468707
"TGCCCTAGTGGTTTCA-1",6.09108112668853
"TGCCCTAGTTTCGCTC-1",10.5037347775451
"TGCCCTATCGACGGAA-1",18.089460781619
"TGCCCTATCTTCGGTC-1",6.99474629212139
"TGCGCAGAGACTAGGC-1",37.2505152244011
"TGCGCAGAGCACACAG-1",5.29470140097121
"TGCGCAGAGCGTCTAT-1",14.0986965906579
"TGCGCAGAGGAGCGAG-1",26.2256920967881
"TGCGCAGCAAACGTGG-1",32.5759377236261
"TGCGCAGCAGCTCGCA-1",18.3342842614268
"TGCGCAGCAGTAGAGC-1",17.0514732204847
"TGCGCAGTCCTACAGA-1",16.0380979658645
"TGCGGGTAGAGACTTA-1",13.6771779576637
"TGCGGGTAGATCGATA-1",4.62204326350685
"TGCGGGTAGCTCTCGG-1",23.4485295363262
"TGCGGGTAGGTGTGGT-1",3.45633348433684
"TGCGGGTAGTACTTGC-1",1.97030160217947
"TGCGGGTCAATGGAAT-1",0
"TGCGGGTCACACGCTG-1",8.15835725971924
"TGCGGGTCATTGGGCC-1",1.97402936112055
"TGCGGGTGTAGAAAGG-1",16.526326179319
"TGCGGGTGTCACCTAA-1",12.1401505485675
"TGCGGGTGTCAGATAA-1",13.560533254792
"TGCGGGTGTTAGAACA-1",19.1529718200011
"TGCGGGTTCAGTTCGA-1",18.6215257639704
"TGCGGGTTCGTAGATC-1",6.55475587279612
"TGCGGGTTCTCTTGAT-1",0
"TGCGTGGAGACGCAAC-1",11.8111229845351
"TGCGTGGAGACTGGGT-1",17.2256569678247
"TGCGTGGCAATTCCTT-1",6.83719291251417
"TGCGTGGGTGCACCAC-1",11.9778546337481
"TGCGTGGTCCGCGCAA-1",5.908785679512
"TGCGTGGTCGCCCTTA-1",7.11363990906382
"TGCGTGGTCTGGCGAC-1",10.4421948232303
"TGCTACCAGAAAGTGG-1",24.1734991865861
"TGCTACCAGATGGCGT-1",8.22553447465376
"TGCTACCAGCAAATCA-1",8.59646925525709
"TGCTACCAGTCCGTAT-1",12.5840500297658
"TGCTACCCAAGAGGCT-1",12.1871952554622
"TGCTACCCACTTAACG-1",4.68903866897545
"TGCTACCCATCGTCGG-1",2.39204280568661
"TGCTACCCATGGTTGT-1",8.86863569620917
"TGCTACCGTGTGACGA-1",13.9183492097178
"TGCTACCTCCTCGCAT-1",3.3161380374669
"TGCTACCTCTTCTGGC-1",14.2867727475416
"TGCTGCTAGACTAAGT-1",12.3365952424755
"TGCTGCTAGGTGATAT-1",23.5505816838676
"TGCTGCTCAATAGAGT-1",10.7459033419209
"TGCTGCTCACAGACAG-1",2.853710311878
"TGCTGCTCATCCCATC-1",19.3179562605323
"TGCTGCTCATGGTTGT-1",38.8511718990053
"TGCTGCTGTCATACTG-1",11.8111229845351
"TGCTGCTGTGAAGGCT-1",10.6152723735558
"TGCTGCTTCATTGCGA-1",25.5806140621091
"TGGACGCAGAGGTACC-1",1.31123717199884
"TGGACGCAGTCAAGGC-1",1.83159513585076
"TGGACGCCACAGAGGT-1",5.03144285420126
"TGGACGCCATGGTAGG-1",10.5037347775451
"TGGACGCGTCCGAACC-1",12.3572592835676
"TGGACGCGTCTCCCTA-1",14.09375485534
"TGGCCAGAGAAGGTGA-1",9.79689698154457
"TGGCCAGAGAGTACAT-1",13.0546804127527
"TGGCCAGAGGCGATAC-1",24.1297148172043
"TGGCCAGAGGCGTACA-1",1.87843203544026
"TGGCCAGCAACTGCGC-1",14.2290060387078
"TGGCCAGCACGACTCG-1",6.33890620911778
"TGGCCAGGTCAATACC-1",3.13377244571319
"TGGCCAGTCGTAGATC-1",33.1041838398135
"TGGCCAGTCTATCCCG-1",15.8870891997956
"TGGCGCAAGCTACCTA-1",11.1935034446936
"TGGCGCAAGCTATGCT-1",4.8609846462523
"TGGCGCAAGTGTGGCA-1",17.9681535829232
"TGGCGCAAGTTACCCA-1",38.8153589812754
"TGGCGCACACAGGCCT-1",10.626811502499
"TGGCGCACACGGATAG-1",13.1723946461415
"TGGCGCACAGCGATCC-1",0
"TGGCGCACATAGGATA-1",6.71315527898853
"TGGCGCAGTACTCTCC-1",6.86934864123133
"TGGCGCAGTGGACGAT-1",39.8096845547806
"TGGCGCAGTTATGTGC-1",5.34502449316777
"TGGCGCATCAAGAAGT-1",3.13377244571319
"TGGCGCATCATGCTCC-1",0
"TGGCGCATCATGTGGT-1",2.97263397541483
"TGGCGCATCATTATCC-1",9.05698901752698
"TGGCGCATCGTGGTCG-1",23.4485295363262
"TGGCTGGAGCGGATCA-1",12.2070860496082
"TGGCTGGAGTGCAAGC-1",19.6563426814864
"TGGCTGGCAAGTTAAG-1",1.39818618843915
"TGGCTGGCACGGATAG-1",12.5813243577834
"TGGCTGGCAGGAACGT-1",7.76931287727952
"TGGCTGGGTCGAGTTT-1",9.76304957407227
"TGGCTGGGTCGGCATC-1",2.38347541227006
"TGGCTGGGTCTAGCCG-1",16.0380979658645
"TGGCTGGGTTACGCGC-1",19.7818008962905
"TGGCTGGGTTGGACCC-1",5.70656813221831
"TGGCTGGTCTCGTTTA-1",16.6253065217207
"TGGGAAGAGATATACG-1",1.31123717199884
"TGGGAAGAGCCCAATT-1",10.5808023614017
"TGGGAAGAGCGCTCCA-1",1.78100756679089
"TGGGAAGAGGGCTTCC-1",14.927767292798
"TGGGAAGAGTAAGTAC-1",39.8096845547806
"TGGGAAGAGTTAACGA-1",11.6845065654141
"TGGGAAGCAAGGTGTG-1",1.54544045030975
"TGGGAAGCAGATCCAT-1",7.5921433885232
"TGGGAAGCAGCGAACA-1",18.6295483143907
"TGGGAAGGTAAGTTCC-1",17.2256569678247
"TGGGAAGGTTAGATGA-1",14.09375485534
"TGGGAAGGTTATTCTC-1",6.86934864123133
"TGGGAAGTCCCAAGAT-1",14.4121673197623
"TGGGAAGTCCTTCAAT-1",21.2700649038912
"TGGGAAGTCGTGGACC-1",10.2557758870069
"TGGGAAGTCTCCTATA-1",0
"TGGGCGTAGTCTCCTC-1",7.51177619257674
"TGGGCGTCAGACGTAG-1",10.7459033419209
"TGGGCGTCAGGGATTG-1",25.3678002389729
"TGGGCGTGTCCAAGTT-1",7.89117952290397
"TGGGCGTGTCTAGAGG-1",16.1743683272059
"TGGGCGTGTGGCTCCA-1",3.75170231881233
"TGGGCGTGTTTCGCTC-1",0
"TGGGCGTTCAGCTTAG-1",10.2859036248778
"TGGTTAGAGCTACCTA-1",3.35091264200698
"TGGTTAGAGTTAGGTA-1",17.7193854550696
"TGGTTAGGTGATGATA-1",3.99968399906478
"TGGTTAGGTTCACGGC-1",18.012007238355
"TGGTTAGTCCCGACTT-1",9.76304957407227
"TGGTTAGTCTTGTATC-1",12.3378966131319
"TGGTTCCAGCCGTCGT-1",5.05097211083609
"TGGTTCCAGTAATCCC-1",16.5070987381538
"TGGTTCCCAAGTTGTC-1",34.3326376913844
"TGGTTCCCAGACAAAT-1",12.3378966131319
"TGGTTCCCAGACAGGT-1",27.3582456559182
"TGGTTCCCAGCTCGAC-1",3.35091264200698
"TGGTTCCCATGTCCTC-1",22.7007974533716
"TGGTTCCCATTTCACT-1",17.966127796434
"TGGTTCCGTCCAAGTT-1",2.82043571635984
"TGGTTCCTCACATACG-1",17.2256569678247
"TGGTTCCTCAGCTTAG-1",5.19605389185883
"TGGTTCCTCTAACTTC-1",18.6068351302112
"TGGTTCCTCTAGAGTC-1",8.20130335665623
"TGGTTCCTCTGGGCCA-1",1.97402936112055
"TGTATTCAGCCCGAAA-1",13.6962603690344
"TGTATTCAGCGATCCC-1",10.5656170200237
"TGTATTCCAGGGCATA-1",11.9778546337481
"TGTATTCGTAAGAGAG-1",15.6462093694426
"TGTATTCGTTTGTTTC-1",8.14983240711058
"TGTATTCTCAGCATGT-1",3.95269191493061
"TGTATTCTCATCTGTT-1",10.2168674774867
"TGTCCCAAGCAGATCG-1",39.8096845547806
"TGTCCCAAGCTAGTTC-1",5.70656813221831
"TGTCCCAAGCTGAACG-1",15.8205671727925
"TGTCCCAAGTTGTCGT-1",24.1308228085107
"TGTCCCACAGTAAGCG-1",18.8868407973301
"TGTCCCACATCACGTA-1",9.624795093439
"TGTCCCAGTAAGAGGA-1",1.45793237384214
"TGTCCCAGTAAGTGGC-1",12.1401505485675
"TGTCCCAGTCGGATCC-1",19.4658020649963
"TGTCCCATCATTTGGG-1",17.5910437176852
"TGTCCCATCTGCAAGT-1",4.56426590606003
"TGTCCCATCTGCGTAA-1",27.2146060257759
"TGTGGTAGTCCCGACA-1",6.83719291251417
"TGTGGTAGTGTGAAAT-1",29.9351144319859
"TGTGGTAGTGTGACGA-1",5.29470140097121
"TGTGGTATCCAGGGCT-1",16.0563328141512
"TGTGGTATCTTGCATT-1",17.6468524744568
"TGTGTTTAGAGGTTAT-1",0
"TGTGTTTAGCGTGAGT-1",10.5037347775451
"TGTGTTTAGTGCGTGA-1",33.6989669840425
"TGTGTTTCATGCGCAC-1",14.0758613588841
"TGTGTTTTCTCATTCA-1",6.12319011032753
"TGTGTTTTCTTTCCTC-1",9.05698901752698
"TGTTCCGAGAGCAATT-1",0
"TGTTCCGAGCAACGGT-1",20.5192710485697
"TGTTCCGAGGAATTAC-1",3.17442725187691
"TGTTCCGAGGACTGGT-1",11.9778546337481
"TGTTCCGCAGTGAGTG-1",10.5037347775451
"TGTTCCGGTGAGTATA-1",13.1723946461415
"TGTTCCGTCAAGCCTA-1",9.71696489249194
"TGTTCCGTCAGTTCGA-1",13.417695488326
"TGTTCCGTCGGCGGTT-1",13.0675156153143
"TGTTCCGTCTGAAAGA-1",20.4148340488857
"TGTTCCGTCTGGTATG-1",5.55680948914084
"TTAACTCAGTGTACGG-1",23.7235829936772
"TTAACTCCAAGCGCTC-1",25.0272755220849
"TTAACTCCAGGCAGTA-1",7.96927029666748
"TTAACTCGTTCCACAA-1",16.6906490281822
"TTAACTCTCATAAAGG-1",6.42180629226528
"TTAACTCTCCCTCAGT-1",0
"TTAGGACAGCAGGCTA-1",7.21115968758962
"TTAGGACAGCTCTCGG-1",33.67022615867
"TTAGGACCAAGCCATT-1",4.82431866493765
"TTAGGACCAGTCAGAG-1",15.4645826109731
"TTAGGACGTTTGTTTC-1",7.11363990906382
"TTAGGCAAGAAGATTC-1",18.3824015330131
"TTAGGCAAGAGCCCAA-1",24.1734991865861
"TTAGGCAAGAGTGACC-1",21.2700649038912
"TTAGGCAAGGTTCCTA-1",37.9524957255258
"TTAGGCAAGTCGTTTG-1",38.4189807752929
"TTAGGCAAGTGTACCT-1",0.835512043189675
"TTAGGCACAGACGCTC-1",0
"TTAGGCACATGTTCCC-1",1.31123717199884
"TTAGGCAGTAAGGATT-1",3.65943960223115
"TTAGGCAGTAAGTAGT-1",13.831215990038
"TTAGGCAGTCTTGATG-1",14.6216924311583
"TTAGGCATCACGCATA-1",19.5816614020048
"TTAGGCATCAGTCAGT-1",0.835512043189675
"TTAGGCATCCAGTATG-1",0
"TTAGGCATCGTTACGA-1",5.19605389185883
"TTAGTTCAGGTGCAAC-1",5.29470140097121
"TTAGTTCCAATGTAAG-1",18.2289596111846
"TTAGTTCCATCCTTGC-1",1.45793237384214
"TTAGTTCGTAGCCTAT-1",6.77716121041053
"TTAGTTCGTGCAGACA-1",17.0514732204847
"TTAGTTCGTGTCAATC-1",6.26914224474028
"TTAGTTCGTTGCCTCT-1",12.9755624667211
"TTAGTTCTCAGGCCCA-1",16.961970883576
"TTAGTTCTCGCAGGCT-1",10.7454108461918
"TTAGTTCTCTACTATC-1",3.22816627531905
"TTATGCTAGAATGTGT-1",4.68903866897545
"TTATGCTAGCACACAG-1",34.6996997206396
"TTATGCTAGCAGCCTC-1",10.3951940772355
"TTATGCTAGTCCCACG-1",2.27245780891882
"TTATGCTCAGCCAGAA-1",10.9978095761084
"TTATGCTCATACCATG-1",3.45633348433684
"TTATGCTCATGTAGTC-1",14.8322910677846
"TTATGCTGTCCGAGTC-1",24.7899486494577
"TTATGCTTCGATAGAA-1",12.0745427808961
"TTCCCAGAGAATTCCC-1",21.2700649038912
"TTCCCAGAGACTAGAT-1",3.71226895769326
"TTCCCAGAGTATCGAA-1",5.89992684547042
"TTCCCAGCAGATGGGT-1",4.8006835365603
"TTCCCAGCATCAGTAC-1",18.3342842614268
"TTCCCAGCATCTCCCA-1",18.4383978011714
"TTCCCAGCATTACCTT-1",3.86474878461721
"TTCCCAGTCAACACTG-1",15.1135873006916
"TTCCCAGTCGAGAGCA-1",13.9183492097178
"TTCGAAGAGTCTCAAC-1",16.5721468090069
"TTCGAAGCAAGCGCTC-1",17.5539411649691
"TTCGAAGCACATTAGC-1",13.1723946461415
"TTCGAAGCACGGTGTC-1",1.97030160217947
"TTCGGTCAGAGGACGG-1",23.2527529149738
"TTCGGTCAGCACACAG-1",11.247046553156
"TTCGGTCAGGCCCTCA-1",4.71236288121863
"TTCGGTCAGTGAATTG-1",13.1723946461415
"TTCGGTCAGTTGAGAT-1",40.0821089805019
"TTCGGTCCAAGGGTCA-1",8.49798737111596
"TTCGGTCCACGTCAGC-1",8.67385500410203
"TTCGGTCGTAACGTTC-1",4.81453441163239
"TTCGGTCGTAGAGTGC-1",18.7795321298573
"TTCGGTCGTTCATGGT-1",16.0563328141512
"TTCGGTCGTTCTGTTT-1",17.0826540580023
"TTCGGTCTCAAAGACA-1",10.7789704019526
"TTCGGTCTCCAGTATG-1",1.31103918124792
"TTCGGTCTCGCGTTTC-1",5.75706858747495
"TTCGGTCTCGTCTGAA-1",12.2506329423589
"TTCTACAAGACTAAGT-1",35.1617323868428
"TTCTACAAGCAGCCTC-1",12.1401505485675
"TTCTACAAGCCTTGAT-1",16.0380979658645
"TTCTACAAGGCAGGTT-1",14.2290060387078
"TTCTACAAGGTAAACT-1",19.3179562605323
"TTCTACAAGTTAGGTA-1",12.5011507725264
"TTCTACACACGTGAGA-1",14.6121039041387
"TTCTACACAGCTGTTA-1",23.2794990642325
"TTCTACACATCGATTG-1",14.9186184914538
"TTCTACACATTACGAC-1",6.88171002326812
"TTCTACAGTACCGTTA-1",6.24094545802983
"TTCTACAGTATATGAG-1",3.17337400328561
"TTCTACAGTGGCTCCA-1",7.96927029666748
"TTCTACATCAACGGGA-1",9.41056053233292
"TTCTACATCCGCGTTT-1",11.8811755601859
"TTCTCAAAGAAAGTGG-1",11.4422187721632
"TTCTCAAAGAATCTCC-1",40.0821089805019
"TTCTCAAAGAGGTTAT-1",22.6644025486645
"TTCTCAAAGCAGCCTC-1",10.4421948232303
"TTCTCAAAGCCGCCTA-1",9.57656926777751
"TTCTCAAAGTCAATAG-1",3.75170231881233
"TTCTCAAAGTTGAGAT-1",37.4908744086401
"TTCTCAACACCCAGTG-1",18.6295483143907
"TTCTCAACATTGTGCA-1",42.840768561744
"TTCTCAAGTATAAACG-1",3.45633348433684
"TTCTCAAGTCCCTTGT-1",10.3426814532492
"TTCTCAAGTCGAGATG-1",10.2486911633588
"TTCTCAATCATCGCTC-1",19.679643458487
"TTCTCAATCCCTAACC-1",9.71696489249194
"TTCTCAATCGTAGGAG-1",14.0758613588841
"TTCTCCTAGAGTAAGG-1",7.27851322647121
"TTCTCCTAGCGACGTA-1",6.39211353994258
"TTCTCCTAGCGTGAGT-1",12.5011507725264
"TTCTCCTAGTCTCGGC-1",13.3685785126689
"TTCTCCTCAACACGCC-1",11.9778546337481
"TTCTCCTCAATAACGA-1",12.0996568517213
"TTCTCCTGTTAAGAAC-1",3.09127810897501
"TTCTCCTTCAGTTCGA-1",8.15835725971924
"TTCTCCTTCCGTAGGC-1",38.8511718990053
"TTCTCCTTCCTTTCTC-1",14.8172601863668
"TTCTCCTTCTGCAAGT-1",14.8322910677846
"TTCTCCTTCTTCAACT-1",18.6140301162327
"TTCTCCTTCTTGTACT-1",18.3342842614268
"TTCTTAGAGGACTGGT-1",14.1883309907345
"TTCTTAGCAAGGTGTG-1",16.8419959170838
"TTCTTAGCATCGGAAG-1",14.3985568386976
"TTCTTAGGTAGAAGGA-1",5.19605389185883
"TTCTTAGGTCATATGC-1",9.76304957407227
"TTCTTAGTCAGTTCGA-1",19.8390243660959
"TTGAACGGTCACTTCC-1",21.1631670173074
"TTGAACGTCATGTCCC-1",2.39204280568661
"TTGACTTAGCCACGTC-1",15.4645826109731
"TTGACTTAGCGACGTA-1",35.4889442106527
"TTGACTTAGTTAACGA-1",11.1874755924124
"TTGACTTCACTTACGA-1",16.526326179319
"TTGACTTGTCTCTCTG-1",14.09375485534
"TTGACTTGTGCGATAG-1",5.89992684547042
"TTGACTTTCCAGAGGA-1",2.853710311878
"TTGACTTTCTGTCCGT-1",15.9781108711686
"TTGCCGTAGGAGCGTT-1",14.9518921534945
"TTGCCGTAGGTGGGTT-1",4.27301562949398
"TTGCCGTCATGGTCAT-1",16.6924556185297
"TTGCGTCAGACAGAGA-1",3.5068812269031
"TTGCGTCAGCTCCTTC-1",7.76931287727952
"TTGCGTCAGTCCATAC-1",34.6996997206396
"TTGCGTCAGTGAATTG-1",23.2527529149738
"TTGCGTCCAAATTGCC-1",15.1358862759613
"TTGCGTCCACTGTGTA-1",15.3694275168487
"TTGCGTCCAGTCACTA-1",3.3161380374669
"TTGCGTCGTCTGATTG-1",16.961970883576
"TTGGAACAGCCCAATT-1",8.49798737111596
"TTGGAACAGCGTCTAT-1",40.9867576975971
"TTGGAACAGGCGTACA-1",9.26807777858599
"TTGGAACGTATTACCG-1",2.97263397541483
"TTGGAACTCCCATTAT-1",0
"TTGGAACTCCGTAGTA-1",7.4224043138187
"TTGGAACTCGTCCAGG-1",16.1549797776031
"TTGGCAAAGTTAGGTA-1",11.4422187721632
"TTGGCAAGTATAGGTA-1",5.75706858747495
"TTGGCAATCACATGCA-1",8.67385500410203
"TTGGCAATCAGAGCTT-1",18.3342842614268
"TTGGCAATCGCATGAT-1",3.18369540116185
"TTGGCAATCTAGAGTC-1",3.1966635323676
"TTGTAGGAGGTGCTAG-1",12.7139265273417
"TTGTAGGCACACGCTG-1",19.3294502916387
"TTGTAGGGTCTCCCTA-1",7.51177619257674
"TTGTAGGGTGGTAACG-1",8.15835725971924
"TTGTAGGTCGGCGCTA-1",21.2700649038912
"TTGTAGGTCTGCCAGG-1",18.9379741172073
"TTTACTGAGATCACGG-1",1.7000594688291
"TTTACTGCAAAGCAAT-1",9.76304957407227
"TTTACTGCACATGGGA-1",4.81453441163239
"TTTACTGCACCACGTG-1",1.31123717199884
"TTTACTGCATGGGACA-1",1.87843203544026
"TTTACTGCATGTCCTC-1",9.76304957407228
"TTTACTGGTAACGTTC-1",18.9434538529978
"TTTACTGGTGGTGTAG-1",15.1732601576164
"TTTACTGGTTCGCTAA-1",14.9518921534945
"TTTACTGTCTGGAGCC-1",41.3214168498265
"TTTATGCAGACTGTAA-1",1.5951915298159
"TTTATGCAGATGCGAC-1",24.7292716895762
"TTTATGCAGGCAAAGA-1",40.0088218849501
"TTTATGCAGGCCCGTT-1",9.4614900077051
"TTTATGCAGTTCCACA-1",10.5037347775451
"TTTATGCCAAACGCGA-1",13.7498112638221
"TTTATGCCAATCTGCA-1",16.9523190744775
"TTTATGCCACAGGTTT-1",22.6644025486645
"TTTATGCCAGCCAATT-1",13.3113919959067
"TTTATGCCAGGTCGTC-1",40.594246428482
"TTTATGCCATGGTCAT-1",7.87379198135691
"TTTATGCTCACATAGC-1",17.9032857363307
"TTTATGCTCACCTTAT-1",13.2766015694829
"TTTATGCTCGGCGGTT-1",1.93603268455258
"TTTATGCTCTCGCTTG-1",2.853710311878
"TTTCCTCAGCGTGAAC-1",22.650178354191
"TTTCCTCAGGACTGGT-1",14.9077617390204
"TTTCCTCCAAAGTGCG-1",14.0758613588841
"TTTCCTCCAGGAATGC-1",7.89117952290397
"TTTCCTCCATTAGCCA-1",19.7537565432386
"TTTCCTCGTCCGAAGA-1",14.5762489064082
"TTTCCTCGTCGCTTTC-1",4.81453441163239
"TTTCCTCTCGGCCGAT-1",12.8182840635022
"TTTCCTCTCGTGTAGT-1",6.75199912311816
"TTTGCGCAGCTAAACA-1",7.4224043138187
"TTTGCGCAGCTAGTCT-1",17.0514732204847
"TTTGCGCAGGCCGAAT-1",4.97870379249835
"TTTGCGCAGTCAAGGC-1",6.42052086370552
"TTTGCGCCAAGTAGTA-1",17.0514732204847
"TTTGCGCCAGGTGCCT-1",13.417695488326
"TTTGCGCGTCTAAACC-1",14.4127408299463
"TTTGCGCTCAAAGTAG-1",16.1743683272059
"TTTGCGCTCATGTAGC-1",13.1109366378685
"TTTGGTTAGAATGTGT-1",2.06222136969842
"TTTGGTTAGACAATAC-1",8.49798737111596
"TTTGGTTAGCGATTCT-1",5.34502449316777
"TTTGGTTAGGCTCAGA-1",1.97030160217947
"TTTGGTTAGTTACCCA-1",19.3179562605323
"TTTGGTTCAAACTGCT-1",10.7454108461918
"TTTGGTTCAAGCTGTT-1",6.25969797571829
"TTTGGTTCAGATCGGA-1",21.7194958522329
"TTTGGTTCATCACAAC-1",1.45793237384214
"TTTGGTTGTACTTCTT-1",10.7454108461918
"TTTGGTTGTATGCTTG-1",11.4408243377532
"TTTGGTTGTGCTTCTC-1",0
"TTTGGTTTCATGCTCC-1",10.9036743626185
"TTTGGTTTCCCTGACT-1",8.22553447465376
"TTTGTCAAGAGTCGGT-1",18.250777146427
"TTTGTCACAAGTTCTG-1",21.1282923410517
"TTTGTCACAAGTTGTC-1",17.5748432146444
"TTTGTCATCACCTTAT-1",9.2082178599041
"TTTGTCATCCATTCTA-1",25.3678002389729
"TTTGTCATCCTTAATC-1",1.39818618843915
"TTTGTCATCTTATCTG-1",16.5260858629319
