"cell_barcode","expression"
"AAACCTGAGACAGAGA-1",0
"AAACCTGAGACTTTCG-1",0
"AAACCTGAGAGTAAGG-1",0
"AAACCTGAGAGTCGGT-1",2.00508635684779
"AAACCTGAGGATGGAA-1",0
"AAACCTGAGTAGATGT-1",0
"AAACCTGCAATCAGAA-1",0
"AAACCTGCACCGATAT-1",1.3821090037397
"AAACCTGCAGACGTAG-1",0
"AAACCTGCAGTATCTG-1",2.76268361299861
"AAACCTGCATAGTAAG-1",3.95766928064634
"AAACCTGCATGAACCT-1",6.98354704467056
"AAACCTGGTAAGAGGA-1",0
"AAACCTGGTCCAACTA-1",0
"AAACCTGTCCGTAGTA-1",0
"AAACCTGTCGAGAGCA-1",0
"AAACGGGAGTACGACG-1",0
"AAACGGGCAAGGTTTC-1",0
"AAACGGGCACGTCAGC-1",0
"AAACGGGCAGCGTTCG-1",0
"AAACGGGGTAGCCTCG-1",0
"AAACGGGGTCTACCTC-1",0
"AAACGGGGTGCGGTAA-1",2.60094076279624
"AAACGGGGTTGTCGCG-1",0
"AAACGGGTCCATGAGT-1",0
"AAACGGGTCCCAACGG-1",2.85306248727397
"AAACGGGTCCCATTAT-1",8.07093848834988
"AAAGATGCAGTCAGCC-1",0
"AAAGATGCATCTACGA-1",0
"AAAGCAAAGCGTCTAT-1",2.11938402866758
"AAAGCAACATGTCGAT-1",0
"AAAGCAAGTAGCTGCC-1",1.93704846870536
"AAAGCAAGTAGGCATG-1",1.73724132094828
"AAAGCAAGTGCGCTTG-1",0
"AAAGCAAGTTATTCTC-1",3.39327044507812
"AAAGCAATCCGTAGTA-1",3.60437978764042
"AAAGTAGAGATGTGTA-1",1.63023814234886
"AAAGTAGAGTGGGCTA-1",0
"AAAGTAGGTATATGGA-1",0
"AAAGTAGGTGAGCGAT-1",5.36009005114865
"AAAGTAGGTTGAGGTG-1",3.39542580948379
"AAATGCCAGCCCTAAT-1",1.46275760086849
"AAATGCCAGCGTGTCC-1",0
"AAATGCCCAACACCTA-1",0
"AAATGCCGTAGGAGTC-1",0
"AAATGCCGTCTTTCAT-1",0
"AAATGCCGTGGTCCGT-1",3.41766357996542
"AAATGCCGTTCCCGAG-1",0
"AAATGCCTCATAGCAC-1",0
"AAATGCCTCGCTTAGA-1",1.3821090037397
"AACACGTAGAATTCCC-1",0
"AACACGTAGCCCTAAT-1",0
"AACACGTAGGGTGTGT-1",1.90862732886202
"AACACGTCACTGTCGG-1",3.64810248399347
"AACACGTCATCCCATC-1",1.44714843721857
"AACACGTGTGCAACGA-1",0
"AACACGTGTGTCGCTG-1",0
"AACCATGAGCGCTTAT-1",0
"AACCATGGTCCGTTAA-1",1.93704846870536
"AACCATGTCAGTTCGA-1",0
"AACCATGTCATCGATG-1",0
"AACCATGTCCCAAGTA-1",1.56999486775314
"AACCGCGAGAAGCCCA-1",0
"AACCGCGAGACTGGGT-1",1.56999486775314
"AACCGCGAGAGGTACC-1",1.89313574700399
"AACCGCGAGTTAGGTA-1",0
"AACCGCGAGTTGCAGG-1",4.88879024820053
"AACCGCGCACGGTAGA-1",6.92638776631067
"AACCGCGCAGCATGAG-1",0
"AACCGCGCAGCCTGTG-1",0
"AACCGCGCAGCTGTGC-1",0
"AACCGCGCAGTATGCT-1",0
"AACCGCGGTACTTGAC-1",0
"AACCGCGGTCTGCAAT-1",0
"AACCGCGTCACATGCA-1",3.58240224610858
"AACCGCGTCACCGTAA-1",3.83662467176104
"AACCGCGTCCAGAGGA-1",0
"AACCGCGTCCGAAGAG-1",1.95609318492501
"AACGTTGAGCGATAGC-1",0
"AACGTTGAGCGATCCC-1",0
"AACGTTGAGCTTATCG-1",0
"AACGTTGCAAGTTGTC-1",0
"AACGTTGCAATAGAGT-1",0
"AACGTTGCAATGGATA-1",0
"AACGTTGCATGGATGG-1",0
"AACGTTGCATTCTCAT-1",0
"AACGTTGTCAACACGT-1",0
"AACGTTGTCGAGGTAG-1",0
"AACGTTGTCGGTCCGA-1",1.70335857875318
"AACTCAGAGAGCTATA-1",0
"AACTCAGAGAGTCGGT-1",0
"AACTCAGAGCCACCTG-1",0
"AACTCAGAGCCCAATT-1",0
"AACTCAGCAAACAACA-1",1.62138413570584
"AACTCAGCACAAGCCC-1",5.41187654410084
"AACTCAGCACGGTTTA-1",0
"AACTCAGCAGGATCGA-1",1.58063191318502
"AACTCAGCATAAAGGT-1",1.66304149031435
"AACTCAGGTTCCACAA-1",5.00033136477356
"AACTCAGTCGTACCGG-1",0
"AACTCCCAGCCCAGCT-1",1.66304149031435
"AACTCCCAGCTAAGAT-1",5.00033136477356
"AACTCCCCATGGTCTA-1",0
"AACTCCCGTTGCGCAC-1",5.36009005114865
"AACTCCCTCAAGAAGT-1",0
"AACTCCCTCAAGCCTA-1",0
"AACTCCCTCATCGCTC-1",0
"AACTCCCTCTGCAGTA-1",0
"AACTCCCTCTGGCGTG-1",1.58063191318502
"AACTCTTAGCAGACTG-1",0
"AACTCTTAGTCCGGTC-1",0
"AACTCTTCATGCTAGT-1",0
"AACTCTTGTCGAATCT-1",0
"AACTCTTGTCGGGTCT-1",2.60094076279624
"AACTCTTTCTCAAACG-1",0
"AACTCTTTCTCCAGGG-1",0
"AACTCTTTCTCTGCTG-1",5.42210631540801
"AACTGGTAGAAGATTC-1",0
"AACTGGTAGAGACTAT-1",0
"AACTGGTAGCCAACAG-1",2.00508635684779
"AACTGGTAGTGTACTC-1",2.1958036179497
"AACTGGTCACTGAAGG-1",0
"AACTGGTGTCCGAACC-1",0
"AACTGGTTCGGAGCAA-1",0
"AACTGGTTCGTGGGAA-1",10.2679196386471
"AACTGGTTCTGCTTGC-1",0
"AACTTTCAGCGTGAAC-1",2.44175376666954
"AACTTTCAGTATCTCG-1",1.94676778204099
"AACTTTCAGTTTCCTT-1",1.9365404041865
"AACTTTCCATCCTTGC-1",0
"AACTTTCGTCTAGAGG-1",5.64146959877617
"AACTTTCGTCTCTTTA-1",0
"AACTTTCGTTTGTTTC-1",0
"AAGACCTAGGGCTTCC-1",0
"AAGACCTAGTACACCT-1",1.94676778204099
"AAGACCTGTATATGAG-1",3.81313250828225
"AAGACCTGTATCAGTC-1",0
"AAGACCTGTCCGTGAC-1",8.07093848834988
"AAGACCTGTCGAAAGC-1",0
"AAGACCTTCGCCATAA-1",0
"AAGCCGCAGATCTGAA-1",3.60437978764042
"AAGCCGCAGGGTGTTG-1",1.93704846870536
"AAGCCGCAGTGGACGT-1",1.71633991396968
"AAGCCGCAGTGTACTC-1",0
"AAGCCGCCACGCTTTC-1",0
"AAGCCGCCAGGACGTA-1",0
"AAGCCGCGTACAGTTC-1",0
"AAGCCGCGTCATTAGC-1",0
"AAGCCGCTCACGAAGG-1",0
"AAGCCGCTCAGTTAGC-1",0
"AAGCCGCTCGCAAACT-1",3.41766357996542
"AAGCCGCTCGTCGTTC-1",3.27737292679449
"AAGCCGCTCTTACCGC-1",0
"AAGGAGCAGAAACCGC-1",3.45361824924823
"AAGGAGCAGGCATGTG-1",0
"AAGGAGCAGGCGCTCT-1",3.48271703289674
"AAGGAGCAGTTGAGTA-1",0
"AAGGAGCCACGGCGTT-1",3.87426407816625
"AAGGAGCGTCTGCAAT-1",1.56250123311979
"AAGGAGCTCGTCTGCT-1",6.92638776631067
"AAGGCAGAGAACTGTA-1",0
"AAGGCAGAGAGATGAG-1",0
"AAGGCAGAGGTGATAT-1",1.99294852323313
"AAGGCAGCATAGTAAG-1",3.37694194319434
"AAGGCAGGTACTTCTT-1",0
"AAGGCAGGTGTGCCTG-1",0
"AAGGCAGTCAGATAAG-1",0
"AAGGCAGTCGGAATCT-1",5.53540776013965
"AAGGTTCAGTATCTCG-1",5.41187654410084
"AAGGTTCCATCACGTA-1",0
"AAGGTTCGTATATGGA-1",0
"AAGGTTCGTCCGAATT-1",0
"AAGGTTCGTCGACTAT-1",0
"AAGGTTCGTGTGACCC-1",3.09138523229896
"AAGGTTCTCCGTCATC-1",1.86493826954485
"AAGGTTCTCCTCGCAT-1",0
"AAGGTTCTCTGCGGCA-1",1.66304149031435
"AAGTCTGAGCCATCGC-1",0
"AAGTCTGAGTCAAGCG-1",2.1958036179497
"AAGTCTGCAAAGGAAG-1",0
"AAGTCTGGTCAGCTAT-1",0
"AAGTCTGTCAAACAAG-1",3.45361824924823
"AAGTCTGTCACTGGGC-1",8.07093848834988
"AAGTCTGTCAGCAACT-1",8.33218317195699
"AATCCAGCAAAGTGCG-1",0
"AATCCAGCAGCATACT-1",0
"AATCCAGGTAGGCATG-1",0
"AATCCAGGTCTCCCTA-1",1.9734956971021
"AATCCAGTCCGAATGT-1",0
"AATCGGTAGGCATGGT-1",0
"AATCGGTTCCTGTACC-1",4.52434589865668
"AATCGGTTCGCCGTGA-1",0
"ACACCAAAGATGAGAG-1",1.46275760086849
"ACACCAAAGCCCTAAT-1",2.01911794411343
"ACACCAAAGGATGGTC-1",0
"ACACCAAAGTGTCCAT-1",0
"ACACCAACACTTCGAA-1",0
"ACACCAACAGACGCTC-1",0
"ACACCAACAGCCTATA-1",0
"ACACCAAGTCGCGTGT-1",9.82208327539381
"ACACCAAGTCTAAACC-1",1.62138413570584
"ACACCAAGTTATGTGC-1",1.83424236669401
"ACACCAATCGCGTTTC-1",0
"ACACCCTAGCCAGGAT-1",0
"ACACCCTAGTACTTGC-1",0
"ACACCCTCAAGCGCTC-1",5.64146959877617
"ACACCCTCATCACAAC-1",4.88879024820053
"ACACCCTCATGCCCGA-1",4.88879024820053
"ACACCCTGTCTGGTCG-1",0
"ACACCCTTCCGCAAGC-1",0
"ACACCCTTCCTTGCCA-1",0
"ACACCCTTCTATCCTA-1",0
"ACACCCTTCTGGCGTG-1",0
"ACACCGGAGGCTCAGA-1",1.73724132094828
"ACACCGGAGTGACATA-1",1.94676778204099
"ACACCGGAGTTACCCA-1",0
"ACACCGGCACCAGATT-1",0
"ACACCGGCACCGAAAG-1",1.91156841590416
"ACACCGGCATCACAAC-1",1.58063191318502
"ACACCGGTCCGCATAA-1",0
"ACACCGGTCTCGGACG-1",0
"ACACCGGTCTCTGTCG-1",0
"ACACTGAAGCACGCCT-1",3.45361824924823
"ACACTGAAGGTGATTA-1",0
"ACACTGACAATAGAGT-1",1.95661467116005
"ACACTGACAGACTCGC-1",0
"ACACTGACATCCAACA-1",2.44175376666954
"ACACTGAGTCCGAAGA-1",0
"ACACTGAGTGTTTGTG-1",0
"ACACTGAGTTTGACTG-1",0
"ACAGCCGAGGAATGGA-1",1.83424236669401
"ACAGCCGAGGCCCGTT-1",0
"ACAGCCGAGGTGCTTT-1",0
"ACAGCCGAGTGGTAGC-1",0
"ACAGCCGCATATACGC-1",1.58339518249613
"ACAGCCGCATGCAACT-1",0
"ACAGCCGGTAGGGTAC-1",2.5775959831465
"ACAGCCGGTCGAATCT-1",0
"ACAGCCGGTTCACCTC-1",0
"ACAGCCGGTTCCACTC-1",0
"ACAGCCGTCCAGAAGG-1",2.76268361299861
"ACAGCCGTCTTTACAC-1",0
"ACAGCTAAGCACCGCT-1",1.94676778204099
"ACAGCTAAGTATCTCG-1",0
"ACAGCTAAGTGTTGAA-1",0
"ACAGCTACATCGTCGG-1",0
"ACAGCTAGTCGACTAT-1",0
"ACAGCTAGTGGTACAG-1",1.62138413570584
"ACAGCTATCACCACCT-1",1.45490401742683
"ACAGCTATCTGCTTGC-1",8.33218317195699
"ACATACGAGAGCTTCT-1",1.91156841590416
"ACATACGAGCGTAGTG-1",0
"ACATACGAGCTTCGCG-1",0
"ACATACGAGCTTTGGT-1",1.70335857875318
"ACATACGCAAACGTGG-1",0
"ACATACGCAAGCCTAT-1",1.58339518249613
"ACATACGCATCTCCCA-1",3.41766357996542
"ACATACGCATTCTCAT-1",0
"ACATACGGTAGGAGTC-1",0
"ACATACGGTGCACCAC-1",0
"ACATACGGTGGTTTCA-1",0
"ACATACGTCGTATCAG-1",0
"ACATCAGAGCCACTAT-1",0
"ACATCAGAGCCTTGAT-1",0
"ACATCAGCAACACCCG-1",0
"ACATCAGCAACGATGG-1",0
"ACATCAGCAATTGCTG-1",5.25871480499363
"ACATCAGCACCGGAAA-1",0
"ACATCAGCATAAAGGT-1",1.73724132094828
"ACATCAGCATCCCACT-1",0
"ACATCAGCATTTGCCC-1",0
"ACATCAGGTAAGGATT-1",0
"ACATCAGGTCCGTGAC-1",0
"ACATCAGGTTAAGTAG-1",0
"ACATCAGTCAAACCGT-1",8.07093848834988
"ACATGGTAGCATGGCA-1",3.60437978764042
"ACATGGTAGCTGTTCA-1",1.63023814234886
"ACATGGTCACTTGGAT-1",0
"ACATGGTGTCAGATAA-1",0
"ACATGGTGTCTGCGGT-1",1.9734956971021
"ACATGGTGTGCAACTT-1",3.28856825862494
"ACATGGTTCCGCAAGC-1",8.10649172825143
"ACATGGTTCCTCCTAG-1",0
"ACATGGTTCTGGAGCC-1",0
"ACATGGTTCTTCTGGC-1",1.82371106903466
"ACCAGTAAGATCACGG-1",0
"ACCAGTAAGCTTCGCG-1",8.81075153271572
"ACCAGTACACAGATTC-1",1.75244973605793
"ACCAGTACACAGGCCT-1",0
"ACCAGTACAGTATGCT-1",0
"ACCAGTACAGTCAGAG-1",3.27737292679449
"ACCAGTACAGTTTACG-1",0
"ACCAGTAGTCACCCAG-1",0
"ACCAGTAGTCCATCCT-1",0
"ACCAGTAGTCTTCAAG-1",0
"ACCAGTAGTGGACGAT-1",0
"ACCAGTATCTGCGACG-1",0
"ACCAGTATCTGCTTGC-1",0
"ACCAGTATCTGTTTGT-1",0
"ACCCACTAGAGGTTAT-1",1.46275760086849
"ACCCACTAGATCCCGC-1",0
"ACCCACTAGATGTGTA-1",3.65805867839247
"ACCCACTAGCCCAATT-1",0
"ACCCACTCAAGGGTCA-1",0
"ACCCACTCAAGGTTCT-1",3.60437978764042
"ACCCACTGTAAATGAC-1",6.92638776631067
"ACCCACTGTAGCCTCG-1",0
"ACCCACTGTCAAAGAT-1",5.45098828804138
"ACCCACTGTCAATACC-1",1.75244973605793
"ACCCACTGTGTGGTTT-1",0
"ACCCACTTCGCAAACT-1",0
"ACCCACTTCTGCCAGG-1",0
"ACCGTAACAATCGGTT-1",5.52042162783274
"ACCGTAACAATCTACG-1",0
"ACCGTAACAGGTCCAC-1",0
"ACCGTAAGTACAGCAG-1",1.71633991396968
"ACCGTAAGTCATGCAT-1",8.82812365613486
"ACCGTAAGTGAGTGAC-1",0
"ACCGTAAGTTAAGAAC-1",0
"ACCGTAAGTTCCGTCT-1",0
"ACCGTAATCACATAGC-1",0
"ACCGTAATCATGTGGT-1",0
"ACCGTAATCTGAAAGA-1",0
"ACCTTTACAATCGGTT-1",5.7684286881193
"ACCTTTACACGGACAA-1",4.00819084941725
"ACCTTTACAGCAGTTT-1",3.10736129227605
"ACCTTTACATGCAACT-1",0
"ACCTTTACATTTCAGG-1",0
"ACCTTTAGTGAACCTT-1",1.83424236669401
"ACCTTTAGTTCCACTC-1",0
"ACCTTTATCTCTAGGA-1",0
"ACGAGCCAGGCAGGTT-1",0
"ACGAGCCCACAGGCCT-1",0
"ACGAGCCCATGGAATA-1",3.45361824924823
"ACGAGCCGTGCACGAA-1",0
"ACGAGCCGTGTGACCC-1",2.11938402866758
"ACGAGCCGTTGGTTTG-1",0
"ACGAGCCTCAGTCCCT-1",0
"ACGAGCCTCGCAAACT-1",0
"ACGAGGACACTACAGT-1",2.76268361299861
"ACGAGGACATGTAGTC-1",0
"ACGAGGAGTACACCGC-1",3.81313250828225
"ACGAGGAGTGCCTGCA-1",3.09138523229896
"ACGAGGAGTTCTGAAC-1",0
"ACGAGGATCTGCGGCA-1",0
"ACGATACAGAGTGACC-1",0
"ACGATACAGCGCCTTG-1",0
"ACGATACCACGTTGGC-1",3.09138523229896
"ACGATACCATTGGGCC-1",0
"ACGATACGTCGAATCT-1",3.87426407816625
"ACGATACTCTGACCTC-1",0
"ACGATGTAGTGCGATG-1",0
"ACGATGTAGTTGAGAT-1",3.39327044507812
"ACGATGTCAACGCACC-1",3.54612529569794
"ACGATGTCACACGCTG-1",0
"ACGATGTGTATTCTCT-1",0
"ACGATGTGTCAGTGGA-1",3.45361824924823
"ACGATGTGTGACTACT-1",2.44175376666954
"ACGATGTGTGTCGCTG-1",1.71633991396968
"ACGATGTTCGCGTAGC-1",5.53540776013965
"ACGATGTTCTCTTATG-1",1.58339518249613
"ACGCAGCAGCGGCTTC-1",1.81893505460702
"ACGCAGCAGCTGCGAA-1",0
"ACGCAGCAGTGTACGG-1",1.84717530836962
"ACGCAGCCACCTCGTT-1",0
"ACGCAGCCATCGACGC-1",0
"ACGCAGCCATTACCTT-1",5.31256475254843
"ACGCAGCGTCCATGAT-1",0
"ACGCAGCGTCTACCTC-1",0
"ACGCAGCGTCTGGTCG-1",0
"ACGCAGCGTGCGATAG-1",2.09651480349671
"ACGCCAGCAAAGCAAT-1",1.81075940747296
"ACGCCAGCAACGCACC-1",2.13303872768881
"ACGCCAGCACGAGAGT-1",0
"ACGCCAGCAGTGAGTG-1",0
"ACGCCAGGTGCACTTA-1",2.08625250945725
"ACGCCAGGTGTGCGTC-1",0
"ACGCCAGTCACAGGCC-1",1.66304149031435
"ACGCCAGTCAGTGTTG-1",0
"ACGCCGAAGAAACGCC-1",0
"ACGCCGAAGATCTGCT-1",0
"ACGCCGACAGCCTGTG-1",0
"ACGCCGAGTTCCAACA-1",0
"ACGCCGATCCTATGTT-1",0
"ACGCCGATCGCAGGCT-1",3.27737292679449
"ACGCCGATCTTGTATC-1",0
"ACGGAGAAGCCAGTTT-1",0
"ACGGAGACACACATGT-1",0
"ACGGAGACAGCCTGTG-1",0
"ACGGAGACAGCGTAAG-1",0
"ACGGAGACAGTAAGCG-1",0
"ACGGAGAGTGTGACGA-1",0
"ACGGAGATCCACGAAT-1",0
"ACGGCCACACATCCAA-1",0
"ACGGCCACACATTCGA-1",0
"ACGGCCAGTACCGTAT-1",0
"ACGGCCAGTGTATGGG-1",0
"ACGGCCATCACGGTTA-1",1.82023447116132
"ACGGCCATCAGTGTTG-1",10.2679196386471
"ACGGCCATCTACTATC-1",0
"ACGGGCTAGGATCGCA-1",0
"ACGGGCTAGGTTCCTA-1",0
"ACGGGCTAGTGGCACA-1",0
"ACGGGCTCATCTGGTA-1",0
"ACGGGCTGTGAGGCTA-1",0
"ACGGGCTTCCGAACGC-1",2.00508635684779
"ACGGGTCAGATGCCAG-1",1.91156841590416
"ACGGGTCCATGATCCA-1",0
"ACGGGTCCATTAGGCT-1",6.92638776631067
"ACGGGTCCATTTCACT-1",4.88879024820053
"ACGGGTCGTTAGGGTG-1",6.29445766665122
"ACGGGTCTCAACACCA-1",0
"ACGGGTCTCCACGCAG-1",0
"ACGTCAAAGGGCTTCC-1",0
"ACGTCAAAGTGGTAAT-1",3.39327044507812
"ACGTCAACAACTGCGC-1",1.75244973605793
"ACGTCAACACAAGACG-1",1.41141053587434
"ACGTCAAGTAGCTCCG-1",1.46275760086849
"ACGTCAAGTGTCGCTG-1",0
"ACGTCAAGTTATGCGT-1",6.93834789325933
"ACGTCAATCAACCAAC-1",2.76268361299861
"ACGTCAATCATAACCG-1",0
"ACGTCAATCCAGAAGG-1",0
"ACGTCAATCTAACTCT-1",6.3762450603403
"ACTATCTAGAGGTTAT-1",0
"ACTATCTAGATACACA-1",3.45361824924823
"ACTATCTAGGAGTAGA-1",6.16008663077252
"ACTATCTAGGCATGTG-1",3.70436092167429
"ACTATCTCAAATACAG-1",0
"ACTATCTCAAATTGCC-1",5.42094847108557
"ACTATCTGTAGGGACT-1",3.81313250828225
"ACTATCTGTCGCGTGT-1",1.70335857875318
"ACTATCTGTGCACGAA-1",0
"ACTATCTGTGGTTTCA-1",0
"ACTATCTTCGCCGTGA-1",1.89313574700399
"ACTGAACAGAGTGAGA-1",0
"ACTGAACAGATCCCGC-1",3.90648928316707
"ACTGAACAGGTGATAT-1",0
"ACTGAACCAAAGCGGT-1",1.89313574700399
"ACTGAACCAAGCGAGT-1",0
"ACTGAACCAATTCCTT-1",0
"ACTGAACCAGCTGGCT-1",0
"ACTGAACCAGTCTTCC-1",0
"ACTGAACCATTACCTT-1",0
"ACTGAACGTAAGCACG-1",0
"ACTGAACGTAATCGTC-1",0
"ACTGAACGTCCAGTAT-1",0
"ACTGAACGTCTGATCA-1",3.54612529569794
"ACTGAACTCCCACTTG-1",1.84717530836962
"ACTGAGTAGCCGGTAA-1",0
"ACTGAGTCAGTGGGAT-1",0
"ACTGAGTCATTTGCCC-1",0
"ACTGAGTGTAGAGCTG-1",0
"ACTGAGTGTTGTGGCC-1",1.45490401742683
"ACTGAGTTCAGGTTCA-1",0
"ACTGATGAGACAGACC-1",5.2326444072636
"ACTGATGAGCGGATCA-1",0
"ACTGATGAGGTGCTTT-1",0
"ACTGATGCAGCAGTTT-1",0
"ACTGATGCATCACAAC-1",0
"ACTGATGGTCATGCAT-1",0
"ACTGATGTCACAATGC-1",1.44714843721857
"ACTGATGTCACTCCTG-1",0
"ACTGATGTCCCTGACT-1",1.81075940747296
"ACTGATGTCCGCTGTT-1",2.1958036179497
"ACTGATGTCCGGCACA-1",0
"ACTGATGTCCTATTCA-1",0
"ACTGCTCAGAGCTTCT-1",0
"ACTGCTCAGATGCCTT-1",5.25871480499363
"ACTGCTCCACACCGCA-1",1.46275760086849
"ACTGCTCCAGATGGGT-1",0
"ACTGCTCCATGCCTAA-1",0
"ACTGCTCGTAGGCATG-1",1.62138413570584
"ACTGCTCGTATCACCA-1",0
"ACTGCTCGTCCGAAGA-1",1.82023447116132
"ACTGCTCTCCGAGCCA-1",3.60437978764042
"ACTGTCCAGAGGGCTT-1",0
"ACTGTCCAGCAGCGTA-1",1.9365404041865
"ACTGTCCAGGCATGGT-1",0
"ACTGTCCCAAGGTTTC-1",0
"ACTGTCCCAAGTACCT-1",0
"ACTGTCCCAGTATCTG-1",0
"ACTGTCCCATAGAAAC-1",0
"ACTGTCCGTTGAGGTG-1",0
"ACTGTCCTCCACGTGG-1",3.45361824924823
"ACTGTCCTCCTTGGTC-1",2.1958036179497
"ACTGTCCTCTCTGTCG-1",0
"ACTTACTAGCGATAGC-1",1.89313574700399
"ACTTACTAGGGATGGG-1",2.35191829274565
"ACTTACTCACAGACAG-1",3.76718930025918
"ACTTACTCACATTTCT-1",0
"ACTTACTGTACTCAAC-1",0
"ACTTACTGTTCCACAA-1",1.93299358606497
"ACTTACTTCATCGGAT-1",1.67281284037323
"ACTTGTTAGACAAGCC-1",0
"ACTTGTTAGCTAGCCC-1",0
"ACTTGTTAGTTACCCA-1",0
"ACTTGTTCACGACGAA-1",0
"ACTTGTTCACGGCTAC-1",0
"ACTTGTTGTATCGCAT-1",6.3762450603403
"ACTTGTTGTGGTAACG-1",0
"ACTTGTTGTTGTGGAG-1",0
"ACTTGTTTCATCACCC-1",1.66304149031435
"ACTTTCACATGGTCAT-1",1.44714843721857
"ACTTTCAGTGACTACT-1",3.87426407816625
"ACTTTCATCGCCAGCA-1",0
"AGAATAGAGCTGAACG-1",4.32309286571718
"AGAATAGAGCTGTCTA-1",2.07917908596773
"AGAATAGAGGTAGCTG-1",0
"AGAATAGCATGGTCTA-1",0
"AGAATAGGTATTCTCT-1",8.07093848834988
"AGAATAGGTGCGGTAA-1",0
"AGAATAGGTTAAGAAC-1",1.75244973605793
"AGAATAGTCAGGCCCA-1",0
"AGACGTTAGAATGTGT-1",2.5775959831465
"AGACGTTAGCTCCTCT-1",0
"AGACGTTAGTGCCAGA-1",1.83424236669401
"AGACGTTCAGGATCGA-1",0
"AGACGTTGTAGCTGCC-1",3.58114409917649
"AGACGTTGTCTGCAAT-1",0
"AGACGTTGTTCTGTTT-1",0
"AGACGTTTCGCATGGC-1",0
"AGACGTTTCGCTTAGA-1",8.10649172825143
"AGAGCGACAACTTGAC-1",0
"AGAGCGACAAGTACCT-1",4.17566428026072
"AGAGCGACACAACGTT-1",0
"AGAGCGACATGAGCGA-1",0
"AGAGCGAGTCAGTGGA-1",0
"AGAGCGAGTCGACTGC-1",1.46275760086849
"AGAGCGAGTTGAGTTC-1",0
"AGAGCGATCGCGTAGC-1",0
"AGAGCGATCTATCCTA-1",3.10736129227605
"AGAGCGATCTCGCTTG-1",0
"AGAGCTTAGCCGTCGT-1",0
"AGAGCTTAGTACACCT-1",4.06787960443075
"AGAGCTTAGTCATGCT-1",0
"AGAGCTTGTAGAGCTG-1",0
"AGAGCTTGTATCACCA-1",0
"AGAGCTTTCACTATTC-1",0
"AGAGCTTTCCTGCAGG-1",1.56999486775314
"AGAGCTTTCGCAAACT-1",3.09138523229896
"AGAGCTTTCGCTTAGA-1",1.90862732886202
"AGAGTGGAGAGCCTAG-1",0
"AGAGTGGAGGCCCTTG-1",2.07917908596773
"AGAGTGGAGGTACTCT-1",0
"AGAGTGGCACAAGACG-1",3.40684727824273
"AGAGTGGCACCTCGTT-1",0
"AGAGTGGCATCCGGGT-1",0
"AGAGTGGCATCTGGTA-1",4.00819084941725
"AGAGTGGGTCAGCTAT-1",0
"AGAGTGGGTCCTCCAT-1",0
"AGAGTGGGTCTAGTCA-1",0
"AGAGTGGGTTACCGAT-1",0
"AGATCTGAGGTGGGTT-1",2.5775959831465
"AGATCTGAGTCAAGGC-1",0
"AGATCTGCAATGTTGC-1",0
"AGATCTGTCGAATCCA-1",2.22766170952208
"AGATCTGTCTGCAGTA-1",0
"AGATTGCAGGCTACGA-1",1.77284598709209
"AGATTGCCACGACGAA-1",1.70335857875318
"AGATTGCCAGATGGGT-1",5.52042162783274
"AGATTGCGTAGAGCTG-1",0
"AGATTGCGTGATGTCT-1",0
"AGATTGCGTGTTCGAT-1",6.92638776631067
"AGATTGCGTTCACGGC-1",3.54612529569794
"AGATTGCTCACTGGGC-1",5.36009005114865
"AGATTGCTCATCTGTT-1",0
"AGCAGCCAGCTGATAA-1",3.09138523229896
"AGCAGCCCACCGAAAG-1",4.88879024820053
"AGCAGCCGTCGACTGC-1",0
"AGCAGCCGTCGCTTTC-1",0
"AGCAGCCGTCTAACGT-1",1.82371106903466
"AGCAGCCGTGTGAAAT-1",0
"AGCAGCCGTTTGTTGG-1",1.67281284037323
"AGCAGCCTCCAAACAC-1",0
"AGCATACAGTGGTAGC-1",0
"AGCATACAGTTGTCGT-1",1.45490401742683
"AGCATACGTCTTCTCG-1",0
"AGCATACGTTAAGTAG-1",0
"AGCATACTCCGTTGCT-1",0
"AGCCTAAAGATATGGT-1",2.11938402866758
"AGCCTAACAAAGCGGT-1",0
"AGCCTAACAGATAATG-1",10.4987283463413
"AGCCTAAGTACGAAAT-1",1.71633991396968
"AGCCTAAGTCACCTAA-1",0
"AGCCTAAGTGTGCCTG-1",0
"AGCCTAATCACCCGAG-1",8.10649172825143
"AGCCTAATCCAATGGT-1",0
"AGCCTAATCCTTGGTC-1",2.06162254239992
"AGCCTAATCTGTGCAA-1",0
"AGCCTAATCTGTTTGT-1",0
"AGCGGTCAGCGAAGGG-1",0
"AGCGGTCAGGTACTCT-1",0
"AGCGGTCAGTGACTCT-1",0
"AGCGGTCCAGCCTTGG-1",0
"AGCGGTCGTCCTAGCG-1",0
"AGCGGTCGTGGTGTAG-1",0
"AGCGGTCGTTAAGGGC-1",0
"AGCGGTCGTTTGCATG-1",0
"AGCGGTCTCCGAAGAG-1",1.56999486775314
"AGCGGTCTCCTCAATT-1",0
"AGCGGTCTCTGGGCCA-1",0
"AGCGTATAGAACTGTA-1",1.94676778204099
"AGCGTATAGCGATGAC-1",3.58114409917649
"AGCGTATAGGTACTCT-1",1.56999486775314
"AGCGTATGTTGAGGTG-1",2.11938402866758
"AGCGTATTCCAGAGGA-1",0
"AGCGTCGAGTTGAGTA-1",0
"AGCGTCGCAGGGATTG-1",1.80098540064175
"AGCGTCGTCTGAAAGA-1",2.5775959831465
"AGCTCCTAGACCTAGG-1",5.27255330385525
"AGCTCCTAGCGTTTAC-1",0
"AGCTCCTGTGTTTGTG-1",0
"AGCTCCTGTTGTCTTT-1",1.93704846870536
"AGCTCCTTCCGAATGT-1",2.76268361299861
"AGCTCCTTCTTGACGA-1",0
"AGCTCTCAGCGGATCA-1",2.76268361299861
"AGCTCTCAGCTGTTCA-1",0
"AGCTCTCAGGTGCTAG-1",0
"AGCTCTCCATACAGCT-1",0
"AGCTCTCGTCAGAGGT-1",1.6848688061171
"AGCTCTCGTGGGTCAA-1",1.82371106903466
"AGCTCTCTCACAACGT-1",0
"AGCTCTCTCTTGACGA-1",1.56250123311979
"AGCTTGAAGCATCATC-1",0
"AGCTTGAAGTAGCGGT-1",0
"AGCTTGAAGTTGTCGT-1",0
"AGCTTGACAATCCAAC-1",0
"AGCTTGACACCGATAT-1",0
"AGCTTGAGTCTACCTC-1",0
"AGCTTGAGTGCGCTTG-1",0
"AGCTTGAGTTACGCGC-1",0
"AGCTTGATCCTGCCAT-1",0
"AGCTTGATCTGCAAGT-1",0
"AGGCCACAGAGTAAGG-1",0
"AGGCCACAGGGTCTCC-1",0
"AGGCCACAGTACTTGC-1",1.80098540064175
"AGGCCACCAGGACCCT-1",0
"AGGCCACCATCAGTCA-1",0
"AGGCCACTCATGCTCC-1",5.52042162783274
"AGGCCACTCATTGCGA-1",5.29773737673713
"AGGCCGTAGGATCGCA-1",1.90862732886202
"AGGCCGTCACGTAAGG-1",0
"AGGCCGTCAGCTCGAC-1",0
"AGGCCGTCATCGTCGG-1",0
"AGGCCGTTCACGGTTA-1",0
"AGGCCGTTCGAACTGT-1",0
"AGGCCGTTCTCAAGTG-1",0
"AGGCCGTTCTGCTTGC-1",0
"AGGGAGTAGCCCAACC-1",0
"AGGGAGTAGGAGTACC-1",0
"AGGGAGTAGGCAGGTT-1",5.36362543625173
"AGGGAGTCACGAGAGT-1",0
"AGGGAGTCAGAAGCAC-1",0
"AGGGAGTCAGATCCAT-1",0
"AGGGAGTCATCGACGC-1",5.41187654410084
"AGGGAGTCATGCTAGT-1",7.82001683544658
"AGGGAGTGTCCATGAT-1",1.62138413570584
"AGGGAGTTCATAACCG-1",1.9734956971021
"AGGGATGAGCTCTCGG-1",0
"AGGGATGAGGAGTAGA-1",0
"AGGGATGAGTAGCGGT-1",0
"AGGGATGCAATGAATG-1",0
"AGGGATGCAATGGAGC-1",0
"AGGGATGCACAAGACG-1",6.16008663077252
"AGGGATGCACATTTCT-1",0
"AGGGATGCATGGTCTA-1",0
"AGGGATGGTTAAAGTG-1",0
"AGGGATGGTTATGCGT-1",0
"AGGGATGTCGTGACAT-1",0
"AGGGTGAAGATGGCGT-1",0
"AGGGTGAAGATGGGTC-1",1.90862732886202
"AGGGTGAAGGCTCAGA-1",0
"AGGGTGACACGAGAGT-1",0
"AGGGTGACAGATGGCA-1",0
"AGGGTGACAGATTGCT-1",0
"AGGGTGAGTACTCTCC-1",0
"AGGGTGAGTTATCGGT-1",3.62280722765408
"AGGGTGAGTTCTGAAC-1",0
"AGGGTGATCTCGCTTG-1",0
"AGGTCATAGAGCCCAA-1",0
"AGGTCATAGCCAGAAC-1",5.00033136477356
"AGGTCATAGGCATGGT-1",3.81313250828225
"AGGTCATAGGGAGTAA-1",1.75244973605793
"AGGTCATCACTCAGGC-1",5.64146959877617
"AGGTCATCACTCTGTC-1",0
"AGGTCATGTTCCACTC-1",0
"AGGTCATTCTCGTTTA-1",5.41187654410084
"AGGTCCGAGGATGCGT-1",0
"AGGTCCGGTGATGCCC-1",0
"AGGTCCGTCCATGAAC-1",0
"AGGTCCGTCGCCCTTA-1",3.41766357996542
"AGGTCCGTCTGCGTAA-1",1.90862732886202
"AGTAGTCAGACTGTAA-1",1.66304149031435
"AGTAGTCAGTACGACG-1",1.90618529968292
"AGTAGTCAGTTTAGGA-1",3.45361824924823
"AGTAGTCCAACTGGCC-1",0
"AGTAGTCGTGCAGACA-1",0
"AGTAGTCTCACCCGAG-1",3.65370952194366
"AGTCTTTAGGCAGTCA-1",1.71633991396968
"AGTCTTTCAAATCCGT-1",0
"AGTCTTTCATATACCG-1",0
"AGTCTTTGTGCTTCTC-1",0
"AGTCTTTGTGTCCTCT-1",0
"AGTCTTTTCGCAGGCT-1",0
"AGTCTTTTCGCGTAGC-1",2.07917908596773
"AGTCTTTTCGCTAGCG-1",0
"AGTCTTTTCGCTTGTC-1",8.07093848834988
"AGTCTTTTCTGACCTC-1",0
"AGTGAGGAGATAGCAT-1",0
"AGTGAGGCAGGTGCCT-1",2.5775959831465
"AGTGAGGGTATGAAAC-1",8.33218317195699
"AGTGAGGGTCACTTCC-1",0
"AGTGAGGGTCGCGAAA-1",3.40684727824273
"AGTGAGGGTTATGTGC-1",0
"AGTGAGGTCTACTATC-1",0
"AGTGGGAAGCAGACTG-1",0
"AGTGGGACAAACGCGA-1",8.11393137827377
"AGTGGGACAAGCCGTC-1",10.2679196386471
"AGTGGGACACAGGAGT-1",0
"AGTGGGACACGAGAGT-1",0
"AGTGGGATCATCGATG-1",1.46275760086849
"AGTGGGATCCACGAAT-1",0
"AGTGGGATCCTGCAGG-1",0
"AGTGTCAAGAAGCCCA-1",0
"AGTGTCAAGCTAGTCT-1",0
"AGTGTCAAGTACGACG-1",1.81893505460702
"AGTGTCAAGTGAACAT-1",0
"AGTGTCACACCATCCT-1",4.00819084941725
"AGTGTCACAGTAAGCG-1",5.49373850157033
"AGTGTCACAGTGGAGT-1",0
"AGTGTCAGTAAACCTC-1",0
"AGTGTCAGTACAGCAG-1",0
"AGTGTCAGTCTCCACT-1",0
"AGTGTCAGTTTGACTG-1",0
"AGTGTCATCAAAGTAG-1",1.90862732886202
"AGTGTCATCCGTCAAA-1",0
"AGTGTCATCGTTACAG-1",1.91156841590416
"AGTGTCATCTGTCAAG-1",0
"AGTTGGTAGACTGTAA-1",0
"AGTTGGTAGTACGCGA-1",0
"AGTTGGTCAAATTGCC-1",1.75244973605793
"AGTTGGTCAGGAATGC-1",0
"AGTTGGTCATGCGCAC-1",0
"AGTTGGTGTACCGTAT-1",0
"AGTTGGTGTATGCTTG-1",0
"AGTTGGTGTCAGGACA-1",0
"AGTTGGTGTTCAGACT-1",3.10736129227605
"AGTTGGTTCAGTACGT-1",1.56250123311979
"AGTTGGTTCCTCAACC-1",0
"AGTTGGTTCGTACCGG-1",0
"AGTTGGTTCTGTCCGT-1",0
"ATAACGCAGTTGAGTA-1",0
"ATAACGCCACGTGAGA-1",0
"ATAACGCGTGAACCTT-1",0
"ATAACGCGTGTCCTCT-1",0
"ATAACGCGTGTGAAAT-1",3.45361824924823
"ATAACGCTCTCCGGTT-1",0
"ATAAGAGAGTCCGGTC-1",1.90862732886202
"ATAAGAGCAACTGCGC-1",1.93704846870536
"ATAAGAGCAGTATCTG-1",3.10736129227605
"ATAAGAGGTGACGCCT-1",0
"ATAAGAGGTTAAAGTG-1",0
"ATAAGAGTCAGCACAT-1",0
"ATAAGAGTCAGTGCAT-1",5.31256475254843
"ATAGACCAGAGAGCTC-1",0
"ATAGACCAGCCCAATT-1",0
"ATAGACCCAAGCCATT-1",0
"ATAGACCCATCTGGTA-1",3.60437978764042
"ATAGACCGTATATGGA-1",1.75244973605793
"ATAGACCGTGGACGAT-1",0
"ATAGACCGTGGCGAAT-1",0
"ATAGACCGTTTCGCTC-1",0
"ATCACGAAGAACTCGG-1",0
"ATCACGAAGACACGAC-1",0
"ATCACGAAGTTACCCA-1",4.88879024820053
"ATCACGACAAGACACG-1",1.82371106903466
"ATCACGACAAGCGTAG-1",0
"ATCACGACACACATGT-1",0
"ATCACGACACCACCAG-1",6.3762450603403
"ATCACGACACGGTAAG-1",0
"ATCACGACAGCGAACA-1",0
"ATCACGATCCCGACTT-1",0
"ATCACGATCGGTGTCG-1",1.71633991396968
"ATCATCTAGCCTATGT-1",3.70436092167429
"ATCATCTAGGCCATAG-1",0
"ATCATCTAGTACTTGC-1",0
"ATCATCTCAGACGCCT-1",3.41766357996542
"ATCATCTCATCCGTGG-1",0
"ATCATCTGTATTACCG-1",1.95661467116005
"ATCATCTGTCACTTCC-1",1.81893505460702
"ATCATCTTCAGCGACC-1",0
"ATCATCTTCCTCAACC-1",0
"ATCATGGCAAGCGTAG-1",0
"ATCATGGCAAGGTTCT-1",0
"ATCATGGCACTACAGT-1",1.77284598709209
"ATCATGGGTAAGGGAA-1",0
"ATCATGGGTTGTGGCC-1",3.10736129227605
"ATCATGGTCAATAAGG-1",1.89313574700399
"ATCATGGTCCAATGGT-1",2.1958036179497
"ATCATGGTCGCCATAA-1",0
"ATCATGGTCGGTTAAC-1",0
"ATCCACCAGCTAGTCT-1",0
"ATCCACCAGGCTCTTA-1",3.87426407816625
"ATCCACCCAAACGTGG-1",0
"ATCCACCCAGTTAACC-1",0
"ATCCACCGTCCGAAGA-1",5.42094847108557
"ATCCACCGTTTGTTTC-1",0
"ATCCACCTCCTGCTTG-1",5.2326444072636
"ATCCACCTCCTTAATC-1",0
"ATCCACCTCTGGTATG-1",0
"ATCCGAAAGCGATGAC-1",2.11938402866758
"ATCCGAAAGCTAGGCA-1",0
"ATCCGAACAAACGTGG-1",1.9734956971021
"ATCCGAACAACAACCT-1",0
"ATCCGAACAAGGACTG-1",2.07917908596773
"ATCCGAACACCCATTC-1",1.83424236669401
"ATCCGAACACGGTAGA-1",0
"ATCCGAAGTAGCGCTC-1",0
"ATCCGAAGTCATTAGC-1",4.88879024820053
"ATCCGAAGTCTCTTAT-1",0
"ATCCGAATCCAACCAA-1",1.77325184657207
"ATCCGAATCCTTGACC-1",1.83424236669401
"ATCCGAATCTTGTCAT-1",1.75244973605793
"ATCGAGTAGACTTTCG-1",0
"ATCGAGTCATCCGGGT-1",6.92638776631067
"ATCGAGTGTCCCTTGT-1",0
"ATCGAGTGTCTCCCTA-1",3.45361824924823
"ATCGAGTTCATGCATG-1",1.84717530836962
"ATCGAGTTCCTGCCAT-1",0
"ATCTACTAGGTGTGGT-1",0
"ATCTACTCAGCTGTAT-1",0
"ATCTACTCAGTACACT-1",1.77325184657207
"ATCTACTCATGACATC-1",0
"ATCTACTGTAAGTAGT-1",2.01911794411343
"ATCTACTGTGTCGCTG-1",0
"ATCTACTTCCGCGTTT-1",1.66304149031435
"ATCTACTTCGCAAGCC-1",0
"ATCTACTTCTATCGCC-1",0
"ATCTACTTCTCTAAGG-1",0
"ATCTGCCAGGCTCAGA-1",0
"ATCTGCCGTACAGTTC-1",3.39542580948379
"ATCTGCCGTTGTGGAG-1",2.76268361299861
"ATCTGCCTCAGAGACG-1",1.62138413570584
"ATCTGCCTCAGCTGGC-1",1.77325184657207
"ATCTGCCTCGTACGGC-1",0
"ATCTGCCTCTCGAGTA-1",0
"ATCTGCCTCTGAGTGT-1",0
"ATCTGCCTCTTGTATC-1",1.95609318492501
"ATGAGGGAGGTCGGAT-1",0
"ATGAGGGCATGACGGA-1",0
"ATGAGGGCATTAGGCT-1",5.49373850157033
"ATGAGGGTCACATGCA-1",0
"ATGAGGGTCAGTCCCT-1",3.62280722765408
"ATGCGATAGTCAATAG-1",1.70335857875318
"ATGCGATCATGTTGAC-1",0
"ATGCGATGTGCAGTAG-1",0
"ATGCGATGTGCATCTA-1",0
"ATGCGATTCCCAAGAT-1",2.76268361299861
"ATGCGATTCGCCATAA-1",0
"ATGGGAGAGCAATATG-1",0
"ATGGGAGAGCCACGCT-1",0
"ATGGGAGAGGTGATAT-1",6.28233624242301
"ATGGGAGCACCAGGTC-1",5.1800991248148
"ATGGGAGCACTATCTT-1",0
"ATGGGAGCAGCATACT-1",1.99294852323313
"ATGGGAGCATAGAAAC-1",1.86493826954485
"ATGGGAGCATTACCTT-1",0
"ATGTGTGAGCGAAGGG-1",2.35191829274565
"ATGTGTGAGGGTTTCT-1",3.09138523229896
"ATGTGTGAGTTGAGTA-1",0
"ATGTGTGCACGGCGTT-1",0
"ATGTGTGCACGGTTTA-1",0
"ATGTGTGCAGTATAAG-1",0
"ATGTGTGTCACGCGGT-1",4.88879024820053
"ATTACTCAGATGTGTA-1",0
"ATTACTCAGCGTAATA-1",0
"ATTACTCAGGTGCACA-1",0
"ATTACTCAGTGAAGTT-1",1.95661467116005
"ATTACTCCAAACTGTC-1",3.93971630527412
"ATTACTCCACCATCCT-1",3.40684727824273
"ATTACTCCAGACTCGC-1",0
"ATTACTCCATATGCTG-1",0
"ATTACTCCATCGGTTA-1",0
"ATTACTCCATTGCGGC-1",0
"ATTACTCGTTAAAGAC-1",0
"ATTACTCTCCGAACGC-1",0
"ATTATCCAGAGTACCG-1",0
"ATTATCCAGCTTATCG-1",1.83734307652052
"ATTATCCCACAAGCCC-1",1.73724132094828
"ATTATCCCATATGAGA-1",3.37694194319434
"ATTATCCCATCTGGTA-1",3.27737292679449
"ATTATCCGTCGTTGTA-1",0
"ATTATCCGTCTCTCTG-1",1.82371106903466
"ATTATCCTCAACGGGA-1",3.09138523229896
"ATTATCCTCCGCGCAA-1",0
"ATTATCCTCTCCGGTT-1",0
"ATTCTACGTCACTTCC-1",6.92638776631067
"ATTCTACGTCTAGTCA-1",8.82812365613486
"ATTCTACGTTGTCGCG-1",1.89313574700399
"ATTGGACAGCAGATCG-1",0
"ATTGGACAGGGCATGT-1",0
"ATTGGACAGTGGACGT-1",0
"ATTGGACCAAGACACG-1",0
"ATTGGACGTAATAGCA-1",0
"ATTGGACTCCTGCTTG-1",0
"ATTGGACTCGGCGCAT-1",0
"ATTGGACTCGTTTGCC-1",0
"ATTGGTGAGAATGTTG-1",0
"ATTGGTGCAAGCTGAG-1",7.21511199682821
"ATTGGTGCAGCAGTTT-1",10.4987283463413
"ATTGGTGGTTGAGTTC-1",10.2679196386471
"ATTGGTGTCAAAGTAG-1",0
"ATTGGTGTCGGAAACG-1",0
"ATTTCTGAGGGATACC-1",1.95661467116005
"ATTTCTGAGGGATCTG-1",0
"ATTTCTGAGGTGTTAA-1",0
"ATTTCTGAGTCGAGTG-1",0
"ATTTCTGAGTTCGCAT-1",0
"ATTTCTGCAAGGTGTG-1",0
"ATTTCTGGTAGCTCCG-1",0
"ATTTCTGGTGCACGAA-1",0
"ATTTCTGGTTGCCTCT-1",0
"ATTTCTGTCAAAGTAG-1",0
"ATTTCTGTCAGCTCGG-1",0
"ATTTCTGTCTTGGGTA-1",8.82812365613486
"CAACCAAAGAAACGCC-1",0
"CAACCAAAGAGGGCTT-1",0
"CAACCAAAGCTGAAAT-1",0
"CAACCAAAGGACAGCT-1",0
"CAACCAAAGGGAGTAA-1",0
"CAACCAACATACGCTA-1",0
"CAACCTCAGTAATCCC-1",0
"CAACCTCCAGACGCAA-1",3.83662467176104
"CAACCTCGTGAGTGAC-1",1.99294852323313
"CAACCTCGTTCCACGG-1",0
"CAACCTCTCATACGGT-1",3.39542580948379
"CAACCTCTCCGATATG-1",3.58360539456505
"CAACCTCTCCTTTACA-1",0
"CAACCTCTCTCTAGGA-1",0
"CAACTAGAGAATAGGG-1",3.65805867839247
"CAACTAGAGGATGCGT-1",0
"CAACTAGCACCATCCT-1",1.81075940747296
"CAACTAGCAGACTCGC-1",10.4987283463413
"CAACTAGCAGTTCATG-1",0
"CAACTAGGTACGCACC-1",3.83662467176104
"CAACTAGTCAGGCCCA-1",0
"CAAGAAAAGAAGGACA-1",0
"CAAGAAAAGACGCACA-1",10.4738902102052
"CAAGAAAAGGCCCTTG-1",0
"CAAGAAAAGGTGATAT-1",0
"CAAGAAAAGTCGATAA-1",0
"CAAGAAAAGTGGAGTC-1",5.1800991248148
"CAAGAAAAGTGTACCT-1",0
"CAAGAAACACGGTGTC-1",3.45361824924823
"CAAGAAATCTGCTTGC-1",0
"CAAGATCAGCTGAAAT-1",7.11215424823012
"CAAGATCGTAAGAGGA-1",1.82371106903466
"CAAGATCGTGCCTTGG-1",0
"CAAGATCTCAACACCA-1",5.49373850157033
"CAAGATCTCTCGATGA-1",2.07917908596773
"CAAGGCCAGGAGTCTG-1",0
"CAAGGCCAGGCTATCT-1",5.1800991248148
"CAAGGCCCACGGTAAG-1",0
"CAAGGCCCATGTTCCC-1",0
"CAAGGCCGTCCGTCAG-1",0
"CAAGGCCTCAACGGGA-1",0
"CAAGGCCTCCTTGACC-1",0
"CAAGGCCTCGTGACAT-1",0
"CAAGTTGAGACAGGCT-1",3.3020507761619
"CAAGTTGAGATGTCGG-1",3.10736129227605
"CAAGTTGAGCGTCAAG-1",3.41766357996542
"CAAGTTGAGCGTTTAC-1",6.3762450603403
"CAAGTTGCACATTAGC-1",0
"CAAGTTGCACGCTTTC-1",0
"CAAGTTGCACGGTGTC-1",2.01911794411343
"CAAGTTGCATTCTTAC-1",0
"CAAGTTGGTACTCAAC-1",2.35191829274565
"CAAGTTGGTCAGGACA-1",0
"CAAGTTGGTCGGCACT-1",0
"CAAGTTGTCAACGAAA-1",0
"CAAGTTGTCACCACCT-1",1.81075940747296
"CAAGTTGTCATTGCCC-1",0
"CAAGTTGTCGAATCCA-1",3.43193146111206
"CAAGTTGTCTACTTAC-1",2.44175376666954
"CACAAACAGGGCTCTC-1",0
"CACAAACAGGGCTTGA-1",1.45490401742683
"CACAAACAGTGACATA-1",0
"CACAAACCAACTGCGC-1",0
"CACAAACCAATAAGCA-1",1.84717530836962
"CACAAACCAATCAGAA-1",0
"CACAAACCACTTAACG-1",0
"CACAAACCATGAACCT-1",0
"CACAAACCATGGTCAT-1",3.58114409917649
"CACAAACGTCAACTGT-1",3.87426407816625
"CACAAACGTCAGAATA-1",1.81893505460702
"CACAAACTCTTCGGTC-1",0
"CACAAACTCTTGGGTA-1",0
"CACACAAAGCGACGTA-1",3.83662467176104
"CACACAAAGGGAGTAA-1",0
"CACACAACAAACGTGG-1",1.73724132094828
"CACACAACACATGACT-1",0
"CACACAACATCGATTG-1",0
"CACACAACATTGGGCC-1",1.91156841590416
"CACACAAGTACGACCC-1",0
"CACACAAGTCAGTGGA-1",1.83380048909946
"CACACAAGTCATCGGC-1",1.58063191318502
"CACACAAGTTTACTCT-1",3.39327044507812
"CACACAATCCACGTGG-1",0
"CACACAATCCACGTTC-1",1.83734307652052
"CACACAATCGGCGCAT-1",0
"CACACCTAGAGACTAT-1",1.84717530836962
"CACACCTAGGACATTA-1",2.5775959831465
"CACACCTAGTGTGAAT-1",0
"CACACCTCACTGAAGG-1",0
"CACACCTCATAGGATA-1",0
"CACACCTCATAGTAAG-1",0
"CACACCTCATTGGGCC-1",0
"CACACCTGTACAGCAG-1",1.58063191318502
"CACACCTGTACCGCTG-1",1.93704846870536
"CACACCTGTCCAAGTT-1",0
"CACACCTGTGGACGAT-1",1.67281284037323
"CACACCTGTGGTCTCG-1",1.66304149031435
"CACACCTTCATGTCTT-1",5.36009005114865
"CACACCTTCTGGCGAC-1",5.1800991248148
"CACACTCAGGGAAACA-1",0
"CACACTCCAACACCTA-1",0
"CACACTCCAAGGGTCA-1",1.81893505460702
"CACACTCGTGACGCCT-1",0
"CACACTCGTTTGTGTG-1",2.03804222210607
"CACAGGCAGCCATCGC-1",6.98354704467056
"CACAGGCAGGGATGGG-1",0
"CACAGGCCAAGAGTCG-1",6.92638776631067
"CACAGGCCAATGGAGC-1",0
"CACAGGCGTCTAGGTT-1",1.89313574700399
"CACAGGCGTTACGCGC-1",0
"CACAGGCTCGGGAGTA-1",0
"CACAGGCTCTATGTGG-1",0
"CACAGTAAGACGCAAC-1",1.93704846870536
"CACAGTAAGACGCACA-1",1.71746397656373
"CACAGTAAGTGGGCTA-1",0
"CACAGTACAACTGGCC-1",5.52042162783274
"CACAGTACATCGGACC-1",0
"CACAGTAGTTCCATGA-1",0
"CACATAGAGCCCAATT-1",0
"CACATAGAGTGTACTC-1",0
"CACATAGCACTTCTGC-1",5.36009005114865
"CACATAGCAGGGTATG-1",0
"CACATAGTCCTTGCCA-1",3.37694194319434
"CACATAGTCGGCGCAT-1",0
"CACATTTAGCAGATCG-1",8.82812365613486
"CACATTTAGGGCACTA-1",1.83734307652052
"CACATTTCACGGCGTT-1",8.39099167381099
"CACATTTCATTACCTT-1",0
"CACATTTGTCGAACAG-1",0
"CACATTTGTGTTGAGG-1",0
"CACATTTTCCAGAGGA-1",0
"CACATTTTCCGCATCT-1",1.67281284037323
"CACATTTTCTACTATC-1",7.08650479326866
"CACATTTTCTGTGCAA-1",0
"CACCACTAGCCACGTC-1",0
"CACCACTAGTGGTAAT-1",3.62280722765408
"CACCACTAGTTACCCA-1",1.90862732886202
"CACCACTCAAGCCCAC-1",0
"CACCACTCAGTTCATG-1",1.82023447116132
"CACCACTGTTATTCTC-1",0
"CACCACTTCACCGGGT-1",1.71633991396968
"CACCACTTCGAATCCA-1",0
"CACCACTTCGACCAGC-1",0
"CACCACTTCTAACCGA-1",0
"CACCACTTCTTTAGTC-1",1.83380048909946
"CACCAGGCACATTAGC-1",0
"CACCAGGCACTGCCAG-1",2.5775959831465
"CACCAGGCATAAAGGT-1",0
"CACCAGGCATGAACCT-1",0
"CACCAGGGTGAAATCA-1",1.56999486775314
"CACCAGGGTGTTTGGT-1",1.90862732886202
"CACCAGGGTTATCACG-1",5.49373850157033
"CACCAGGTCATGTAGC-1",0
"CACCAGGTCTGCTTGC-1",0
"CACCTTGAGACTTGAA-1",0
"CACCTTGAGTCAATAG-1",0
"CACCTTGCAGGCGATA-1",3.5707503481594
"CACCTTGCATTCCTGC-1",1.44714843721857
"CACCTTGGTCATTAGC-1",0
"CACCTTGGTGATGTCT-1",0
"CACCTTGGTTATGTGC-1",0
"CACCTTGTCAACCATG-1",0
"CACCTTGTCATTATCC-1",1.80098540064175
"CACCTTGTCCAAAGTC-1",0
"CACCTTGTCTCACATT-1",0
"CACTCCAAGACAAGCC-1",1.95609318492501
"CACTCCAAGGTACTCT-1",6.98354704467056
"CACTCCACAATGGACG-1",6.3762450603403
"CACTCCAGTACATGTC-1",1.99240137735663
"CACTCCAGTTGTCGCG-1",0
"CACTCCATCAACACAC-1",3.58240224610858
"CACTCCATCCCAGGTG-1",0
"CAGAATCAGAAACCTA-1",1.90862732886202
"CAGAATCAGCCAACAG-1",0
"CAGAATCAGCTGGAAC-1",0
"CAGAATCAGGACTGGT-1",3.81313250828225
"CAGAATCAGTATCGAA-1",0
"CAGAATCCACAGAGGT-1",5.00033136477356
"CAGAATCCAGGGTACA-1",3.87426407816625
"CAGAATCGTAAGTGTA-1",1.63023814234886
"CAGAATCGTAATCACC-1",0
"CAGAATCTCAGTTTGG-1",2.03804222210607
"CAGAATCTCGCAAGCC-1",7.11215424823012
"CAGAATCTCGGTCCGA-1",0
"CAGAATCTCTTGCAAG-1",2.03804222210607
"CAGAATCTCTTGTACT-1",0
"CAGAGAGAGAATTGTG-1",0
"CAGAGAGAGCAATATG-1",0
"CAGAGAGCAAGAAGAG-1",1.90862732886202
"CAGAGAGCACCAGATT-1",0
"CAGAGAGGTAATCACC-1",0
"CAGAGAGGTAGCTGCC-1",0
"CAGAGAGGTAGGACAC-1",0
"CAGAGAGGTATAGGGC-1",0
"CAGAGAGGTCCGAATT-1",0
"CAGAGAGGTTGAGGTG-1",0
"CAGAGAGTCACCCGAG-1",0
"CAGAGAGTCATAACCG-1",0
"CAGAGAGTCCGAACGC-1",0
"CAGAGAGTCTGGTATG-1",0
"CAGATCAAGAGACGAA-1",0
"CAGATCAAGCACCGTC-1",0
"CAGATCAAGCTTCGCG-1",0
"CAGATCAAGGATTCGG-1",0
"CAGATCAAGTGTACCT-1",1.75244973605793
"CAGATCAAGTTTAGGA-1",0
"CAGATCACAATAACGA-1",0
"CAGATCACACACCGAC-1",0
"CAGATCACACGGTAAG-1",0
"CAGATCACACTCTGTC-1",3.54612529569794
"CAGATCACAGCATACT-1",1.66304149031435
"CAGATCACAGTGGGAT-1",0
"CAGATCAGTACCAGTT-1",0
"CAGATCAGTGCGGTAA-1",2.44175376666954
"CAGATCATCTGATTCT-1",0
"CAGCAGCAGATGCCAG-1",0
"CAGCAGCAGGGAACGG-1",0
"CAGCAGCCACCTATCC-1",3.60437978764042
"CAGCAGCCATCACAAC-1",0
"CAGCAGCTCAACACTG-1",0
"CAGCAGCTCGAACTGT-1",0
"CAGCAGCTCGCCGTGA-1",0
"CAGCATAAGAGACGAA-1",0
"CAGCATAGTCTAGGTT-1",0
"CAGCATAGTTTACTCT-1",1.45490401742683
"CAGCATATCACGAAGG-1",0
"CAGCATATCAGGCAAG-1",0
"CAGCATATCCTTAATC-1",0
"CAGCCGAAGCATCATC-1",0
"CAGCCGAAGTTTCCTT-1",1.89313574700399
"CAGCCGACACGTGAGA-1",0
"CAGCCGACATCAGTCA-1",1.86493826954485
"CAGCCGAGTGATGTCT-1",1.75244973605793
"CAGCCGATCACCAGGC-1",1.91156841590416
"CAGCCGATCCTCAATT-1",3.79033555161902
"CAGCGACAGAAACGCC-1",1.82371106903466
"CAGCGACAGCGTCAAG-1",0
"CAGCGACCAAACGTGG-1",0
"CAGCGACCAAAGCGGT-1",0
"CAGCGACCACGTCAGC-1",0
"CAGCGACCATGGGACA-1",1.58339518249613
"CAGCGACGTCTGATTG-1",0
"CAGCGACGTGGACGAT-1",0
"CAGCGACGTGGTTTCA-1",0
"CAGCGACGTTCGGCAC-1",0
"CAGCGACTCCGCAAGC-1",0
"CAGCGACTCTGGGCCA-1",0
"CAGCTAAAGATGTGTA-1",0
"CAGCTAAAGCAGACTG-1",0
"CAGCTAAAGCTGTTCA-1",0
"CAGCTAAAGGAGCGTT-1",3.81313250828225
"CAGCTAACACAGATTC-1",1.71633991396968
"CAGCTAACATCAGTAC-1",3.09138523229896
"CAGCTAAGTAATCGTC-1",3.39542580948379
"CAGCTAAGTCTCACCT-1",1.63023814234886
"CAGCTAAGTTCGTCTC-1",0
"CAGCTAATCCACGCAG-1",0
"CAGCTAATCCCTAACC-1",0
"CAGCTAATCTGGTTCC-1",0
"CAGCTAATCTTAGCCC-1",1.44714843721857
"CAGCTAATCTTCGGTC-1",0
"CAGCTGGAGACACTAA-1",0
"CAGCTGGAGATCCTGT-1",0
"CAGCTGGCACCAACCG-1",0
"CAGCTGGCAGTGGAGT-1",0
"CAGCTGGCATGCATGT-1",0
"CAGCTGGTCTACCTGC-1",0
"CAGGTGCAGAGACGAA-1",8.07093848834988
"CAGGTGCAGATCCTGT-1",0
"CAGGTGCAGGCATGTG-1",0
"CAGGTGCCAGGAACGT-1",1.83734307652052
"CAGGTGCCATAGTAAG-1",0
"CAGGTGCCATCGGAAG-1",0
"CAGGTGCTCAGTTGAC-1",3.39542580948379
"CAGGTGCTCCAAGTAC-1",0
"CAGGTGCTCTTGTATC-1",1.90618529968292
"CAGTAACAGATATGGT-1",1.93704846870536
"CAGTAACAGATGGCGT-1",0
"CAGTAACCAATCACAC-1",0
"CAGTAACCACTCGACG-1",0
"CAGTAACGTGATAAGT-1",0
"CAGTAACGTGCACCAC-1",5.41187654410084
"CAGTAACTCAGAGGTG-1",3.40684727824273
"CAGTAACTCGTACGGC-1",0
"CAGTAACTCGTGACAT-1",0
"CAGTAACTCTGCCAGG-1",0
"CAGTCCTAGAATCTCC-1",8.81075153271572
"CAGTCCTAGATCTGCT-1",8.82812365613486
"CAGTCCTCAGTATAAG-1",2.00508635684779
"CAGTCCTTCAACACGT-1",5.80329145105514
"CAGTCCTTCCATGAGT-1",5.42094847108557
"CAGTCCTTCCCGACTT-1",1.86493826954485
"CAGTCCTTCCCTTGTG-1",1.89313574700399
"CAGTCCTTCGAACGGA-1",1.70335857875318
"CAGTCCTTCGGTTCGG-1",0
"CAGTCCTTCTACTTAC-1",2.09651480349671
"CATATGGAGAGATGAG-1",0
"CATATGGAGGCATGGT-1",0
"CATATGGAGTATTGGA-1",0
"CATATGGCAAGCGTAG-1",1.67281284037323
"CATATGGGTCGCATAT-1",0
"CATATGGTCATTATCC-1",0
"CATATGGTCATTGCGA-1",0
"CATATTCCACCACCAG-1",0
"CATATTCGTGACTACT-1",0
"CATATTCGTGGTACAG-1",0
"CATATTCGTGTGACGA-1",0
"CATATTCTCACAGGCC-1",0
"CATATTCTCGCAAACT-1",0
"CATCAAGAGAACTCGG-1",1.77284598709209
"CATCAAGAGATGGCGT-1",0
"CATCAAGAGCCGCCTA-1",0
"CATCAAGCACGAAACG-1",0
"CATCAAGCAGCCTTTC-1",0
"CATCAAGCATGGAATA-1",0
"CATCAAGGTTACTGAC-1",1.94676778204099
"CATCAAGGTTCCATGA-1",0
"CATCAAGTCTAAGCCA-1",2.01911794411343
"CATCAAGTCTGACCTC-1",0
"CATCAGAAGCTAGTCT-1",0
"CATCAGACAAGCCATT-1",3.87426407816625
"CATCAGACAATGACCT-1",0
"CATCAGACACGGCCAT-1",1.82023447116132
"CATCAGACAGACAGGT-1",1.46275760086849
"CATCAGACATAACCTG-1",2.03804222210607
"CATCAGAGTAATTGGA-1",0
"CATCAGAGTACATGTC-1",1.81075940747296
"CATCAGAGTGTTAAGA-1",0
"CATCAGAGTTCAACCA-1",0
"CATCAGATCGTTGACA-1",0
"CATCCACGTAAAGTCA-1",0
"CATCCACGTACCGTAT-1",0
"CATCCACGTGCCTGTG-1",0
"CATCCACGTTTAAGCC-1",0
"CATCGAAAGAGTACAT-1",0
"CATCGAAAGCTGTCTA-1",0
"CATCGAACAAGAGGCT-1",1.70556675785926
"CATCGAACAAGCTGAG-1",0
"CATCGAACACATTTCT-1",8.33218317195699
"CATCGAACATAAAGGT-1",0
"CATCGAAGTAGTACCT-1",4.52434589865668
"CATCGAAGTCCGACGT-1",0
"CATCGAAGTGCACTTA-1",1.84717530836962
"CATCGAATCAAACCAC-1",1.89313574700399
"CATCGAATCCGCGGTA-1",0
"CATCGAATCCGTAGTA-1",4.31518764661729
"CATCGGGAGAAGCCCA-1",0
"CATCGGGAGCGAGAAA-1",0
"CATCGGGAGGGTGTGT-1",6.28233624242301
"CATCGGGAGGTGTTAA-1",1.56999486775314
"CATCGGGAGTGACTCT-1",1.81893505460702
"CATCGGGCACTCAGGC-1",0
"CATCGGGCAGACGCTC-1",1.83424236669401
"CATCGGGCATCACAAC-1",0
"CATCGGGGTCCTCTTG-1",5.53540776013965
"CATCGGGGTGAGGGAG-1",5.26645756163661
"CATCGGGGTTCGAATC-1",0
"CATCGGGTCAGGATCT-1",3.64810248399347
"CATCGGGTCCACGAAT-1",2.11938402866758
"CATCGGGTCGATGAGG-1",0
"CATGACAAGACCACGA-1",0
"CATGACAAGCTCCTCT-1",0
"CATGACAAGTAACCCT-1",1.70335857875318
"CATGACAAGTATCTCG-1",0
"CATGACAGTCGTCTTC-1",0
"CATGACAGTGAACCTT-1",0
"CATGACATCAATAAGG-1",2.1958036179497
"CATGACATCTAACTGG-1",0
"CATGCCTAGACCTAGG-1",5.80329145105514
"CATGCCTAGAGTCTGG-1",2.35191829274565
"CATGCCTCACCACCAG-1",0
"CATGCCTGTCAAAGCG-1",3.54612529569794
"CATGCCTGTCGATTGT-1",1.71633991396968
"CATGCCTTCCACGACG-1",3.09138523229896
"CATGCCTTCCTCATTA-1",0
"CATGCCTTCGCATGAT-1",0
"CATGGCGAGAGCTGGT-1",0
"CATGGCGAGTACGACG-1",1.93299358606497
"CATGGCGTCCAAAGTC-1",0
"CATGGCGTCCCTTGTG-1",1.90862732886202
"CATGGCGTCGGCCGAT-1",6.3985710927913
"CATGGCGTCTCAAACG-1",1.86493826954485
"CATGGCGTCTGCCCTA-1",0
"CATTATCAGACCCACC-1",1.9734956971021
"CATTATCAGTCCCACG-1",6.3762450603403
"CATTATCCAAGTCTGT-1",5.53540776013965
"CATTATCCAGGGCATA-1",0
"CATTATCGTCAATGTC-1",0
"CATTATCTCACAAACC-1",1.89313574700399
"CATTATCTCAGATAAG-1",0
"CATTATCTCGCGTTTC-1",2.35191829274565
"CATTATCTCGTTGCCT-1",0
"CATTATCTCTATCCCG-1",0
"CATTATCTCTTAACCT-1",1.86493826954485
"CATTCGCAGGTGCTAG-1",0
"CATTCGCCAAGGGTCA-1",1.70335857875318
"CATTCGCCAGCCTATA-1",0
"CATTCGCCATACAGCT-1",0
"CATTCGCCATGGATGG-1",1.63023814234886
"CATTCGCCATGTCTCC-1",1.66304149031435
"CATTCGCCATTCACTT-1",0
"CATTCGCGTAGCACGA-1",1.90862732886202
"CATTCGCTCATCACCC-1",8.77943613055402
"CCAATCCAGACCACGA-1",3.90648928316707
"CCAATCCAGATATGGT-1",1.70335857875318
"CCAATCCAGTCGAGTG-1",0
"CCAATCCAGTCGTTTG-1",7.82001683544658
"CCAATCCAGTTTAGGA-1",0
"CCAATCCCAAGCGAGT-1",3.60437978764042
"CCAATCCTCGGACAAG-1",3.39327044507812
"CCACCTAAGGATGGTC-1",0
"CCACCTAAGTCGAGTG-1",0
"CCACCTAAGTGGGATC-1",5.49373850157033
"CCACCTAAGTGTGGCA-1",1.82023447116132
"CCACCTACAACAACCT-1",1.74734361007703
"CCACCTACAAGCCGCT-1",0
"CCACCTACAATCTACG-1",3.39542580948379
"CCACCTAGTAGTACCT-1",1.86493826954485
"CCACCTAGTCGCGTGT-1",0
"CCACCTAGTGGGTCAA-1",0
"CCACCTATCAGTTGAC-1",3.79033555161902
"CCACCTATCTGATACG-1",0
"CCACGGAAGGGAACGG-1",0
"CCACGGACATGTCGAT-1",0
"CCACGGAGTAAGGGCT-1",1.91156841590416
"CCACGGAGTCAGATAA-1",3.54612529569794
"CCACGGAGTCCGTGAC-1",0
"CCACGGAGTGTAATGA-1",0
"CCACGGAGTTCTGAAC-1",1.46275760086849
"CCACGGATCACATAGC-1",1.99240137735663
"CCACGGATCCACGTGG-1",8.33218317195699
"CCACGGATCTACTATC-1",0
"CCACGGATCTAGAGTC-1",1.63023814234886
"CCACTACAGAGTACCG-1",0
"CCACTACAGCTTTGGT-1",0
"CCACTACCAGCAGTTT-1",0
"CCACTACCAGTAGAGC-1",0
"CCACTACGTCCGAATT-1",3.60437978764042
"CCACTACGTCTCAACA-1",0
"CCACTACGTGACAAAT-1",0
"CCACTACGTGACCAAG-1",1.82023447116132
"CCACTACGTGCACGAA-1",0
"CCACTACTCACTCTTA-1",0
"CCACTACTCCGCATCT-1",7.2638317621912
"CCACTACTCGGAAATA-1",0
"CCACTACTCTCGTATT-1",0
"CCACTACTCTCGTTTA-1",0
"CCAGCGAAGCCCAACC-1",0
"CCAGCGACATCGGGTC-1",0
"CCAGCGACATGTCCTC-1",5.2326444072636
"CCAGCGAGTAGGCATG-1",0
"CCAGCGAGTCCGTTAA-1",5.36009005114865
"CCAGCGATCAGAAATG-1",0
"CCATGTCAGCGATCCC-1",0
"CCATGTCAGGTCGGAT-1",0
"CCATGTCAGGTTACCT-1",0
"CCATGTCCAAGCTGGA-1",3.60437978764042
"CCATGTCCACATCCGG-1",3.81313250828225
"CCATGTCGTCCAGTAT-1",0
"CCATGTCTCCAAGTAC-1",4.06787960443075
"CCATGTCTCTTGTATC-1",1.67281284037323
"CCATTCGCAGTACACT-1",0
"CCATTCGCAGTTTACG-1",0
"CCATTCGGTAATCGTC-1",0
"CCATTCGGTATTACCG-1",0
"CCCAATCAGTCACGCC-1",2.01911794411343
"CCCAATCCAGGTGGAT-1",0
"CCCAATCGTGAAGGCT-1",3.09138523229896
"CCCAATCGTTGGAGGT-1",5.25871480499363
"CCCAATCTCACATGCA-1",0
"CCCAATCTCCAGTATG-1",5.49373850157033
"CCCAATCTCGGAGCAA-1",0
"CCCAGTTAGAATAGGG-1",0
"CCCAGTTAGATCCCGC-1",1.67281284037323
"CCCAGTTAGCGTGAAC-1",1.70335857875318
"CCCAGTTAGGAATCGC-1",4.52434589865668
"CCCAGTTAGTCCGGTC-1",2.85306248727397
"CCCAGTTAGTTTGCGT-1",0
"CCCAGTTGTACATGTC-1",0
"CCCAGTTGTCTGCAAT-1",0
"CCCAGTTTCTGAAAGA-1",0
"CCCATACAGGGTTCCC-1",0
"CCCATACAGTGTTTGC-1",3.39542580948379
"CCCATACCAAAGGTGC-1",0
"CCCATACCAACACCCG-1",0
"CCCATACCAGCAGTTT-1",0
"CCCATACGTATTACCG-1",0
"CCCATACGTCAATACC-1",0
"CCCATACGTCTAGTCA-1",0
"CCCATACGTTGAGTTC-1",2.44175376666954
"CCCATACTCAATAAGG-1",0
"CCCATACTCAGCGACC-1",6.92638776631067
"CCCATACTCATCACCC-1",0
"CCCATACTCCGTAGGC-1",0
"CCCTCCTAGGAATCGC-1",0
"CCCTCCTCAGCTTAAC-1",1.58063191318502
"CCCTCCTCATATGAGA-1",0
"CCCTCCTCATCACGTA-1",1.44714843721857
"CCCTCCTGTATGGTTC-1",0
"CCCTCCTGTTAGATGA-1",8.07093848834988
"CCCTCCTTCAATCACG-1",0
"CCCTCCTTCCGCAGTG-1",7.2638317621912
"CCGGGATAGCTTCGCG-1",0
"CCGGGATAGGCGACAT-1",0
"CCGGGATAGGCTAGGT-1",3.10736129227605
"CCGGGATCACAGTCGC-1",2.06162254239992
"CCGGGATGTATAGGTA-1",0
"CCGGGATTCAGAGCTT-1",0
"CCGGGATTCGCTAGCG-1",0
"CCGGGATTCGCTTGTC-1",1.83734307652052
"CCGGTAGAGCGTCTAT-1",0
"CCGGTAGAGTACGCCC-1",5.31256475254843
"CCGGTAGCACATAACC-1",1.80098540064175
"CCGGTAGCACGCATCG-1",0
"CCGGTAGGTACTTCTT-1",0
"CCGGTAGGTCAAACTC-1",0
"CCGGTAGTCGTCCGTT-1",3.10736129227605
"CCGTACTAGAGAACAG-1",10.2679196386471
"CCGTACTAGTCCGTAT-1",0
"CCGTACTCAAGCCCAC-1",0
"CCGTACTCAAGCGAGT-1",0
"CCGTACTCATCCCACT-1",0
"CCGTACTGTACAGCAG-1",3.37694194319434
"CCGTACTGTGCGGTAA-1",1.95661467116005
"CCGTACTTCGTTACAG-1",0
"CCGTGGAAGACGCACA-1",0
"CCGTGGAAGAGTTGGC-1",3.93971630527412
"CCGTGGAAGGTGATAT-1",0
"CCGTGGAAGGTTCCTA-1",0
"CCGTGGACAGCCTTGG-1",2.00508635684779
"CCGTGGAGTTCCATGA-1",0
"CCGTGGATCTAACTTC-1",0
"CCGTTCAAGCGTAATA-1",3.27737292679449
"CCGTTCAAGTACGATA-1",0
"CCGTTCAAGTAGATGT-1",1.73724132094828
"CCGTTCACAGGATCGA-1",0
"CCGTTCAGTATAGGGC-1",2.76268361299861
"CCGTTCAGTCGCGAAA-1",0
"CCGTTCATCGTACCGG-1",4.00819084941725
"CCTAAAGAGAGTTGGC-1",0
"CCTAAAGCAAACCTAC-1",0
"CCTAAAGCATGTCTCC-1",0
"CCTAAAGGTACTCAAC-1",0
"CCTAAAGGTCGGCACT-1",0
"CCTAAAGGTGTAATGA-1",0
"CCTAAAGTCACCGTAA-1",0
"CCTAAAGTCAGCGATT-1",3.10736129227605
"CCTAAAGTCGGCGCTA-1",0
"CCTAAAGTCGGTCCGA-1",1.81075940747296
"CCTACACAGGACCACA-1",0
"CCTACACAGGGTGTTG-1",1.67281284037323
"CCTACACCAGTAAGAT-1",0
"CCTACACGTATAGTAG-1",10.4987283463413
"CCTACACGTCCGAACC-1",1.3821090037397
"CCTACACGTGGGTCAA-1",3.87426407816625
"CCTACACGTTTGACTG-1",1.75244973605793
"CCTACACTCGGCGCTA-1",0
"CCTACACTCGTGACAT-1",0
"CCTACCAAGATAGGAG-1",0
"CCTACCAAGCAAATCA-1",4.88879024820053
"CCTACCAAGCGTAGTG-1",0
"CCTACCAAGTGCGATG-1",0
"CCTACCAGTATCAGTC-1",1.83424236669401
"CCTACCAGTCTCTCTG-1",0
"CCTACCAGTCTTTCAT-1",0
"CCTACCATCAGCACAT-1",0
"CCTACCATCGCCAGCA-1",1.9734956971021
"CCTAGCTAGCAAATCA-1",2.11938402866758
"CCTAGCTAGCTCCTCT-1",3.60437978764042
"CCTAGCTAGGTTACCT-1",2.03804222210607
"CCTAGCTAGTACGCGA-1",1.74734361007703
"CCTAGCTCAATGAATG-1",3.87426407816625
"CCTAGCTCAATGGTCT-1",0
"CCTAGCTCACATCCAA-1",1.74734361007703
"CCTAGCTCAGCCAGAA-1",0
"CCTAGCTGTAGAAAGG-1",1.66304149031435
"CCTAGCTGTCACCCAG-1",1.99240137735663
"CCTAGCTGTCTGATTG-1",0
"CCTAGCTTCACGATGT-1",0
"CCTAGCTTCGTAGGAG-1",1.44714843721857
"CCTATTAAGAATTCCC-1",1.3821090037397
"CCTATTAAGCAGGCTA-1",0
"CCTATTAAGCAGGTCA-1",3.60437978764042
"CCTATTAAGGGAGTAA-1",0
"CCTATTAAGGTAGCCA-1",0
"CCTATTACACAACTGT-1",3.27737292679449
"CCTATTACACATCCGG-1",0
"CCTATTAGTCAATACC-1",0
"CCTATTATCATCACCC-1",0
"CCTATTATCTGCGACG-1",5.53540776013965
"CCTCAGTAGCTAACTC-1",6.3985710927913
"CCTCAGTCAGGTGGAT-1",0
"CCTCAGTGTCCATCCT-1",2.60094076279624
"CCTCAGTGTCCGACGT-1",0
"CCTCAGTGTCTTGTCC-1",3.27737292679449
"CCTCAGTGTGGGTATG-1",0
"CCTCTGAAGTATCGAA-1",0
"CCTCTGAAGTGGGTTG-1",2.03804222210607
"CCTCTGACAAGCTGTT-1",0
"CCTCTGACACCGATAT-1",0
"CCTCTGACAGATGAGC-1",0
"CCTCTGAGTCAATACC-1",0
"CCTCTGAGTCCGAACC-1",0
"CCTCTGAGTCGTGGCT-1",0
"CCTCTGAGTCTGATTG-1",0
"CCTTACGCAAGCGTAG-1",1.70335857875318
"CCTTACGCACCAACCG-1",0
"CCTTACGGTCATCCCT-1",0
"CCTTACGGTCCTCTTG-1",0
"CCTTACGTCACAACGT-1",0
"CCTTACGTCATCTGCC-1",0
"CCTTACGTCGGAGGTA-1",0
"CCTTCCCAGAGACTAT-1",0
"CCTTCCCAGCTAGGCA-1",2.35191829274565
"CCTTCCCAGGACGAAA-1",4.88879024820053
"CCTTCCCAGGGCATGT-1",1.9365404041865
"CCTTCCCAGGTACTCT-1",0
"CCTTCCCCATGATCCA-1",0
"CCTTCCCTCAAGGCTT-1",0
"CCTTCCCTCTATCCTA-1",3.41766357996542
"CCTTCCCTCTATCGCC-1",0
"CCTTCGAAGGCGCTCT-1",8.45077396098498
"CCTTCGACAACACCCG-1",0
"CCTTCGACAGCGATCC-1",3.60437978764042
"CCTTCGAGTAAGCACG-1",0
"CCTTCGAGTCCATGAT-1",3.27737292679449
"CCTTCGAGTGTGACCC-1",1.46275760086849
"CCTTCGAGTTGGTGGA-1",0
"CCTTCGATCACAGTAC-1",0
"CCTTCGATCCTATGTT-1",0
"CCTTCGATCGCACTCT-1",0
"CCTTTCTAGACGCTTT-1",0
"CCTTTCTAGGGCACTA-1",0
"CCTTTCTAGTGGAGTC-1",5.42210631540801
"CCTTTCTCAGACAAGC-1",0
"CCTTTCTCATCACGAT-1",3.87426407816625
"CCTTTCTCATGCCCGA-1",0
"CCTTTCTTCCCACTTG-1",1.79426385320667
"CCTTTCTTCTTTACGT-1",0
"CGAACATCACATGACT-1",0
"CGAACATCACTTGGAT-1",0
"CGAACATCAGTCCTTC-1",0
"CGAACATGTCTGATTG-1",0
"CGAACATGTGCTGTAT-1",1.81893505460702
"CGAACATTCTCAAACG-1",1.71633991396968
"CGAATGTAGAGGTTAT-1",6.3985710927913
"CGAATGTAGCGATAGC-1",1.95661467116005
"CGAATGTAGTTCGCAT-1",0
"CGAATGTCAATGCCAT-1",6.3762450603403
"CGAATGTGTCTAGTCA-1",1.81893505460702
"CGAATGTGTCTCACCT-1",0
"CGAATGTTCAACACAC-1",0
"CGAATGTTCATCACCC-1",6.28233624242301
"CGAATGTTCTGTACGA-1",1.9734956971021
"CGACCTTAGCTACCGC-1",1.75244973605793
"CGACCTTAGCTAGTCT-1",6.16008663077252
"CGACCTTCAAAGTGCG-1",0
"CGACCTTCACGAAATA-1",0
"CGACCTTGTAAGTGTA-1",0
"CGACCTTGTCAGAATA-1",10.2679196386471
"CGACCTTGTCTCCCTA-1",0
"CGACCTTGTCTCTTAT-1",0
"CGACCTTTCCGCGTTT-1",0
"CGACCTTTCGTTTATC-1",0
"CGACCTTTCTCCAGGG-1",0
"CGACTTCAGACACGAC-1",0
"CGACTTCAGGTAGCCA-1",0
"CGACTTCAGTCTTGCA-1",2.01911794411343
"CGACTTCCAATGGACG-1",3.60437978764042
"CGACTTCGTGGTGTAG-1",1.3821090037397
"CGACTTCGTTGAGTTC-1",0
"CGACTTCTCACTTACT-1",0
"CGACTTCTCTCGCTTG-1",0
"CGAGAAGAGAAACGCC-1",4.43470228990267
"CGAGAAGAGCCAACAG-1",1.56250123311979
"CGAGAAGAGCGTGTCC-1",0
"CGAGAAGCAAGTTCTG-1",3.09138523229896
"CGAGAAGCACATCCGG-1",0
"CGAGAAGCAGGCTGAA-1",0
"CGAGAAGTCGGATGGA-1",0
"CGAGCACAGCCAGAAC-1",8.77943613055402
"CGAGCACCACATGTGT-1",1.70335857875318
"CGAGCACGTAGCGTCC-1",3.54612529569794
"CGAGCACGTAGCGTGA-1",0
"CGAGCACGTCAGATAA-1",0
"CGAGCACGTGCCTTGG-1",0
"CGAGCACTCCCGGATG-1",1.89313574700399
"CGAGCACTCCGCTGTT-1",0
"CGAGCACTCGTGACAT-1",1.74734361007703
"CGAGCCAAGCTAGCCC-1",4.06787960443075
"CGAGCCAGTATATCCG-1",0
"CGAGCCAGTCAAGCGA-1",3.54612529569794
"CGATCGGAGAGCCTAG-1",0
"CGATCGGAGTACGATA-1",0
"CGATCGGCAAACGCGA-1",5.36362543625173
"CGATCGGCAAGCGATG-1",0
"CGATCGGCAATACGCT-1",1.83380048909946
"CGATCGGCAGTTAACC-1",0
"CGATCGGCATACTCTT-1",4.88879024820053
"CGATCGGGTCGACTGC-1",1.44714843721857
"CGATCGGTCAACGGGA-1",0
"CGATCGGTCTAGCACA-1",0
"CGATGGCAGCCGTCGT-1",0
"CGATGGCAGTCCAGGA-1",5.41187654410084
"CGATGGCCACTTAACG-1",0
"CGATGGCCAGCGTAAG-1",0
"CGATGGCCATCATCCC-1",0
"CGATGGCTCCTAGAAC-1",0
"CGATGGCTCGCTAGCG-1",1.62138413570584
"CGATGGCTCTGACCTC-1",0
"CGATGTAAGGCAATTA-1",0
"CGATGTAAGTTTGCGT-1",0
"CGATGTACACAGGCCT-1",0
"CGATGTACAGGTCTCG-1",0
"CGATGTAGTCCAGTGC-1",1.90618529968292
"CGATGTAGTCTAGGTT-1",7.08650479326866
"CGATGTAGTGTGCCTG-1",0
"CGATGTAGTTTGCATG-1",1.71746397656373
"CGATTGAAGATGTGGC-1",8.33218317195699
"CGATTGACAGACGCAA-1",0
"CGATTGAGTATGGTTC-1",2.60094076279624
"CGATTGAGTTCAGACT-1",1.82023447116132
"CGATTGATCATGGTCA-1",2.11938402866758
"CGATTGATCTGCGGCA-1",0
"CGCCAAGAGAATGTTG-1",1.89313574700399
"CGCCAAGAGACCTTTG-1",0
"CGCCAAGAGATCGGGT-1",0
"CGCCAAGAGATCTGAA-1",0
"CGCCAAGAGCGTGTCC-1",0
"CGCCAAGGTCTAGGTT-1",0
"CGCCAAGTCAGGATCT-1",2.60094076279624
"CGCCAAGTCCACTCCA-1",0
"CGCCAAGTCTTGTTTG-1",0
"CGCGGTAAGCTAGCCC-1",5.26948661969931
"CGCGGTAAGGGTTCCC-1",2.1958036179497
"CGCGGTACAAACTGCT-1",0
"CGCGGTACAATGGAAT-1",1.58063191318502
"CGCGGTACAGCTGTTA-1",3.39327044507812
"CGCGGTAGTCAAGCGA-1",0
"CGCGGTAGTGAGGCTA-1",3.83662467176104
"CGCGGTAGTTTGCATG-1",7.82001683544658
"CGCGTTTAGTTATCGC-1",0
"CGCGTTTCAACAACCT-1",0
"CGCGTTTCAAGCGAGT-1",0
"CGCGTTTCAATGGACG-1",5.80329145105514
"CGCGTTTCACGGTGTC-1",3.37694194319434
"CGCGTTTGTGCTGTAT-1",0
"CGCGTTTGTGGACGAT-1",0
"CGCGTTTTCAAACCGT-1",0
"CGCGTTTTCAGCCTAA-1",5.64146959877617
"CGCGTTTTCCTATGTT-1",0
"CGCGTTTTCGTGGTCG-1",0
"CGCTATCAGAAACCGC-1",2.07917908596773
"CGCTATCAGTCATCCA-1",0
"CGCTATCCAAGCGAGT-1",0
"CGCTATCCAGTCGATT-1",0
"CGCTATCCATCGACGC-1",0
"CGCTATCCATTTCAGG-1",0
"CGCTATCGTACCGAGA-1",1.44714843721857
"CGCTATCGTTCGAATC-1",0
"CGCTATCGTTTCGCTC-1",1.70335857875318
"CGCTATCTCGTTACAG-1",0
"CGCTGGAAGGACATTA-1",1.91156841590416
"CGCTGGAAGGGCACTA-1",0
"CGCTGGAAGGTGATAT-1",5.80329145105514
"CGCTGGACAGACTCGC-1",0
"CGCTGGAGTGTAATGA-1",1.75244973605793
"CGCTGGAGTTCTGGTA-1",0
"CGCTGGATCCGAAGAG-1",3.96376617829067
"CGCTGGATCCGTTGCT-1",1.75244973605793
"CGCTGGATCGTAGGAG-1",0
"CGCTGGATCGTTACAG-1",0
"CGCTTCAAGAAGGGTA-1",1.45490401742683
"CGCTTCAAGGTCGGAT-1",1.99294852323313
"CGCTTCACACGGTGTC-1",3.95766928064634
"CGCTTCACAGACAAGC-1",0
"CGCTTCACATCACCCT-1",0
"CGCTTCAGTCGCGGTT-1",0
"CGCTTCATCTTAGAGC-1",5.00033136477356
"CGGACACAGCGATATA-1",0
"CGGACACAGCGATGAC-1",0
"CGGACACAGCTTCGCG-1",0
"CGGACACAGGTAAACT-1",2.07917908596773
"CGGACACAGTAGCCGA-1",2.07917908596773
"CGGACACCACAGGAGT-1",0
"CGGACACCATTCACTT-1",8.82812365613486
"CGGACACGTGAGCGAT-1",1.94676778204099
"CGGACACGTGCTCTTC-1",0
"CGGACACGTGTGACCC-1",0
"CGGACGTAGGTTACCT-1",0
"CGGACGTCATGGGACA-1",0
"CGGACGTGTGAAAGAG-1",1.92595008179954
"CGGACGTGTTGGTAAA-1",0
"CGGACGTTCATGTGGT-1",1.82023447116132
"CGGACGTTCTGTCCGT-1",0
"CGGACTGAGGAGCGAG-1",2.60094076279624
"CGGACTGAGGAGTCTG-1",0
"CGGACTGAGTGGTAGC-1",0
"CGGACTGCAACTTGAC-1",0
"CGGACTGCAATGACCT-1",1.74734361007703
"CGGACTGCACAACGTT-1",1.80098540064175
"CGGACTGCACGCCAGT-1",0
"CGGACTGCAGTATGCT-1",0
"CGGACTGGTAAAGGAG-1",5.80329145105514
"CGGACTGGTATAAACG-1",1.77325184657207
"CGGACTGGTGTAAGTA-1",1.70335857875318
"CGGACTGGTGTGGTTT-1",3.40684727824273
"CGGACTGGTTGACGTT-1",0
"CGGACTGTCCATGCTC-1",0
"CGGACTGTCCGTCAAA-1",0
"CGGACTGTCGTTTGCC-1",6.92638776631067
"CGGAGCTAGTTTAGGA-1",0
"CGGAGCTGTAGAAAGG-1",0
"CGGAGCTTCACTTATC-1",0
"CGGAGCTTCATGTAGC-1",3.58114409917649
"CGGAGCTTCCACGAAT-1",3.65370952194366
"CGGAGTCAGTGCGATG-1",0
"CGGAGTCAGTGTGAAT-1",0
"CGGAGTCCAGTGGGAT-1",0
"CGGAGTCCATTATCTC-1",0
"CGGAGTCGTAGCTGCC-1",2.07917908596773
"CGGAGTCGTGTTCGAT-1",1.73724132094828
"CGGAGTCTCCCAGGTG-1",0
"CGGAGTCTCCGTAGTA-1",5.49373850157033
"CGGCTAGAGAAACGCC-1",1.74734361007703
"CGGCTAGAGCACCGTC-1",0
"CGGCTAGAGCTAAACA-1",4.32309286571718
"CGGCTAGCAGACAAAT-1",0
"CGGCTAGGTAACGCGA-1",1.93704846870536
"CGGCTAGGTTCATGGT-1",0
"CGGCTAGTCAAAGACA-1",6.16008663077252
"CGGCTAGTCGTGGGAA-1",0
"CGGCTAGTCTTGTTTG-1",0
"CGGGTCAAGAGTCGGT-1",0
"CGGGTCAAGCACACAG-1",0
"CGGGTCAAGCTAACTC-1",0
"CGGGTCAAGGACACCA-1",0
"CGGGTCAAGTATGACA-1",4.88879024820053
"CGGGTCACAATGACCT-1",0
"CGGGTCACACCGAAAG-1",7.2638317621912
"CGGGTCACAGCCACCA-1",0
"CGGGTCACATACAGCT-1",1.89313574700399
"CGGGTCACATCCTTGC-1",1.74734361007703
"CGGGTCAGTAGCGCTC-1",0
"CGGGTCAGTCGATTGT-1",1.81075940747296
"CGGGTCAGTGCAACTT-1",0
"CGGGTCAGTTGTTTGG-1",0
"CGGGTCATCAACACCA-1",0
"CGGGTCATCACCTTAT-1",1.66304149031435
"CGGGTCATCCACGACG-1",0
"CGGTTAACAGGACCCT-1",0
"CGGTTAACATGTCCTC-1",0
"CGGTTAACATTCCTGC-1",0
"CGGTTAAGTCGACTGC-1",0
"CGGTTAATCCGGCACA-1",0
"CGGTTAATCCTTTCGG-1",3.39542580948379
"CGGTTAATCTTATCTG-1",1.70335857875318
"CGTAGCGAGATGTAAC-1",0
"CGTAGCGAGGCAATTA-1",4.52434589865668
"CGTAGCGCAAGCGCTC-1",0
"CGTAGCGTCCAACCAA-1",5.1800991248148
"CGTAGCGTCGGCGGTT-1",0
"CGTAGGCAGGGCTCTC-1",1.79929908775394
"CGTAGGCCAAGCGATG-1",0
"CGTAGGCCACTAAGTC-1",3.45361824924823
"CGTAGGCCAGAGTGTG-1",2.22766170952208
"CGTAGGCCATCCCATC-1",0
"CGTAGGCGTATTAGCC-1",3.28856825862494
"CGTAGGCGTCAATACC-1",0
"CGTAGGCGTGGCGAAT-1",1.58339518249613
"CGTAGGCTCCAGAAGG-1",0
"CGTCACTAGTCATGCT-1",5.31256475254843
"CGTCACTCAAAGCGGT-1",2.01911794411343
"CGTCACTCAGGTCCAC-1",0
"CGTCACTCAGTCACTA-1",1.46275760086849
"CGTCACTTCCTTGACC-1",0
"CGTCACTTCGGTGTTA-1",0
"CGTCACTTCTGTGCAA-1",0
"CGTCACTTCTTGAGAC-1",3.76718930025918
"CGTCAGGAGCTGTTCA-1",1.46275760086849
"CGTCAGGCAAAGCAAT-1",0
"CGTCAGGCAAAGCGGT-1",0
"CGTCAGGCAACACGCC-1",4.06787960443075
"CGTCAGGCATCCGCGA-1",3.10736129227605
"CGTCAGGGTCAGCTAT-1",3.39542580948379
"CGTCAGGGTCGTTGTA-1",0
"CGTCAGGGTGTAAGTA-1",5.49373850157033
"CGTCAGGTCCACTGGG-1",0
"CGTCAGGTCGACAGCC-1",0
"CGTCAGGTCGGGAGTA-1",0
"CGTCCATAGACCACGA-1",0
"CGTCCATAGCGATTCT-1",0
"CGTCCATAGGCTATCT-1",0
"CGTCCATAGTCTCAAC-1",0
"CGTCCATCACGACTCG-1",4.06787960443075
"CGTCCATCATTCACTT-1",0
"CGTCCATGTCTAGCGC-1",0
"CGTCCATGTGATAAAC-1",0
"CGTCCATGTTTGGGCC-1",3.39542580948379
"CGTCCATGTTTGTGTG-1",0
"CGTCCATTCAACACCA-1",0
"CGTCCATTCATTCACT-1",0
"CGTCTACAGTGCGTGA-1",8.11393137827377
"CGTCTACGTAGTAGTA-1",0
"CGTCTACTCGAGCCCA-1",1.81075940747296
"CGTCTACTCGCCATAA-1",3.58240224610858
"CGTCTACTCGGCCGAT-1",0
"CGTCTACTCGTCCAGG-1",0
"CGTGAGCAGATCTGAA-1",0
"CGTGAGCAGCAATCTC-1",0
"CGTGAGCAGCGGATCA-1",0
"CGTGAGCAGCTAGTGG-1",0
"CGTGAGCAGCTTCGCG-1",3.41766357996542
"CGTGAGCAGGGCACTA-1",2.5775959831465
"CGTGAGCAGGGTGTGT-1",1.95661467116005
"CGTGAGCAGTGGAGAA-1",0
"CGTGAGCCAAGCCGCT-1",0
"CGTGAGCCACGTAAGG-1",0
"CGTGAGCCATACGCCG-1",0
"CGTGAGCGTAGATTAG-1",0
"CGTGAGCGTCTCTTAT-1",0
"CGTGAGCTCACAAACC-1",0
"CGTGAGCTCCAAATGC-1",5.49373850157033
"CGTGAGCTCCGAGCCA-1",0
"CGTGAGCTCGTTGCCT-1",0
"CGTGAGCTCTGGGCCA-1",0
"CGTGTAAAGATAGTCA-1",0
"CGTGTAAAGGTGTTAA-1",0
"CGTGTAAAGTACATGA-1",1.9734956971021
"CGTGTAACATGGGACA-1",0
"CGTGTAAGTGTCTGAT-1",0
"CGTGTAATCTACTATC-1",2.11938402866758
"CGTGTAATCTCGATGA-1",0
"CGTGTAATCTTTAGTC-1",0
"CGTGTCTAGGCGCTCT-1",0
"CGTGTCTAGGGATGGG-1",0
"CGTGTCTCAGACAAAT-1",0
"CGTGTCTCAGACACTT-1",0
"CGTGTCTGTAAGAGGA-1",0
"CGTGTCTGTATATGAG-1",0
"CGTGTCTGTCAAAGCG-1",0
"CGTGTCTGTTCCGTCT-1",1.82023447116132
"CGTGTCTTCAATCACG-1",0
"CGTGTCTTCAGAGGTG-1",3.65370952194366
"CGTGTCTTCATAGCAC-1",0
"CGTGTCTTCCGAACGC-1",0
"CGTGTCTTCGGCATCG-1",0
"CGTGTCTTCGTGGACC-1",5.41187654410084
"CGTGTCTTCTACTTAC-1",0
"CGTGTCTTCTGAGTGT-1",1.70335857875318
"CGTTAGAAGATCTGAA-1",2.03804222210607
"CGTTAGAAGGCCCTTG-1",0
"CGTTAGACACGAAAGC-1",10.2679196386471
"CGTTAGACAGCTTCGG-1",3.54612529569794
"CGTTAGAGTTTAAGCC-1",0
"CGTTAGATCACTTATC-1",3.37694194319434
"CGTTAGATCAGCCTAA-1",0
"CGTTCTGAGAAGGGTA-1",1.90862732886202
"CGTTCTGAGTGAACAT-1",1.73724132094828
"CGTTCTGCAGCTCGCA-1",0
"CGTTCTGCATTGGCGC-1",2.01911794411343
"CGTTCTGGTGAGGGTT-1",0
"CGTTCTGTCTGATTCT-1",0
"CGTTGGGAGCTAGTTC-1",2.60094076279624
"CGTTGGGAGGATGCGT-1",2.35191829274565
"CGTTGGGCACATTAGC-1",0
"CGTTGGGCAGACAGGT-1",0
"CGTTGGGGTTCCCGAG-1",0
"CGTTGGGTCATGCTCC-1",0
"CGTTGGGTCCATGAAC-1",0
"CGTTGGGTCTACCAGA-1",0
"CTAACTTAGTCCTCCT-1",6.93834789325933
"CTAACTTCAATAGCAA-1",1.77325184657207
"CTAACTTCAATCGGTT-1",0
"CTAACTTGTGAGGCTA-1",0
"CTAACTTTCGTACGGC-1",0
"CTAACTTTCTGGCGTG-1",0
"CTAAGACAGGGAAACA-1",0
"CTAAGACAGTACATGA-1",0
"CTAAGACAGTTCGCGC-1",0
"CTAAGACCAAGTAATG-1",1.9734956971021
"CTAAGACCAGTAAGAT-1",3.81313250828225
"CTAAGACCATGCAATC-1",0
"CTAAGACGTAAGGATT-1",0
"CTAAGACGTATCAGTC-1",0
"CTAAGACGTCACCTAA-1",0
"CTAAGACTCGTTGCCT-1",0
"CTAAGACTCTTACCGC-1",2.09651480349671
"CTAAGACTCTTGAGGT-1",0
"CTAATGGAGCAATCTC-1",0
"CTAATGGAGCGCTCCA-1",0
"CTAATGGAGCTCCCAG-1",0
"CTAATGGAGCTGAAAT-1",0
"CTAATGGAGTTAGGTA-1",6.16008663077252
"CTAATGGCATGGAATA-1",0
"CTAATGGGTACCGCTG-1",3.27737292679449
"CTAATGGGTCTAGCGC-1",1.79426385320667
"CTAATGGGTGAGGGAG-1",0
"CTAATGGGTTGGTGGA-1",6.3762450603403
"CTAATGGTCATGCTCC-1",0
"CTAATGGTCCACTGGG-1",0
"CTAATGGTCCGTTGCT-1",0
"CTAATGGTCCTAGAAC-1",0
"CTACACCAGTGCGATG-1",0
"CTACACCCACGGACAA-1",0
"CTACACCGTAATAGCA-1",0
"CTACACCGTCTGATTG-1",0
"CTACACCGTTCGTCTC-1",0
"CTACACCTCAGAAATG-1",0
"CTACACCTCGGCTTGG-1",1.6848688061171
"CTACACCTCGGTCCGA-1",0
"CTACACCTCTCGCATC-1",0
"CTACACCTCTCTGCTG-1",0
"CTACATTAGATCACGG-1",0
"CTACATTCACTCGACG-1",1.93704846870536
"CTACATTCATTTCACT-1",0
"CTACATTGTGATGATA-1",4.06787960443075
"CTACATTGTTCGAATC-1",4.06787960443075
"CTACATTTCAACGCTA-1",2.01911794411343
"CTACATTTCGCCATAA-1",0
"CTACATTTCTAGCACA-1",0
"CTACCCACACAGAGGT-1",0
"CTACCCACACGACGAA-1",0
"CTACCCACATGGTTGT-1",1.68989523212849
"CTACCCAGTATCTGCA-1",0
"CTACCCAGTATGAATG-1",0
"CTACCCAGTCAGAAGC-1",0
"CTACCCAGTGTGACCC-1",0
"CTACCCAGTTATGTGC-1",4.88879024820053
"CTACCCATCTACGAGT-1",6.98354704467056
"CTACGTCAGGTGCAAC-1",3.60437978764042
"CTACGTCAGTGCGATG-1",2.76268361299861
"CTACGTCAGTTGTCGT-1",0
"CTACGTCCATATACCG-1",0
"CTACGTCGTATATGGA-1",0
"CTACGTCGTGTGGTTT-1",0
"CTACGTCTCAAAGTAG-1",0
"CTACGTCTCACGACTA-1",1.3821090037397
"CTACGTCTCACGGTTA-1",8.07093848834988
"CTACGTCTCCTAGAAC-1",10.4987283463413
"CTAGAGTAGCTGTCTA-1",0
"CTAGAGTAGGATCGCA-1",3.45872721222635
"CTAGAGTAGTCCATAC-1",1.71633991396968
"CTAGAGTCACATTAGC-1",0
"CTAGAGTCAGTATGCT-1",0
"CTAGAGTCATACTCTT-1",0
"CTAGAGTCATGTAAGA-1",0
"CTAGAGTGTGACCAAG-1",0
"CTAGAGTTCAACACCA-1",0
"CTAGAGTTCCGTCAAA-1",0
"CTAGAGTTCCTAAGTG-1",1.58063191318502
"CTAGAGTTCGCCAGCA-1",0
"CTAGAGTTCGCTTAGA-1",0
"CTAGAGTTCGTGACAT-1",1.67281284037323
"CTAGAGTTCTGATTCT-1",0
"CTAGCCTCACCAGATT-1",1.9365404041865
"CTAGCCTGTATATCCG-1",2.76268361299861
"CTAGCCTGTGATGCCC-1",0
"CTAGCCTTCGGGAGTA-1",0
"CTAGTGAAGCTGGAAC-1",1.45490401742683
"CTAGTGAAGTGTACCT-1",0
"CTAGTGACAAGTCTAC-1",1.73724132094828
"CTAGTGACAGGATCGA-1",0
"CTAGTGAGTTATGCGT-1",2.01911794411343
"CTAGTGATCAGTTGAC-1",0
"CTAGTGATCCAGTAGT-1",0
"CTCACACAGCTAAGAT-1",0
"CTCACACAGCTGCCCA-1",0
"CTCACACAGGATGCGT-1",3.95766928064634
"CTCACACCACGTAAGG-1",2.5775959831465
"CTCACACCACTGTTAG-1",1.58339518249613
"CTCACACCATATACGC-1",0
"CTCACACGTGCTGTAT-1",0
"CTCACACGTTCCATGA-1",0
"CTCACACGTTTGGGCC-1",2.44175376666954
"CTCACACTCACCGGGT-1",0
"CTCACACTCATCGGAT-1",0
"CTCACACTCCGCGCAA-1",5.42094847108557
"CTCACACTCTAACCGA-1",0
"CTCAGAAAGAGCTGCA-1",10.2679196386471
"CTCAGAAAGGAGTAGA-1",0
"CTCAGAACAACGCACC-1",1.56999486775314
"CTCAGAACAAGCGATG-1",0
"CTCAGAACAGGGCATA-1",1.91156841590416
"CTCAGAAGTGACGGTA-1",1.82371106903466
"CTCAGAATCTTAACCT-1",1.71633991396968
"CTCATTAAGAACTGTA-1",3.45361824924823
"CTCATTACATGGTCAT-1",0
"CTCATTAGTGTAACGG-1",0
"CTCATTAGTTTACTCT-1",0
"CTCCTAGCAAGTACCT-1",0
"CTCCTAGCAATTCCTT-1",0
"CTCCTAGCACTGTCGG-1",1.73724132094828
"CTCCTAGCAGTCCTTC-1",0
"CTCCTAGCATAACCTG-1",0
"CTCCTAGCATGCGCAC-1",0
"CTCCTAGGTAGAAAGG-1",1.70335857875318
"CTCCTAGGTCCGAGTC-1",3.01448678407895
"CTCCTAGGTCTAGCCG-1",7.2638317621912
"CTCCTAGGTGTTTGTG-1",0
"CTCCTAGGTTCGTGAT-1",0
"CTCCTAGGTTGTTTGG-1",0
"CTCCTAGTCACTTACT-1",0
"CTCCTAGTCTCATTCA-1",3.87426407816625
"CTCGAAAAGCCCAACC-1",0
"CTCGAAAAGCTATGCT-1",0
"CTCGAAAAGGCCCTTG-1",0
"CTCGAAAAGGGCTTCC-1",1.58339518249613
"CTCGAAACAAGCCGTC-1",0
"CTCGAAACACATTAGC-1",0
"CTCGAAACACCGAAAG-1",1.67281284037323
"CTCGAAACACGGCTAC-1",0
"CTCGAAACAGTAAGAT-1",4.88879024820053
"CTCGAGGAGCCATCGC-1",1.90862732886202
"CTCGAGGAGGGCTTCC-1",1.82371106903466
"CTCGAGGCAGATAATG-1",0
"CTCGAGGGTATTCTCT-1",2.85306248727397
"CTCGAGGGTGCCTGGT-1",1.74734361007703
"CTCGGAGAGTCCCACG-1",3.62280722765408
"CTCGGAGCACTTCTGC-1",0
"CTCGGAGCAGCTGCAC-1",0
"CTCGGAGCAGGATCGA-1",0
"CTCGGAGGTAGCCTAT-1",1.86493826954485
"CTCGGAGGTCATGCCG-1",3.39327044507812
"CTCGGAGTCAAACGGG-1",0
"CTCGGAGTCACATACG-1",1.45490401742683
"CTCGGAGTCAGCTTAG-1",1.86493826954485
"CTCGGGAAGACCTAGG-1",0
"CTCGGGACACAGCCCA-1",0
"CTCGGGACATAAAGGT-1",1.82023447116132
"CTCGGGACATCCCACT-1",0
"CTCGGGACATGTCGAT-1",0
"CTCGGGAGTCGCGTGT-1",0
"CTCGGGAGTGACTACT-1",0
"CTCGGGAGTTACGACT-1",5.64146959877617
"CTCGGGATCCGTACAA-1",0
"CTCGGGATCCTTGACC-1",3.41766357996542
"CTCGGGATCTTGTTTG-1",0
"CTCGTACAGCGATAGC-1",0
"CTCGTACCAGCGTAAG-1",0
"CTCGTACCATAGTAAG-1",0
"CTCGTACGTAGAGTGC-1",0
"CTCGTACGTATCACCA-1",0
"CTCGTACGTGCAGTAG-1",6.3762450603403
"CTCGTACTCAAAGTAG-1",10.2679196386471
"CTCGTACTCAATCTCT-1",0
"CTCGTACTCGTTGCCT-1",3.95766928064634
"CTCGTACTCTGGTTCC-1",1.89313574700399
"CTCGTCAAGATGCCTT-1",1.44714843721857
"CTCGTCAAGTGGAGTC-1",0
"CTCGTCAAGTTTGCGT-1",0
"CTCGTCACAACGATCT-1",8.82812365613486
"CTCGTCACACATCCGG-1",2.22766170952208
"CTCGTCACAGTCGTGC-1",0
"CTCGTCAGTCTCATCC-1",0
"CTCGTCAGTCTCCATC-1",3.37694194319434
"CTCGTCAGTGAGCGAT-1",0
"CTCGTCAGTTGACGTT-1",0
"CTCGTCAGTTGGGACA-1",1.90862732886202
"CTCGTCATCACTTATC-1",0
"CTCGTCATCGACCAGC-1",0
"CTCGTCATCTGCTGTC-1",0
"CTCTAATCACCAGGTC-1",1.58063191318502
"CTCTAATCACGGTGTC-1",1.74734361007703
"CTCTAATCAGGAATCG-1",0
"CTCTAATGTCCAAGTT-1",0
"CTCTACGAGCTAAACA-1",2.60094076279624
"CTCTACGAGCTAGTGG-1",0
"CTCTACGAGTACGCCC-1",0
"CTCTACGAGTAGGCCA-1",0
"CTCTACGCAATAACGA-1",0
"CTCTACGCAGACGCTC-1",1.46275760086849
"CTCTACGCATGACATC-1",1.83380048909946
"CTCTACGTCATGTCTT-1",1.74734361007703
"CTCTACGTCCCTAATT-1",0
"CTCTACGTCGGCATCG-1",0
"CTCTACGTCGGTCTAA-1",0
"CTCTGGTAGCGTTCCG-1",0
"CTCTGGTAGGCATGGT-1",0
"CTCTGGTAGTGCCAGA-1",0
"CTCTGGTCACAAGCCC-1",0
"CTCTGGTCAGCCTTTC-1",3.27737292679449
"CTCTGGTTCATCTGTT-1",0
"CTCTGGTTCTTGTACT-1",1.81893505460702
"CTGAAACAGATCCCGC-1",0
"CTGAAACAGGTGCTAG-1",1.95661467116005
"CTGAAACAGTCCGTAT-1",2.07917908596773
"CTGAAACAGTGTCTCA-1",0
"CTGAAACGTCATCGGC-1",0
"CTGAAACGTTAAAGAC-1",0
"CTGAAACTCATACGGT-1",5.45098828804138
"CTGAAGTAGTGCGTGA-1",5.00033136477356
"CTGAAGTCAGCTGTAT-1",0
"CTGAAGTGTTAAAGTG-1",2.5775959831465
"CTGAAGTTCAAGCCTA-1",1.70335857875318
"CTGAAGTTCGGATGTT-1",0
"CTGATAGAGGGAGTAA-1",0
"CTGATAGAGTGCAAGC-1",0
"CTGATAGCAGCCTTTC-1",0
"CTGATAGCATCCCATC-1",0
"CTGATAGCATCTCCCA-1",4.37689507090044
"CTGATAGGTCAAAGCG-1",0
"CTGATAGGTCGCTTTC-1",1.58339518249613
"CTGATAGGTTACGACT-1",0
"CTGATAGTCGCGATCG-1",0
"CTGATCCAGGCATTGG-1",1.45490401742683
"CTGATCCAGGTGACCA-1",0
"CTGATCCCACAGAGGT-1",0
"CTGATCCCAGGCTGAA-1",0
"CTGATCCGTGCCTGGT-1",3.54750244389456
"CTGATCCGTTATCCGA-1",0
"CTGATCCGTTGTGGCC-1",0
"CTGCCTAAGGGTCTCC-1",0
"CTGCCTAAGGTGATAT-1",3.48271703289674
"CTGCCTAAGTACGCGA-1",3.87426407816625
"CTGCCTAAGTGCGTGA-1",0
"CTGCCTACATCCCACT-1",0
"CTGCCTATCAATAAGG-1",0
"CTGCGGAAGAAGGACA-1",0
"CTGCGGAAGAGCTGGT-1",8.07093848834988
"CTGCGGAAGATGAGAG-1",0
"CTGCGGACAGGTCGTC-1",5.41187654410084
"CTGCGGACATGTCTCC-1",0
"CTGCGGAGTCACTTCC-1",6.16008663077252
"CTGCGGAGTCGTGGCT-1",0
"CTGCGGAGTTCTGTTT-1",0
"CTGCGGAGTTGGACCC-1",0
"CTGCGGATCGCCTGTT-1",0
"CTGCGGATCTTACCGC-1",0
"CTGCTGTAGGGTGTTG-1",0
"CTGCTGTAGTACCGGA-1",0
"CTGCTGTAGTGGAGAA-1",6.98354704467056
"CTGCTGTCACATCTTT-1",0
"CTGCTGTGTTAAAGAC-1",0
"CTGCTGTTCTCCAACC-1",3.54612529569794
"CTGCTGTTCTTACCGC-1",0
"CTGGTCTAGCGTTGCC-1",0
"CTGGTCTAGGACAGCT-1",0
"CTGGTCTAGGGCTTGA-1",0
"CTGGTCTAGTCGAGTG-1",0
"CTGGTCTCAAAGGAAG-1",6.16008663077252
"CTGGTCTCACCAGTTA-1",5.36009005114865
"CTGGTCTGTACCTACA-1",0
"CTGGTCTGTACGCTGC-1",0
"CTGGTCTGTCCGCTGA-1",7.08650479326866
"CTGGTCTGTCCGTTAA-1",1.74734361007703
"CTGGTCTGTTCATGGT-1",0
"CTGGTCTGTTCGTGAT-1",1.71633991396968
"CTGGTCTTCAACGGGA-1",0
"CTGGTCTTCACTTACT-1",3.65805867839247
"CTGGTCTTCTTACCTA-1",0
"CTGTGCTGTATATCCG-1",0
"CTGTGCTGTCATCCCT-1",1.81893505460702
"CTGTGCTGTCCCTACT-1",0
"CTGTGCTGTCGGCACT-1",0
"CTGTGCTTCCATTCTA-1",2.1958036179497
"CTGTTTAAGAAACCGC-1",5.31256475254843
"CTGTTTAAGATCGATA-1",1.95661467116005
"CTGTTTAAGGAGTTGC-1",0
"CTGTTTAGTCAAAGCG-1",0
"CTGTTTATCAGCCTAA-1",0
"CTGTTTATCATTTGGG-1",0
"CTGTTTATCTCCAGGG-1",0
"CTGTTTATCTCTTGAT-1",0
"CTGTTTATCTTCTGGC-1",1.58063191318502
"CTTAACTAGCCAGTAG-1",0
"CTTAACTAGGCTCTTA-1",0
"CTTAACTAGGTGCACA-1",1.58063191318502
"CTTAACTAGTCTCGGC-1",0
"CTTACCGAGCGCTTAT-1",0
"CTTACCGAGGCTACGA-1",0
"CTTACCGCAGATCTGT-1",0
"CTTACCGCAGTCAGAG-1",0
"CTTACCGGTCCTGCTT-1",7.2638317621912
"CTTACCGGTCGCCATG-1",0
"CTTACCGGTCTACCTC-1",0
"CTTACCGTCGGACAAG-1",0
"CTTAGGAAGCCCAACC-1",5.57386599270932
"CTTAGGACACGACGAA-1",1.99294852323313
"CTTAGGAGTTATGTGC-1",0
"CTTAGGATCCCATTTA-1",0
"CTTAGGATCTTTACAC-1",4.52434589865668
"CTTCTCTAGAACTCGG-1",0
"CTTCTCTAGAGTGAGA-1",0
"CTTCTCTAGCAGGCTA-1",1.56999486775314
"CTTCTCTAGTTAACGA-1",0
"CTTCTCTCAAAGGTGC-1",1.44714843721857
"CTTCTCTGTAACGACG-1",0
"CTTCTCTGTGCATCTA-1",0
"CTTCTCTTCGAGCCCA-1",0
"CTTGGCTAGCGATATA-1",0
"CTTGGCTAGTACGTTC-1",3.60437978764042
"CTTGGCTCATTACCTT-1",0
"CTTGGCTGTCTCCATC-1",0
"CTTGGCTTCCCTAATT-1",0
"CTTGGCTTCGCGTAGC-1",1.75244973605793
"CTTGGCTTCTCGTTTA-1",0
"CTTTGCGAGCAAATCA-1",0
"CTTTGCGAGCGTTCCG-1",0
"CTTTGCGAGTATCTCG-1",0
"CTTTGCGCAATTCCTT-1",0
"CTTTGCGCACTTAAGC-1",0
"CTTTGCGCAGACGCAA-1",0
"CTTTGCGGTAGAGGAA-1",0
"CTTTGCGTCCAGGGCT-1",7.2638317621912
"GAAACTCAGAGACGAA-1",0
"GAAACTCAGAGGTTAT-1",5.36009005114865
"GAAACTCAGCAGCCTC-1",10.2679196386471
"GAAACTCAGCCCAGCT-1",0
"GAAACTCAGCTAAACA-1",0
"GAAACTCAGTGCTGCC-1",1.46275760086849
"GAAACTCCAAGCCCAC-1",0
"GAAACTCCACATGACT-1",1.83380048909946
"GAAACTCCAGACACTT-1",0
"GAAACTCCATGGATGG-1",5.80329145105514
"GAAACTCGTACTCGCG-1",0
"GAAACTCGTAGCGATG-1",1.82371106903466
"GAAACTCGTGTGAAAT-1",5.49373850157033
"GAAACTCGTTTGTGTG-1",1.90862732886202
"GAAATGAAGCCAGTTT-1",3.62280722765408
"GAAATGAAGCTAGTCT-1",0
"GAAATGAAGTACGTAA-1",5.1800991248148
"GAAATGATCATGCTCC-1",3.37694194319434
"GAAATGATCCTCGCAT-1",0
"GAACATCAGATGGCGT-1",5.42210631540801
"GAACATCCAACAACCT-1",0
"GAACATCCACATCTTT-1",0
"GAACATCCACCTATCC-1",4.88879024820053
"GAACATCCACGGACAA-1",0
"GAACATCCATGCTAGT-1",0
"GAACATCGTACGACCC-1",1.89313574700399
"GAACATCGTGGACGAT-1",5.36362543625173
"GAACATCGTTCCCGAG-1",0
"GAACATCTCCAAGTAC-1",1.82023447116132
"GAACATCTCGATCCCT-1",5.52042162783274
"GAACATCTCTCCAACC-1",0
"GAACCTAAGAACTGTA-1",0
"GAACCTAAGAGCAATT-1",0
"GAACCTAAGCCAGTAG-1",5.22446844448117
"GAACCTACAAGGACAC-1",0
"GAACCTACAGACACTT-1",0
"GAACCTAGTACCAGTT-1",4.52434589865668
"GAACCTAGTGTCAATC-1",0
"GAACCTATCACGATGT-1",0
"GAACGGAAGACGCAAC-1",4.88879024820053
"GAACGGAAGTAATCCC-1",3.41766357996542
"GAACGGAAGTCAATAG-1",1.93704846870536
"GAACGGAAGTGGACGT-1",1.93704846870536
"GAACGGACACAGCGTC-1",0
"GAACGGACACCTCGTT-1",1.58063191318502
"GAACGGACACTTAACG-1",4.06787960443075
"GAACGGAGTAGCGTAG-1",5.52042162783274
"GAACGGAGTCAGAGGT-1",1.73724132094828
"GAACGGAGTGGCGAAT-1",3.65805867839247
"GAACGGATCACTCCTG-1",0
"GAACGGATCCACGAAT-1",6.12556275579537
"GAACGGATCGTAGGAG-1",0
"GAACGGATCTGTCAAG-1",2.11938402866758
"GAAGCAGAGACTAAGT-1",0
"GAAGCAGAGAGACGAA-1",0
"GAAGCAGAGCCACGCT-1",0
"GAAGCAGAGTTCGCGC-1",0
"GAAGCAGCAATCCGAT-1",0
"GAAGCAGCAGATCTGT-1",0
"GAAGCAGCAGATGAGC-1",5.1800991248148
"GAAGCAGCATGAACCT-1",1.3821090037397
"GAAGCAGCATGGAATA-1",0
"GAAGCAGGTAACGCGA-1",0
"GAAGCAGGTCATACTG-1",0
"GAAGCAGTCCTAGTGA-1",0
"GAAGCAGTCTTATCTG-1",0
"GAATAAGCAAGGTGTG-1",0
"GAATAAGCAGACAAGC-1",3.41766357996542
"GAATAAGCATGCAACT-1",0
"GAATAAGGTCCGTTAA-1",0
"GAATAAGGTGAGTGAC-1",0
"GAATAAGGTTCCCTTG-1",0
"GAATAAGTCGTTTAGG-1",0
"GAATGAAAGAGTCTGG-1",0
"GAATGAAAGCTTATCG-1",0
"GAATGAAAGGCATGTG-1",3.79033555161902
"GAATGAACAAACGCGA-1",4.88879024820053
"GAATGAACAGTGAGTG-1",0
"GAATGAACATCATCCC-1",1.82023447116132
"GAATGAAGTCAACATC-1",0
"GAATGAAGTCTCACCT-1",0
"GAATGAAGTGGCAAAC-1",0
"GAATGAAGTTGCGTTA-1",0
"GAATGAATCAGTTAGC-1",0
"GAATGAATCCTGCCAT-1",0
"GACACGCAGACGCACA-1",0
"GACACGCAGAGTAATC-1",0
"GACACGCAGCCAACAG-1",0
"GACACGCAGGAGTTTA-1",0
"GACACGCAGGGCATGT-1",0
"GACACGCAGGTGCACA-1",0
"GACACGCAGTCCAGGA-1",0
"GACACGCAGTGGGATC-1",0
"GACACGCAGTGGGTTG-1",0
"GACACGCCAAGCGTAG-1",0
"GACACGCCAAGGACAC-1",3.37694194319434
"GACACGCCAGACGCTC-1",0
"GACACGCCATCCTTGC-1",0
"GACACGCGTTCACGGC-1",0
"GACACGCTCATGTAGC-1",0
"GACAGAGAGTACGATA-1",0
"GACAGAGCAACGATCT-1",0
"GACAGAGCAAGTCTAC-1",0
"GACAGAGCAGCTCCGA-1",0
"GACAGAGCAGCTGGCT-1",0
"GACAGAGTCAAACAAG-1",1.44714843721857
"GACAGAGTCAGAGACG-1",0
"GACAGAGTCCTTCAAT-1",2.60094076279624
"GACAGAGTCCTTGCCA-1",0
"GACAGAGTCTTCATGT-1",1.67281284037323
"GACCAATAGAAGGGTA-1",0
"GACCAATAGCTACCGC-1",0
"GACCAATAGCTACCTA-1",0
"GACCAATCAGGTGCCT-1",0
"GACCAATCATGCGCAC-1",1.67281284037323
"GACCAATGTACAGTTC-1",0
"GACCAATGTCGCTTCT-1",0
"GACCAATTCCGATATG-1",3.58240224610858
"GACCAATTCGAATGGG-1",0
"GACCAATTCGTCACGG-1",1.81893505460702
"GACCTGGCATCACAAC-1",10.2679196386471
"GACCTGGCATGTCTCC-1",0
"GACCTGGCATTGGCGC-1",2.85306248727397
"GACCTGGGTAAAGGAG-1",10.2679196386471
"GACCTGGGTCCAGTTA-1",0
"GACCTGGGTGCAGTAG-1",0
"GACCTGGTCATAGCAC-1",0
"GACCTGGTCCTTGCCA-1",0
"GACCTGGTCGCATGAT-1",0
"GACCTGGTCGTCACGG-1",0
"GACGCGTAGTGGTAAT-1",0
"GACGCGTAGTTGTAGA-1",2.44175376666954
"GACGCGTGTAAAGGAG-1",0
"GACGCGTGTGTGAAAT-1",1.80098540064175
"GACGCGTGTTAAGACA-1",0
"GACGCGTTCAAACCGT-1",0
"GACGCGTTCCAAATGC-1",0
"GACGCGTTCCGCGGTA-1",0
"GACGCGTTCCTACAGA-1",0
"GACGCGTTCTCCGGTT-1",0
"GACGGCTAGAAGATTC-1",0
"GACGGCTAGAGCTGGT-1",1.75244973605793
"GACGGCTCAAGGTTTC-1",0
"GACGGCTCACCGCTAG-1",1.74734361007703
"GACGGCTCATGAACCT-1",2.01911794411343
"GACGGCTCATGCAACT-1",0
"GACGGCTGTGTGTGCC-1",0
"GACGGCTGTTATGTGC-1",4.24282232922682
"GACGGCTGTTTGGCGC-1",0
"GACGGCTTCTATCGCC-1",0
"GACGTGCAGGCAAAGA-1",0
"GACGTGCAGGGTGTGT-1",0
"GACGTGCAGGTGTTAA-1",3.09138523229896
"GACGTGCCAGGTCGTC-1",1.82023447116132
"GACGTGCGTAACGTTC-1",1.83424236669401
"GACGTGCTCACCTCGT-1",2.11938402866758
"GACGTTAAGCTACCGC-1",0
"GACGTTAAGGCAAAGA-1",0
"GACGTTAAGTCAAGCG-1",0
"GACGTTACAAGCCATT-1",0
"GACGTTACAAGGTTTC-1",0
"GACGTTACAGACACTT-1",0
"GACGTTAGTATCTGCA-1",0
"GACGTTAGTTTGACAC-1",1.91156841590416
"GACGTTAGTTTGACTG-1",0
"GACGTTATCACAGGCC-1",1.71633991396968
"GACGTTATCATTGCGA-1",0
"GACGTTATCCCGGATG-1",0
"GACGTTATCCGAAGAG-1",0
"GACGTTATCGCGTTTC-1",0
"GACGTTATCTGTCCGT-1",1.77325184657207
"GACTAACAGACAGAGA-1",0
"GACTAACAGTGGAGAA-1",0
"GACTAACCAAATCCGT-1",3.83662467176104
"GACTAACGTCTAGTCA-1",0
"GACTAACGTGCAACTT-1",2.11938402866758
"GACTAACGTTCAGACT-1",0
"GACTAACTCCTTTCTC-1",3.62280722765408
"GACTAACTCTTGCCGT-1",0
"GACTAACTCTTTACAC-1",0
"GACTACAAGATATGGT-1",0
"GACTACACAAATCCGT-1",0
"GACTACAGTGCTGTAT-1",0
"GACTACATCAGCCTAA-1",0
"GACTACATCAGGTAAA-1",0
"GACTACATCTGCAGTA-1",1.67281284037323
"GACTGCGAGCGTAGTG-1",4.43470228990267
"GACTGCGAGTTGTAGA-1",0
"GACTGCGCACTTAACG-1",0
"GACTGCGCATGTTCCC-1",0
"GACTGCGGTACGCACC-1",0
"GACTGCGGTTCTCATT-1",0
"GACTGCGTCAACACAC-1",1.70335857875318
"GACTGCGTCACGACTA-1",2.1958036179497
"GACTGCGTCGCCCTTA-1",2.01911794411343
"GACTGCGTCTCAAACG-1",4.32309286571718
"GAGCAGAGTAGGGTAC-1",1.9365404041865
"GAGCAGAGTCAGATAA-1",0
"GAGCAGAGTCATATGC-1",0
"GAGCAGAGTGAGCGAT-1",0
"GAGCAGAGTGTAACGG-1",6.92638776631067
"GAGCAGAGTGTGACCC-1",3.43193146111206
"GAGCAGAGTTCGGGCT-1",0
"GAGCAGAGTTTAAGCC-1",0
"GAGCAGAGTTTGCATG-1",0
"GAGGTGAAGCAACGGT-1",0
"GAGGTGAAGGCTCTTA-1",0
"GAGGTGAAGTGGTAGC-1",0
"GAGGTGAAGTTGTAGA-1",0
"GAGGTGACACTGTCGG-1",0
"GAGGTGACATCCTTGC-1",1.82023447116132
"GAGGTGACATGCATGT-1",0
"GAGGTGAGTACCTACA-1",2.1958036179497
"GAGGTGAGTCATTAGC-1",0
"GAGGTGAGTTCCTCCA-1",0
"GAGGTGATCATCGCTC-1",1.90618529968292
"GAGGTGATCTAGAGTC-1",1.93704846870536
"GAGGTGATCTCTAGGA-1",8.07093848834988
"GAGGTGATCTGCTGTC-1",0
"GAGGTGATCTGGGCCA-1",5.42094847108557
"GAGTCCGAGGACAGAA-1",0
"GAGTCCGAGGCATGTG-1",1.89313574700399
"GAGTCCGAGGCGTACA-1",1.81075940747296
"GAGTCCGCAAACCCAT-1",3.62054050810654
"GAGTCCGGTCAAGCGA-1",1.81075940747296
"GAGTCCGGTGACCAAG-1",0
"GAGTCCGGTGACTCAT-1",6.98354704467056
"GAGTCCGGTGTGACCC-1",7.21511199682821
"GAGTCCGGTTCGGGCT-1",0
"GAGTCCGGTTTGCATG-1",1.86493826954485
"GAGTCCGTCGGCGCAT-1",0
"GAGTCCGTCTGATTCT-1",0
"GATCAGTAGATGTCGG-1",0
"GATCAGTAGTGGTAGC-1",0
"GATCAGTGTATATGAG-1",0
"GATCAGTGTCTGCGGT-1",0
"GATCAGTGTTATGCGT-1",0
"GATCAGTGTTGTACAC-1",0
"GATCGATAGAATGTTG-1",0
"GATCGATAGAGCTGCA-1",2.44175376666954
"GATCGATAGCATGGCA-1",1.73724132094828
"GATCGATCAAGCGAGT-1",0
"GATCGATCAAGCGTAG-1",1.75244973605793
"GATCGATGTCAACATC-1",0
"GATCGATGTTGCCTCT-1",2.5775959831465
"GATCGATTCCGCATCT-1",0
"GATCGCGAGATAGTCA-1",0
"GATCGCGAGCCTTGAT-1",0
"GATCGCGAGGAGCGTT-1",0
"GATCGCGCAGGTCGTC-1",0
"GATCGCGGTACAGCAG-1",0
"GATCGCGGTGAGTATA-1",1.89313574700399
"GATCGCGGTTGTCGCG-1",0
"GATCGCGTCACTCCTG-1",0
"GATCGTAAGACATAAC-1",0
"GATCGTAAGCTCAACT-1",0
"GATCGTACATAACCTG-1",11.392020317432
"GATCGTAGTGGCTCCA-1",0
"GATCGTATCATATCGG-1",5.57386599270932
"GATCGTATCATGTCCC-1",5.31256475254843
"GATCGTATCTTACCGC-1",8.82812365613486
"GATCTAGAGCGTCTAT-1",0
"GATCTAGAGTGGAGAA-1",0
"GATCTAGCAACACCTA-1",5.22446844448117
"GATCTAGCAAGGGTCA-1",0
"GATCTAGGTCTAAAGA-1",0
"GATCTAGGTCTCACCT-1",0
"GATCTAGGTCTCTTTA-1",6.29445766665122
"GATCTAGTCACATAGC-1",0
"GATCTAGTCTAAGCCA-1",0
"GATGAAAAGAGTAATC-1",0
"GATGAAAAGCTCCCAG-1",0
"GATGAAACACGGTAGA-1",3.09138523229896
"GATGAAACAGCTGTAT-1",1.58063191318502
"GATGAAAGTGGGTATG-1",0
"GATGAAATCACCCTCA-1",0
"GATGAAATCACTCCTG-1",0
"GATGAAATCAGCAACT-1",0
"GATGAAATCGAGAGCA-1",1.71633991396968
"GATGAGGAGATCCCGC-1",0
"GATGAGGAGTTCGATC-1",0
"GATGAGGCACCAGTTA-1",0
"GATGAGGGTATCACCA-1",0
"GATGAGGGTATTCGTG-1",1.83424236669401
"GATGAGGGTCGCGTGT-1",0
"GATGAGGGTGATGATA-1",0
"GATGAGGTCACAGGCC-1",0
"GATGAGGTCACATAGC-1",0
"GATGAGGTCCCTTGTG-1",0
"GATGAGGTCTGCTGTC-1",2.1958036179497
"GATGCTAAGACTAAGT-1",0
"GATGCTAAGGATGCGT-1",0
"GATGCTAAGGCTCTTA-1",4.30205628929459
"GATGCTAAGGGAACGG-1",0
"GATGCTAAGTATCTCG-1",8.07093848834988
"GATGCTAAGTCTCGGC-1",0
"GATGCTACATGTTGAC-1",2.11938402866758
"GATGCTACATTGCGGC-1",0
"GATGCTAGTCTCCATC-1",0
"GATGCTAGTGGAAAGA-1",0
"GATGCTAGTTAGGGTG-1",6.3762450603403
"GATGCTATCCTGTACC-1",0
"GATGCTATCGGCGCTA-1",5.26645756163661
"GATTCAGAGAAACCTA-1",0
"GATTCAGAGAGTGACC-1",0
"GATTCAGAGATTACCC-1",0
"GATTCAGAGGGTCGAT-1",0
"GATTCAGAGGTCGGAT-1",0
"GATTCAGAGTCAATAG-1",1.86493826954485
"GATTCAGCAAGTTGTC-1",0
"GATTCAGCAATTCCTT-1",0
"GATTCAGCAGGGTACA-1",1.99294852323313
"GATTCAGCATCGACGC-1",1.63023814234886
"GATTCAGCATTATCTC-1",0
"GATTCAGGTAAATACG-1",0
"GATTCAGTCAACTCTT-1",1.46275760086849
"GCAAACTAGATGTTAG-1",0
"GCAAACTAGTCATGCT-1",1.9365404041865
"GCAAACTAGTCTCAAC-1",0
"GCAAACTCACAGGTTT-1",0
"GCAAACTGTCAGATAA-1",5.52042162783274
"GCAAACTGTCTCCATC-1",2.5775959831465
"GCAAACTTCGTGGTCG-1",0
"GCAATCAAGGGATCTG-1",1.67281284037323
"GCAATCAAGTATCTCG-1",0
"GCAATCAAGTGGGTTG-1",1.46275760086849
"GCAATCACAGCTTAAC-1",0
"GCAATCACATGTCGAT-1",3.28856825862494
"GCAATCACATTCCTCG-1",0
"GCAATCAGTAGGAGTC-1",0
"GCAATCAGTATAATGG-1",1.46275760086849
"GCAATCAGTTCTCATT-1",0
"GCAATCAGTTCTGGTA-1",0
"GCACATAAGAGCTATA-1",0
"GCACATAAGATGTTAG-1",1.89313574700399
"GCACATAAGCCTTGAT-1",1.94676778204099
"GCACATAAGGAGTACC-1",0
"GCACATAAGTGAAGTT-1",0
"GCACATACACCACGTG-1",0
"GCACATACAGCTGTAT-1",0
"GCACATACAGGAACGT-1",0
"GCACATAGTCATCGGC-1",0
"GCACATAGTCCGAATT-1",0
"GCACATAGTCTCTTTA-1",0
"GCACATAGTGCGCTTG-1",0
"GCACATATCACCTCGT-1",0
"GCACATATCTGGTTCC-1",0
"GCACTCTCAAGACACG-1",0
"GCACTCTCAATCACAC-1",0
"GCACTCTCATTTCAGG-1",5.64146959877617
"GCACTCTGTAAACCTC-1",5.52042162783274
"GCACTCTGTACCAGTT-1",0
"GCACTCTGTAGAAAGG-1",11.392020317432
"GCACTCTGTCGAACAG-1",1.93299358606497
"GCACTCTGTCTAGGTT-1",0
"GCACTCTTCAACTCTT-1",0
"GCACTCTTCCCTAATT-1",0
"GCACTCTTCTGCCCTA-1",4.30205628929459
"GCAGCCAAGCTGATAA-1",0
"GCAGCCACATGAGCGA-1",0
"GCAGCCAGTAATCGTC-1",0
"GCAGCCAGTGTCGCTG-1",0
"GCAGCCATCAGTTGAC-1",5.52042162783274
"GCAGCCATCCCAACGG-1",1.86493826954485
"GCAGCCATCCGTACAA-1",0
"GCAGTTAAGTCCATAC-1",3.27737292679449
"GCAGTTAAGTCCGTAT-1",1.63023814234886
"GCAGTTAAGTTAACGA-1",0
"GCAGTTAGTGGACGAT-1",3.58360539456505
"GCAGTTAGTTATTCTC-1",6.98354704467056
"GCAGTTATCGCGATCG-1",1.99294852323313
"GCATACAAGATCTGCT-1",0
"GCATACAAGCAACGGT-1",3.27737292679449
"GCATACACAACGCACC-1",0
"GCATACACAAGGACTG-1",0
"GCATACACAAGTCTGT-1",0
"GCATACACAGTCAGCC-1",0
"GCATACACATCCTAGA-1",5.26645756163661
"GCATACACATCGGAAG-1",1.90618529968292
"GCATACAGTCCGAACC-1",1.83424236669401
"GCATACAGTTCTGGTA-1",1.79929908775394
"GCATACATCCACGACG-1",1.73724132094828
"GCATGATAGAATGTTG-1",0
"GCATGATAGAGTAATC-1",1.67281284037323
"GCATGATAGCTGATAA-1",9.46729077370798
"GCATGATAGGACCACA-1",0
"GCATGATAGGCTAGCA-1",3.10736129227605
"GCATGATAGTCAAGCG-1",0
"GCATGATAGTGGAGAA-1",0
"GCATGATCACACCGAC-1",0
"GCATGATCACATTTCT-1",5.31256475254843
"GCATGATGTCCCTACT-1",6.16008663077252
"GCATGATGTTGCGCAC-1",0
"GCATGATTCGTGGACC-1",5.42210631540801
"GCATGCGAGCATGGCA-1",0
"GCATGCGAGTCCAGGA-1",0
"GCATGCGCACTGCCAG-1",0
"GCATGCGGTAAGGATT-1",0
"GCATGCGGTCCTCTTG-1",0
"GCATGCGGTGTGAAAT-1",0
"GCATGCGTCCGCGGTA-1",0
"GCATGTAAGAACTGTA-1",0
"GCATGTAAGACAGACC-1",1.58339518249613
"GCATGTAAGTACTTGC-1",0
"GCATGTAAGTGCAAGC-1",5.31256475254843
"GCATGTACAACACGCC-1",0
"GCATGTATCACGAAGG-1",0
"GCCAAATCAAACTGTC-1",0
"GCCAAATCAAGGGTCA-1",0
"GCCAAATCAAGTTCTG-1",1.83380048909946
"GCCAAATCATAACCTG-1",0
"GCCAAATGTATAAACG-1",0
"GCCAAATGTGTTTGGT-1",0
"GCCAAATGTTTCGCTC-1",0
"GCCAAATTCAGGTAAA-1",2.35191829274565
"GCCAAATTCCGAGCCA-1",1.89313574700399
"GCCAAATTCCGCGGTA-1",2.06162254239992
"GCCAAATTCGGCTACG-1",0
"GCCTCTAAGAGTACCG-1",0
"GCCTCTAAGCCATCGC-1",0
"GCCTCTAAGCCGCCTA-1",2.01911794411343
"GCCTCTAAGCGATAGC-1",8.82812365613486
"GCCTCTAAGCTGCAAG-1",0
"GCCTCTAAGCTTCGCG-1",0
"GCCTCTAAGTCACGCC-1",0
"GCCTCTACAAGACGTG-1",1.71633991396968
"GCCTCTACAGCTATTG-1",0
"GCCTCTAGTAAGGATT-1",3.62280722765408
"GCCTCTAGTGATGATA-1",11.392020317432
"GCCTCTAGTTAAGGGC-1",0
"GCCTCTATCAGCGACC-1",1.93299358606497
"GCCTCTATCCGATATG-1",0
"GCCTCTATCGAATCCA-1",2.01911794411343
"GCCTCTATCGAGCCCA-1",0
"GCCTCTATCGCTGATA-1",0
"GCCTCTATCTTTAGGG-1",1.56999486775314
"GCGACCAAGAGGTTAT-1",0
"GCGACCACACTTACGA-1",0
"GCGACCAGTCAGGACA-1",5.36009005114865
"GCGACCAGTCTAGAGG-1",0
"GCGACCATCAACGGGA-1",0
"GCGACCATCCCGGATG-1",0
"GCGACCATCTACTCAT-1",0
"GCGAGAAAGGTTCCTA-1",0
"GCGAGAAAGTACGATA-1",0
"GCGAGAAAGTGTCTCA-1",1.56999486775314
"GCGAGAACAAGCCCAC-1",0
"GCGAGAACACTGAAGG-1",0
"GCGAGAAGTAGCGCTC-1",0
"GCGAGAAGTCCCTACT-1",0
"GCGAGAATCCTTTCGG-1",0
"GCGAGAATCGAGAGCA-1",1.71633991396968
"GCGAGAATCGCACTCT-1",0
"GCGCAACAGTCCTCCT-1",0
"GCGCAACAGTGTACGG-1",0
"GCGCAACCAAGTCTGT-1",0
"GCGCAACCAGCCACCA-1",2.07917908596773
"GCGCAACGTAGCGCTC-1",0
"GCGCAACGTCCCTTGT-1",3.10736129227605
"GCGCAACGTCCTAGCG-1",0
"GCGCAACGTCGACTAT-1",0
"GCGCAACGTCTAGAGG-1",0
"GCGCAACTCAATACCG-1",0
"GCGCAGTCACATCCAA-1",1.70335857875318
"GCGCAGTCATTACCTT-1",5.31256475254843
"GCGCAGTGTTAGGGTG-1",0
"GCGCAGTTCGATCCCT-1",0
"GCGCAGTTCGCGGATC-1",3.64810248399347
"GCGCCAAAGACATAAC-1",0
"GCGCCAAAGGACAGCT-1",0
"GCGCCAAAGGCCCTTG-1",0
"GCGCCAAAGGGCTTCC-1",0
"GCGCCAAAGGTACTCT-1",0
"GCGCCAACATAACCTG-1",2.13303872768881
"GCGCCAACATTGGGCC-1",0
"GCGCCAAGTACTTGAC-1",0
"GCGCCAAGTCGGCACT-1",0
"GCGCCAAGTGAAAGAG-1",1.84717530836962
"GCGCCAAGTTGTACAC-1",8.82812365613486
"GCGCCAATCCGTTGCT-1",0
"GCGCGATAGAAGGTTT-1",0
"GCGCGATAGCAGGTCA-1",0
"GCGCGATAGTGAATTG-1",0
"GCGCGATAGTTTGCGT-1",0
"GCGCGATCAGCTCGAC-1",5.1800991248148
"GCGCGATGTAAGTAGT-1",1.9365404041865
"GCGCGATGTCACTTCC-1",0
"GCGCGATGTTACCAGT-1",0
"GCGCGATTCAGTTAGC-1",8.91584743731653
"GCGCGATTCGTTTAGG-1",1.74734361007703
"GCGGGTTAGAAACGAG-1",0
"GCGGGTTAGCTATGCT-1",0
"GCGGGTTAGTGTGAAT-1",0
"GCGGGTTCACGCGAAA-1",0
"GCGGGTTCAGGCAGTA-1",0
"GCGGGTTCAGTAACGG-1",2.06162254239992
"GCGGGTTGTGAGTATA-1",0
"GCGGGTTGTGGCGAAT-1",0
"GCGGGTTTCCAAAGTC-1",0
"GCGGGTTTCCTTTCTC-1",3.83662467176104
"GCGGGTTTCTCCAACC-1",1.83424236669401
"GCGGGTTTCTTGAGGT-1",3.41766357996542
"GCGGGTTTCTTGTATC-1",3.27737292679449
"GCTCCTACAAACTGTC-1",1.80098540064175
"GCTCCTACACCAGGTC-1",0
"GCTCCTACACCGATAT-1",5.42094847108557
"GCTCCTACAGGGTACA-1",0
"GCTCCTACATTAGCCA-1",8.07093848834988
"GCTCCTAGTCAGGACA-1",0
"GCTCCTAGTCCGTCAG-1",0
"GCTCCTATCAGCCTAA-1",0
"GCTCCTATCCCTAATT-1",0
"GCTCTGTAGAGGTAGA-1",3.83662467176104
"GCTCTGTAGCTGAACG-1",2.5775959831465
"GCTCTGTAGGAGTCTG-1",2.11938402866758
"GCTCTGTAGTGCTGCC-1",0
"GCTCTGTAGTGGACGT-1",1.83424236669401
"GCTCTGTTCACCTCGT-1",0
"GCTGCAGAGCGTGAGT-1",7.2638317621912
"GCTGCAGAGTCAAGCG-1",0
"GCTGCAGAGTCCCACG-1",3.95766928064634
"GCTGCAGCAATTGCTG-1",3.10736129227605
"GCTGCAGCATGCCCGA-1",0
"GCTGCAGCATGCCTAA-1",0
"GCTGCAGGTAAACCTC-1",4.00819084941725
"GCTGCAGGTACGAAAT-1",5.31256475254843
"GCTGCAGGTAGCGCAA-1",0
"GCTGCAGGTCACCCAG-1",0
"GCTGCAGGTCATGCCG-1",0
"GCTGCGAAGGAATGGA-1",0
"GCTGCGAGTCTAACGT-1",0
"GCTGCGAGTGTTTGGT-1",0
"GCTGCGATCTCCTATA-1",3.58114409917649
"GCTGCGATCTTGTTTG-1",1.74734361007703
"GCTGCTTAGAATTGTG-1",0
"GCTGCTTAGGCAATTA-1",0
"GCTGCTTCATCACGTA-1",0
"GCTGCTTCATCCAACA-1",0
"GCTGCTTCATGCCTAA-1",2.01911794411343
"GCTGCTTCATGGTCAT-1",0
"GCTGCTTGTAACGACG-1",0
"GCTGCTTGTAATCGTC-1",0
"GCTGCTTGTAGGGACT-1",1.62138413570584
"GCTGCTTGTGAAAGAG-1",0
"GCTGCTTTCCGGGTGT-1",6.86240727863867
"GCTGGGTAGACCCACC-1",0
"GCTGGGTAGCCACGCT-1",5.80329145105514
"GCTGGGTAGTCGCCGT-1",6.92638776631067
"GCTGGGTAGTCTCAAC-1",1.93704846870536
"GCTGGGTCACGGCTAC-1",0
"GCTGGGTCAGCCAATT-1",2.11938402866758
"GCTGGGTGTACAGTTC-1",1.81893505460702
"GCTGGGTGTACCGTTA-1",0
"GCTGGGTGTCGAGTTT-1",3.87426407816625
"GCTGGGTGTCTCCACT-1",1.95661467116005
"GCTGGGTGTGCCTGTG-1",3.87426407816625
"GCTGGGTTCAGCTTAG-1",1.95661467116005
"GCTGGGTTCCTTAATC-1",0
"GCTTCCAAGAAACCTA-1",0
"GCTTCCACACCACCAG-1",0
"GCTTCCACAGGTCGTC-1",1.83424236669401
"GCTTCCACAGTGAGTG-1",1.46275760086849
"GCTTCCAGTATAGGTA-1",0
"GCTTCCAGTTCAGCGC-1",3.39542580948379
"GCTTCCATCGTCCAGG-1",1.73724132094828
"GCTTGAAAGATGGCGT-1",0
"GCTTGAAAGCCGTCGT-1",3.87426407816625
"GCTTGAACAAACCTAC-1",0
"GCTTGAACACGGTGTC-1",0
"GCTTGAACATCGGAAG-1",0
"GCTTGAAGTGCGGTAA-1",0
"GCTTGAAGTTCTCATT-1",0
"GCTTGAATCAGGATCT-1",0
"GGAAAGCAGGCAGGTT-1",1.73724132094828
"GGAAAGCCAAACGCGA-1",1.80436997681998
"GGAAAGCCAAGTACCT-1",0
"GGAAAGCGTAAGCACG-1",0
"GGAAAGCGTCCTCCAT-1",2.00508635684779
"GGAAAGCGTCGCGTGT-1",1.99294852323313
"GGAAAGCGTGCTTCTC-1",0
"GGAAAGCTCCAGAGGA-1",0
"GGAACTTAGAGTAAGG-1",1.77284598709209
"GGAACTTCAATGTAAG-1",2.5775959831465
"GGAACTTCACAGGAGT-1",0
"GGAACTTCACCTCGTT-1",10.2679196386471
"GGAACTTGTCTCTTTA-1",5.00033136477356
"GGAACTTTCATTGCCC-1",2.5775959831465
"GGAACTTTCATTTGGG-1",0
"GGAACTTTCCGTCATC-1",5.49373850157033
"GGAACTTTCCTCAACC-1",0
"GGAACTTTCGGATGTT-1",0
"GGAATAAAGGTACTCT-1",0
"GGAATAAAGTGTCCAT-1",1.70335857875318
"GGAATAACAGCGTCCA-1",2.01911794411343
"GGAATAAGTCTGGTCG-1",3.41766357996542
"GGAATAAGTGCAGGTA-1",0
"GGAATAATCAGCACAT-1",0
"GGAATAATCTTTACGT-1",1.70335857875318
"GGACAAGAGGTACTCT-1",0
"GGACAAGCAACGATGG-1",1.66304149031435
"GGACAAGCAGTCGTGC-1",0
"GGACAAGCATGGGACA-1",3.27737292679449
"GGACAAGGTATAAACG-1",3.10736129227605
"GGACAAGGTATGAAAC-1",3.39327044507812
"GGACAAGGTCGGCATC-1",2.30836545590955
"GGACAAGGTTATGCGT-1",0
"GGACAAGTCTAACGGT-1",1.93299358606497
"GGACAGAAGCTAGTCT-1",0
"GGACAGAAGTACTTGC-1",8.53522011901191
"GGACAGACAACACGCC-1",1.83734307652052
"GGACAGACACAAGCCC-1",3.5707503481594
"GGACAGAGTAAGTGGC-1",0
"GGACAGAGTCTTTCAT-1",0
"GGACAGAGTGAGGGAG-1",0
"GGACAGAGTTCCACAA-1",0
"GGACAGATCAACGCTA-1",0
"GGACATTAGAGGGCTT-1",0
"GGACATTAGCCACGTC-1",1.93704846870536
"GGACATTCAAACGCGA-1",0
"GGACATTCAATGACCT-1",0
"GGACATTCACCAGCAC-1",0
"GGACATTGTTCTGGTA-1",0
"GGACATTTCCTCTAGC-1",1.9734956971021
"GGACGTCAGTACTTGC-1",1.91156841590416
"GGACGTCAGTGGTAAT-1",2.00508635684779
"GGACGTCCACAGTCGC-1",5.36009005114865
"GGACGTCGTGAGGGAG-1",3.79033555161902
"GGACGTCGTGGCGAAT-1",0
"GGACGTCGTTACGGAG-1",1.95609318492501
"GGACGTCGTTTAAGCC-1",0
"GGACGTCTCCACTCCA-1",1.94676778204099
"GGACGTCTCGCAAACT-1",0
"GGACGTCTCTCCAGGG-1",1.81893505460702
"GGACGTCTCTCGAGTA-1",0
"GGACGTCTCTGGTGTA-1",0
"GGACGTCTCTTCGAGA-1",5.1800991248148
"GGAGCAAAGAACTCGG-1",0
"GGAGCAAAGACTGTAA-1",0
"GGAGCAAAGCCGCCTA-1",1.82371106903466
"GGAGCAAAGCTAAACA-1",0
"GGAGCAAAGTACGCCC-1",1.95661467116005
"GGAGCAACAAGCTGTT-1",3.37694194319434
"GGAGCAACAATGGACG-1",1.93299358606497
"GGAGCAACAATTCCTT-1",0
"GGAGCAACATGCTGGC-1",4.52434589865668
"GGAGCAAGTGAGTATA-1",0
"GGAGCAAGTTACTGAC-1",1.6848688061171
"GGAGCAATCAAGATCC-1",0
"GGAGCAATCCCATTTA-1",0
"GGATGTTCAAACTGTC-1",0
"GGATGTTTCATCACCC-1",3.89913382291605
"GGATGTTTCATGCATG-1",5.80329145105514
"GGATGTTTCCTACAGA-1",0
"GGATGTTTCCTCTAGC-1",7.2638317621912
"GGATTACAGATCCCAT-1",4.88879024820053
"GGATTACAGCTTCGCG-1",0
"GGATTACAGGCTAGCA-1",5.00033136477356
"GGATTACAGTATCTCG-1",0
"GGATTACCAAGCGTAG-1",5.00033136477356
"GGATTACCACATCCGG-1",0
"GGATTACCAGCGTAAG-1",4.43470228990267
"GGATTACGTAATAGCA-1",3.87426407816625
"GGATTACGTACACCGC-1",1.58339518249613
"GGATTACGTCTCTTTA-1",0
"GGATTACGTTGAGGTG-1",0
"GGATTACTCGCGCCAA-1",0
"GGATTACTCGGCGCAT-1",0
"GGATTACTCTGCCCTA-1",1.3821090037397
"GGCAATTCAATCGGTT-1",0
"GGCAATTCACGGCGTT-1",1.82371106903466
"GGCAATTCATCACCCT-1",3.40684727824273
"GGCAATTGTCGATTGT-1",5.31256475254843
"GGCAATTTCACTTACT-1",0
"GGCAATTTCAGCACAT-1",0
"GGCAATTTCTCCGGTT-1",0
"GGCCGATAGTGTCTCA-1",0
"GGCCGATCACGGACAA-1",1.68989523212849
"GGCCGATGTAGGACAC-1",1.77325184657207
"GGCCGATGTCACTGGC-1",8.07093848834988
"GGCCGATGTCCCTACT-1",0
"GGCCGATTCACCGTAA-1",1.89313574700399
"GGCCGATTCCGCGCAA-1",4.06787960443075
"GGCGACTAGAGCTGGT-1",8.45077396098498
"GGCGACTAGGACCACA-1",0
"GGCGACTAGGTTACCT-1",0
"GGCGACTCAAAGCGGT-1",3.39542580948379
"GGCGACTCAAGAGTCG-1",1.91156841590416
"GGCGACTCACCAGGTC-1",1.71633991396968
"GGCGACTCATTGTGCA-1",0
"GGCGACTTCAGAAATG-1",0
"GGCGACTTCAGAGACG-1",0
"GGCGACTTCCAGATCA-1",1.70335857875318
"GGCGACTTCTCTAGGA-1",2.07917908596773
"GGCGTGTAGCTAGCCC-1",0
"GGCGTGTAGGGTATCG-1",3.39327044507812
"GGCGTGTCAGGTCCAC-1",0
"GGCGTGTCAGTATAAG-1",0
"GGCGTGTCATCGTCGG-1",0
"GGCGTGTCATGGAATA-1",1.99294852323313
"GGCGTGTGTCTCCCTA-1",2.1958036179497
"GGCGTGTTCTTGAGGT-1",5.36009005114865
"GGCTCGAAGCCGTCGT-1",0
"GGCTCGAAGGTAAACT-1",0
"GGCTCGACAAGAAGAG-1",0
"GGCTCGACAATAGCAA-1",0
"GGCTCGACATGGTCAT-1",1.3821090037397
"GGCTCGAGTATATCCG-1",3.29016834702292
"GGCTCGAGTTACGTCA-1",0
"GGCTCGAGTTAGGGTG-1",5.53540776013965
"GGCTCGATCTGCAAGT-1",0
"GGCTGGTAGAAGAAGC-1",1.99294852323313
"GGCTGGTAGACCCACC-1",8.07093848834988
"GGCTGGTCAAGGACAC-1",1.58063191318502
"GGCTGGTCACTGCCAG-1",1.77284598709209
"GGCTGGTCATTTCAGG-1",1.95661467116005
"GGCTGGTGTATTCTCT-1",1.58063191318502
"GGCTGGTGTCGCATCG-1",0
"GGCTGGTGTCTAGTGT-1",1.6848688061171
"GGCTGGTGTTATGCGT-1",0
"GGGAATGAGCGTTGCC-1",0
"GGGAATGAGTAGGTGC-1",0
"GGGAATGGTAAGGGAA-1",3.39542580948379
"GGGAATGTCAACGAAA-1",0
"GGGAATGTCCAGTATG-1",3.65370952194366
"GGGAATGTCCGGGTGT-1",1.71633991396968
"GGGACCTAGATGTAAC-1",3.79033555161902
"GGGACCTAGTCTTGCA-1",0
"GGGACCTCAATCAGAA-1",5.26645756163661
"GGGACCTCACTGAAGG-1",0
"GGGAGATAGTACGACG-1",0
"GGGAGATCAAAGTGCG-1",1.66304149031435
"GGGAGATCAAATCCGT-1",1.3821090037397
"GGGAGATCAAGGACTG-1",0
"GGGAGATCACGCGAAA-1",0
"GGGAGATGTAGCGCAA-1",0
"GGGAGATTCAACGGGA-1",0
"GGGAGATTCATCACCC-1",0
"GGGATGAAGTGACATA-1",0
"GGGATGACATCATCCC-1",0
"GGGATGAGTCACCCAG-1",1.83734307652052
"GGGATGAGTGGAAAGA-1",0
"GGGATGAGTTACGACT-1",3.54612529569794
"GGGATGAGTTGGTAAA-1",0
"GGGATGATCAGTTAGC-1",1.67281284037323
"GGGATGATCTATCCTA-1",0
"GGGATGATCTTTAGGG-1",0
"GGGCACTAGTCTCGGC-1",0
"GGGCACTCATCTCCCA-1",5.64146959877617
"GGGCACTTCACCTCGT-1",0
"GGGCACTTCTGAGGGA-1",0
"GGGCATCCAATGTAAG-1",0
"GGGCATCCAGTCTTCC-1",0
"GGGCATCGTGGCGAAT-1",0
"GGGCATCTCACAGTAC-1",0
"GGGCATCTCCCTTGTG-1",0
"GGGCATCTCCGGCACA-1",3.21239593651609
"GGGCATCTCTGTCCGT-1",4.00819084941725
"GGGCATCTCTTATCTG-1",3.62280722765408
"GGGTCTGAGAAGATTC-1",0
"GGGTCTGAGATCCCGC-1",0
"GGGTCTGAGCCAACAG-1",2.35191829274565
"GGGTCTGCACAGGCCT-1",5.31256475254843
"GGGTCTGCACCAGGTC-1",0
"GGGTCTGGTCTGGTCG-1",3.41766357996542
"GGGTCTGGTGATGATA-1",1.46275760086849
"GGGTCTGGTGTGACCC-1",0
"GGGTCTGTCAACTCTT-1",0
"GGGTCTGTCACTCCTG-1",0
"GGGTCTGTCCGTAGTA-1",2.85306248727397
"GGGTTGCAGACAGAGA-1",0
"GGGTTGCAGACCTTTG-1",0
"GGGTTGCAGATCGATA-1",0
"GGGTTGCAGGGTGTTG-1",0
"GGGTTGCAGGTGGGTT-1",1.83380048909946
"GGGTTGCCAATAACGA-1",1.9734956971021
"GGGTTGCCACGCCAGT-1",1.79426385320667
"GGGTTGCCATTAACCG-1",0
"GGGTTGCGTACATCCA-1",1.89313574700399
"GGGTTGCGTAGCGCAA-1",0
"GGGTTGCGTCCTCCAT-1",3.39542580948379
"GGGTTGCGTCGAGTTT-1",0
"GGGTTGCGTGAGTATA-1",1.3821090037397
"GGGTTGCGTGTGACCC-1",1.58339518249613
"GGGTTGCTCGTACCGG-1",0
"GGTATTGAGCACCGTC-1",2.03804222210607
"GGTATTGAGCTATGCT-1",0
"GGTATTGCACATCCAA-1",1.82371106903466
"GGTATTGCAGCTTCGG-1",2.00508635684779
"GGTATTGGTTCCGTCT-1",3.95766928064634
"GGTATTGTCAGAAATG-1",5.00033136477356
"GGTATTGTCCATTCTA-1",0
"GGTATTGTCGCCAGCA-1",5.1800991248148
"GGTGAAGAGACACGAC-1",0
"GGTGAAGAGATCCGAG-1",5.36009005114865
"GGTGAAGCAAGGTGTG-1",0
"GGTGAAGCACTCGACG-1",1.9734956971021
"GGTGAAGCAGTATGCT-1",3.60437978764042
"GGTGAAGGTATGAAAC-1",0
"GGTGAAGGTCAGAATA-1",8.53522011901191
"GGTGAAGGTGGTACAG-1",0
"GGTGAAGGTGTATGGG-1",0
"GGTGAAGGTGTCTGAT-1",1.3821090037397
"GGTGAAGGTGTGGTTT-1",0
"GGTGAAGGTGTGTGCC-1",0
"GGTGAAGTCACGATGT-1",1.71746397656373
"GGTGAAGTCACTCTTA-1",0
"GGTGAAGTCTGGCGTG-1",6.3762450603403
"GGTGCGTAGGTGATTA-1",6.12556275579537
"GGTGCGTAGTACGATA-1",0
"GGTGCGTCACTTAAGC-1",0
"GGTGCGTCAGCTGTAT-1",7.11215424823012
"GGTGCGTGTTCGTTGA-1",2.03804222210607
"GGTGCGTTCCGTACAA-1",3.27737292679449
"GGTGCGTTCTTGACGA-1",3.45361824924823
"GGTGTTAAGGGCTCTC-1",4.32309286571718
"GGTGTTAAGTAGCGGT-1",0
"GGTGTTAAGTGGGATC-1",0
"GGTGTTAAGTTATCGC-1",0
"GGTGTTACAAATCCGT-1",0
"GGTGTTACACGGATAG-1",2.03804222210607
"GGTGTTAGTAATCACC-1",0
"GGTGTTAGTAGCAAAT-1",0
"GGTGTTAGTGTATGGG-1",0
"GGTGTTAGTTGAACTC-1",0
"GGTGTTATCGGACAAG-1",0
"GGTGTTATCGGTGTTA-1",1.81893505460702
"GGTGTTATCTACTTAC-1",0
"GTAACGTAGGTGACCA-1",3.60437978764042
"GTAACGTCACAGGCCT-1",1.99294852323313
"GTAACGTGTACCATCA-1",0
"GTAACGTGTGAGTATA-1",3.45812065268917
"GTAACGTGTTACGGAG-1",0
"GTAACGTGTTAGGGTG-1",0
"GTAACGTTCGGTCCGA-1",2.44175376666954
"GTAACGTTCTCATTCA-1",8.53522011901191
"GTAACTGAGTGGGTTG-1",8.53522011901191
"GTAACTGCAATGGAAT-1",5.26645756163661
"GTAACTGCACAGGCCT-1",3.40684727824273
"GTAACTGCAGGATCGA-1",0
"GTAACTGCATCGGGTC-1",0
"GTAACTGGTATTACCG-1",0
"GTAACTGTCACGGTTA-1",2.03804222210607
"GTAACTGTCTACTATC-1",0
"GTACGTAAGGTGCTTT-1",0
"GTACGTACAGGAATGC-1",0
"GTACGTACATGGATGG-1",0
"GTACGTAGTGAGTGAC-1",0
"GTACGTAGTTGGTAAA-1",1.70335857875318
"GTACGTATCACCTCGT-1",0
"GTACGTATCATCGGAT-1",0
"GTACGTATCCACTGGG-1",0
"GTACTCCAGGCAGTCA-1",0
"GTACTCCCAATAGCGG-1",0
"GTACTCCCACAGGTTT-1",0
"GTACTCCTCACCTTAT-1",8.33218317195699
"GTACTCCTCATTGCCC-1",2.1958036179497
"GTACTCCTCCTTCAAT-1",0
"GTACTTTCAGTTAACC-1",0
"GTACTTTCATGTCGAT-1",0
"GTACTTTTCCGAAGAG-1",0
"GTAGGCCAGCAATCTC-1",0
"GTAGGCCCATTCGACA-1",2.85306248727397
"GTAGGCCGTAACGCGA-1",5.41187654410084
"GTAGGCCGTAAGGGCT-1",1.46275760086849
"GTAGGCCGTACGACCC-1",2.60094076279624
"GTAGGCCGTTCAGGCC-1",0
"GTAGGCCGTTGATTGC-1",0
"GTAGGCCTCAGCACAT-1",0
"GTAGTCAAGAATGTGT-1",0
"GTAGTCAAGATGCCTT-1",1.58063191318502
"GTAGTCAAGGACGAAA-1",0
"GTAGTCAAGTGAAGAG-1",0
"GTAGTCATCGTCACGG-1",0
"GTAGTCATCTGAAAGA-1",2.01911794411343
"GTATCTTAGAAACCAT-1",0
"GTATCTTAGGCTATCT-1",0
"GTATCTTAGTTGTCGT-1",0
"GTATCTTCACACCGCA-1",2.44175376666954
"GTATCTTCACGAAGCA-1",6.86240727863867
"GTATCTTGTTCGCTAA-1",1.89313574700399
"GTATCTTTCATGCTCC-1",1.93704846870536
"GTATCTTTCATGTAGC-1",0
"GTATTCTAGAAACCAT-1",5.52042162783274
"GTATTCTAGACAAAGG-1",0
"GTATTCTCAAAGTCAA-1",3.39542580948379
"GTATTCTCAACAACCT-1",0
"GTATTCTCAACTTGAC-1",1.70335857875318
"GTATTCTCAATAAGCA-1",1.67281284037323
"GTATTCTCAGGGTTAG-1",0
"GTATTCTCATACTACG-1",0
"GTATTCTCATGGTAGG-1",1.94676778204099
"GTATTCTGTAGTGAAT-1",2.01911794411343
"GTATTCTGTCTAGAGG-1",0
"GTCAAGTCATATGCTG-1",0
"GTCAAGTCATGGTTGT-1",1.73724132094828
"GTCAAGTGTCAGCTAT-1",0
"GTCAAGTGTTCCACTC-1",0
"GTCACAAAGCCGATTT-1",1.95661467116005
"GTCACAAAGTGGAGTC-1",3.27737292679449
"GTCACAACAGGTGGAT-1",0
"GTCACAAGTAAACGCG-1",1.80098540064175
"GTCACAATCAGGATCT-1",0
"GTCACAATCAGTTGAC-1",1.74734361007703
"GTCACAATCATGCATG-1",0
"GTCACGGAGATCACGG-1",0
"GTCACGGCATATACCG-1",0
"GTCACGGGTGAGTGAC-1",1.89313574700399
"GTCACGGGTGTGGCTC-1",0
"GTCACGGTCGAGAGCA-1",3.45361824924823
"GTCACGGTCTACCTGC-1",1.44714843721857
"GTCATTTAGAGACTAT-1",0
"GTCATTTCACGTGAGA-1",1.90862732886202
"GTCATTTGTAGAAGGA-1",3.48328650659221
"GTCATTTGTCAGATAA-1",3.87426407816625
"GTCATTTTCCAGAGGA-1",1.83380048909946
"GTCCTCAAGCCCAACC-1",0
"GTCCTCAAGTAGATGT-1",1.83380048909946
"GTCCTCAAGTGGGCTA-1",1.86493826954485
"GTCCTCACAATCACAC-1",1.99294852323313
"GTCCTCAGTGGAAAGA-1",1.95661467116005
"GTCCTCATCAAAGACA-1",0
"GTCCTCATCGTCCGTT-1",3.87426407816625
"GTCGGGTCACTGAAGG-1",0
"GTCGGGTCACTTCGAA-1",0
"GTCGGGTCATGAAGTA-1",0
"GTCGGGTGTCTCACCT-1",0
"GTCGGGTGTGTGACGA-1",1.71633991396968
"GTCGGGTGTGTGTGCC-1",0
"GTCGGGTGTTACGTCA-1",0
"GTCGGGTTCTGCTGTC-1",3.81313250828225
"GTCGGGTTCTGTGCAA-1",6.3762450603403
"GTCGTAAAGAGATGAG-1",8.07093848834988
"GTCGTAAAGCTGCAAG-1",3.58360539456505
"GTCGTAAAGGCGACAT-1",0
"GTCGTAACATCACGAT-1",0
"GTCGTAAGTATCACCA-1",0
"GTCGTAATCCAAGTAC-1",0
"GTCTCGTAGACCACGA-1",0
"GTCTCGTCAGGAACGT-1",3.45872721222635
"GTCTCGTGTGGTAACG-1",0
"GTCTCGTGTTTGGCGC-1",0
"GTCTCGTTCACCGGGT-1",5.49373850157033
"GTCTCGTTCAGTGCAT-1",0
"GTCTTCGAGACAAGCC-1",5.52042162783274
"GTCTTCGAGGAATGGA-1",0
"GTCTTCGAGTCAAGCG-1",0
"GTCTTCGCACATGGGA-1",0
"GTCTTCGCACCAGGTC-1",0
"GTCTTCGCAGACGCAA-1",1.95661467116005
"GTCTTCGCATAACCTG-1",0
"GTCTTCGCATCGATGT-1",3.10736129227605
"GTCTTCGGTCTAGTGT-1",1.99294852323313
"GTCTTCGTCTCGATGA-1",1.99294852323313
"GTGAAGGAGAGCTGGT-1",0
"GTGAAGGAGATCGGGT-1",0
"GTGAAGGAGCCAGTTT-1",0
"GTGAAGGAGTGTTGAA-1",1.63023814234886
"GTGAAGGCAAAGGCGT-1",0
"GTGAAGGCACTTAAGC-1",0
"GTGAAGGCAGATTGCT-1",0
"GTGAAGGGTATATGGA-1",5.53540776013965
"GTGAAGGGTCTCTCTG-1",0
"GTGAAGGTCTCCTATA-1",0
"GTGCAGCAGACATAAC-1",2.07917908596773
"GTGCAGCAGTGGTCCC-1",0
"GTGCAGCCACATCTTT-1",0
"GTGCAGCGTGAGTATA-1",0
"GTGCAGCTCTTAGAGC-1",3.81313250828225
"GTGCATAAGGCATGGT-1",0
"GTGCATAGTTTGTTGG-1",0
"GTGCATATCAGAGCTT-1",6.29445766665122
"GTGCATATCATCATTC-1",2.76268361299861
"GTGCATATCTGCGTAA-1",0
"GTGCGGTAGCAATCTC-1",1.82371106903466
"GTGCGGTAGGACAGAA-1",0
"GTGCGGTCAAAGGTGC-1",0
"GTGCGGTGTTCAGACT-1",0
"GTGCGGTGTTCTGTTT-1",3.62280722765408
"GTGCGGTTCATCTGCC-1",0
"GTGCGGTTCCAGGGCT-1",0
"GTGCGGTTCGGATGGA-1",1.93299358606497
"GTGCGGTTCTCGTTTA-1",1.82371106903466
"GTGCGGTTCTGCTGTC-1",0
"GTGCTTCAGCCAGTTT-1",2.44175376666954
"GTGCTTCAGGATTCGG-1",0
"GTGCTTCAGTACACCT-1",2.35191829274565
"GTGCTTCCACTTAACG-1",0
"GTGCTTCCAGCTATTG-1",0
"GTGCTTCGTAGAGTGC-1",0
"GTGCTTCTCACAATGC-1",0
"GTGCTTCTCACTTCAT-1",0
"GTGGGTCAGACCGGAT-1",0
"GTGGGTCAGACTGTAA-1",0
"GTGGGTCAGCCGTCGT-1",0
"GTGGGTCCACCAACCG-1",0
"GTGGGTCCACCACCAG-1",0
"GTGTGCGAGACCGGAT-1",1.83380048909946
"GTGTGCGAGACTTGAA-1",0
"GTGTGCGCAGGTCGTC-1",2.35191829274565
"GTGTGCGGTGAGCGAT-1",2.00508635684779
"GTGTGCGTCAGTCAGT-1",1.71633991396968
"GTGTGCGTCCCTTGTG-1",1.66304149031435
"GTGTGCGTCTAACTTC-1",3.45361824924823
"GTGTTAGAGGACAGAA-1",2.07917908596773
"GTGTTAGAGGCATGGT-1",3.10736129227605
"GTGTTAGAGTGGAGAA-1",0
"GTGTTAGAGTTTGCGT-1",1.66304149031435
"GTGTTAGCAATGGAAT-1",8.93935873627528
"GTGTTAGCACCACCAG-1",0
"GTGTTAGGTGCCTGGT-1",0
"GTGTTAGGTGGAAAGA-1",0
"GTGTTAGGTTCCATGA-1",0
"GTGTTAGGTTGGGACA-1",0
"GTTAAGCAGAGCTGCA-1",1.86493826954485
"GTTAAGCAGATAGCAT-1",3.65370952194366
"GTTAAGCAGCTAACAA-1",0
"GTTAAGCAGGCTACGA-1",2.44175376666954
"GTTAAGCAGTGTACCT-1",5.42210631540801
"GTTAAGCAGTTTGCGT-1",0
"GTTAAGCCATTCACTT-1",6.93834789325933
"GTTAAGCGTACTCGCG-1",5.80329145105514
"GTTAAGCGTCTAGGTT-1",2.06162254239992
"GTTAAGCGTGGCAAAC-1",0
"GTTAAGCGTTGCTCCT-1",0
"GTTAAGCTCCTTTCGG-1",1.82371106903466
"GTTACAGAGAGCTATA-1",0
"GTTACAGAGTACGATA-1",8.81075153271572
"GTTACAGCAGACGCCT-1",8.53522011901191
"GTTACAGCATCGGTTA-1",0
"GTTACAGGTATGGTTC-1",1.80436997681998
"GTTACAGGTCGACTGC-1",0
"GTTACAGGTCTAGGTT-1",0
"GTTCATTAGCGATGAC-1",0
"GTTCATTCATATACGC-1",0
"GTTCATTCATTGGCGC-1",6.16008663077252
"GTTCATTGTGCACGAA-1",0
"GTTCATTGTGTTAAGA-1",0
"GTTCATTGTTCAGTAC-1",1.9365404041865
"GTTCGGGAGACGACGT-1",0
"GTTCGGGAGCTAAGAT-1",0
"GTTCGGGAGTGTCTCA-1",0
"GTTCGGGGTAGGGTAC-1",0
"GTTCGGGGTGCAGGTA-1",2.60094076279624
"GTTCGGGTCCACGCAG-1",0
"GTTCGGGTCTACTTAC-1",3.58360539456505
"GTTCTCGAGACCACGA-1",8.82812365613486
"GTTCTCGAGCGATGAC-1",0
"GTTCTCGAGGCCATAG-1",0
"GTTCTCGCATCGGACC-1",5.25871480499363
"GTTCTCGGTAAGGGAA-1",0
"GTTCTCGGTAGCGTAG-1",0
"GTTCTCGGTCCGTGAC-1",1.46275760086849
"GTTCTCGGTGTTAAGA-1",0
"GTTCTCGTCAACGCTA-1",0
"GTTCTCGTCCTGTACC-1",1.56250123311979
"GTTTCTACAAACCTAC-1",2.03804222210607
"GTTTCTACAAGAAAGG-1",0
"GTTTCTAGTGTTGGGA-1",0
"GTTTCTATCCCAACGG-1",0
"GTTTCTATCCGTAGTA-1",0
"GTTTCTATCGGCATCG-1",0
"TAAACCGGTACTTAGC-1",0
"TAAACCGTCACTCTTA-1",0
"TAAACCGTCAGGCGAA-1",0
"TAAACCGTCCGTTGTC-1",1.70335857875318
"TAAACCGTCTTCCTTC-1",0
"TAAGAGACAAGTTGTC-1",0
"TAAGAGAGTATATCCG-1",0
"TAAGAGATCAATCACG-1",2.00508635684779
"TAAGAGATCTAACGGT-1",0
"TAAGAGATCTTTCCTC-1",0
"TAAGCGTAGTGGACGT-1",1.54486005915627
"TAAGCGTAGTGTCTCA-1",0
"TAAGCGTCAGCTTCGG-1",0
"TAAGCGTCAGGTGGAT-1",0
"TAAGCGTGTCCTGCTT-1",0
"TAAGCGTGTGCCTGGT-1",3.45361824924823
"TAAGCGTGTTGTTTGG-1",1.95661467116005
"TAAGCGTTCCTCATTA-1",0
"TAAGCGTTCGGCGCAT-1",2.5775959831465
"TAAGCGTTCTCGCATC-1",0
"TAAGTGCAGGCTAGGT-1",9.67306519968993
"TAAGTGCAGTAGCGGT-1",0
"TAAGTGCCAACGCACC-1",1.83424236669401
"TAAGTGCCATACAGCT-1",1.7575931396333
"TAAGTGCGTAAACACA-1",2.1958036179497
"TAAGTGCGTCTCACCT-1",1.83380048909946
"TAAGTGCGTTCAGACT-1",0
"TAAGTGCTCACCCTCA-1",3.37694194319434
"TAAGTGCTCACTGGGC-1",0
"TAAGTGCTCTGGCGTG-1",0
"TACACGACACCCATTC-1",5.42094847108557
"TACACGAGTGATAAAC-1",0
"TACACGATCTGTCTCG-1",1.73724132094828
"TACAGTGAGATGCGAC-1",0
"TACAGTGAGCGTTGCC-1",0
"TACAGTGAGTGTACGG-1",0
"TACAGTGCAGGAATCG-1",8.10649172825143
"TACAGTGCAGGTGCCT-1",6.86240727863867
"TACAGTGGTACTCAAC-1",0
"TACAGTGGTTGGACCC-1",0
"TACCTATAGAGCTGGT-1",0
"TACCTATAGAGTTGGC-1",2.5775959831465
"TACCTATAGGCTCATT-1",1.90862732886202
"TACCTATAGTTAGCGG-1",1.81893505460702
"TACCTATCAAGCTGGA-1",0
"TACCTATGTAAATGAC-1",0
"TACCTATGTAGAGTGC-1",0
"TACCTATGTCACCTAA-1",1.83734307652052
"TACCTATGTGTTGAGG-1",0
"TACCTATGTTAAAGAC-1",3.28856825862494
"TACCTATTCTATGTGG-1",0
"TACCTATTCTTCCTTC-1",1.73724132094828
"TACCTTAAGAGGTTGC-1",3.79033555161902
"TACCTTAAGTCAAGCG-1",0
"TACCTTAAGTGGTCCC-1",1.84717530836962
"TACCTTACAACTGGCC-1",1.94676778204099
"TACCTTACAAGGGTCA-1",1.67281284037323
"TACCTTACACTCAGGC-1",1.9734956971021
"TACCTTACATCTACGA-1",1.74734361007703
"TACCTTAGTAGCGTCC-1",0
"TACCTTAGTCTCCACT-1",0
"TACGGATAGATGGCGT-1",0
"TACGGATAGGTACTCT-1",0
"TACGGATCAGGGATTG-1",3.54612529569794
"TACGGATCATCACCCT-1",0
"TACGGATGTCTAGCCG-1",1.56999486775314
"TACGGATTCGGTGTCG-1",0
"TACGGATTCTACTATC-1",1.83424236669401
"TACGGGCAGGATGCGT-1",0
"TACGGGCAGGGAACGG-1",1.80098540064175
"TACGGGCAGTATTGGA-1",0
"TACGGGCAGTCAAGCG-1",0
"TACGGGCCAAGAAGAG-1",0
"TACGGGCCACCAGATT-1",0
"TACGGGCCATCAGTAC-1",0
"TACGGGCGTAAGGGCT-1",0
"TACGGGCGTCTGATTG-1",0
"TACGGGCGTGATGTGG-1",1.93299358606497
"TACGGGCTCACCTTAT-1",0
"TACGGGCTCAGCTCTC-1",0
"TACGGGCTCCACGAAT-1",6.92638776631067
"TACGGGCTCCTATTCA-1",4.37689507090044
"TACGGGCTCGGTGTTA-1",0
"TACGGTAAGATATGGT-1",0
"TACGGTAAGCCGATTT-1",0
"TACGGTAAGTCATGCT-1",0
"TACGGTAAGTGCCATT-1",3.39327044507812
"TACGGTACACAGGCCT-1",0
"TACGGTACATTTCAGG-1",0
"TACGGTAGTATATCCG-1",0
"TACGGTAGTCACTTCC-1",1.70335857875318
"TACGGTAGTGCAGGTA-1",0
"TACGGTAGTGGGTATG-1",0
"TACGGTATCGCAGGCT-1",0
"TACGGTATCGGACAAG-1",0
"TACGGTATCGTTTATC-1",11.392020317432
"TACTCATAGTCACGCC-1",3.10736129227605
"TACTCATCAATCTACG-1",1.71633991396968
"TACTCATCACGGTAGA-1",1.80098540064175
"TACTCATCACTTCTGC-1",0
"TACTCATCATCCGTGG-1",0
"TACTCATCATGTCGAT-1",1.73724132094828
"TACTCATGTACAGCAG-1",4.43470228990267
"TACTCATGTCTTCAAG-1",0
"TACTCATTCCTTTCTC-1",0
"TACTCGCAGGCGACAT-1",0
"TACTCGCGTCAGAAGC-1",1.86493826954485
"TACTCGCGTCTGATTG-1",0
"TACTCGCGTGTAACGG-1",1.89313574700399
"TACTCGCGTTGAGTTC-1",2.76268361299861
"TACTCGCTCAACGGGA-1",0
"TACTCGCTCCGAATGT-1",0
"TACTTACAGACTAGGC-1",0
"TACTTACAGCTGAACG-1",0
"TACTTACAGTACACCT-1",5.49373850157033
"TACTTACAGTACGCCC-1",0
"TACTTACAGTGATCGG-1",0
"TACTTACCAAGCCGTC-1",0
"TACTTACCACAGGTTT-1",0
"TACTTACTCGCGTTTC-1",0
"TACTTGTAGCGATATA-1",0
"TACTTGTAGTAATCCC-1",0
"TACTTGTCAAACAACA-1",0
"TACTTGTCATGCAACT-1",2.44175376666954
"TACTTGTGTAGCACGA-1",2.03804222210607
"TACTTGTGTATAAACG-1",0
"TACTTGTGTTCCACAA-1",1.56999486775314
"TACTTGTTCTGCAGTA-1",0
"TAGACCAAGAGACGAA-1",0
"TAGACCAAGCCTCGTG-1",0
"TAGACCAAGTCGATAA-1",0
"TAGACCACAACACCCG-1",3.41766357996542
"TAGACCAGTAGATTAG-1",1.82371106903466
"TAGACCAGTTCATGGT-1",1.94676778204099
"TAGACCATCACTTCAT-1",3.39327044507812
"TAGACCATCGTCACGG-1",0
"TAGACCATCTCCAGGG-1",0
"TAGAGCTAGAATTCCC-1",0
"TAGAGCTAGTATTGGA-1",0
"TAGAGCTCACTGAAGG-1",0
"TAGAGCTGTACTTGAC-1",1.58063191318502
"TAGAGCTGTCTAAAGA-1",0
"TAGCCGGAGACTGGGT-1",1.58339518249613
"TAGCCGGAGTCCCACG-1",0
"TAGCCGGAGTGACATA-1",0
"TAGCCGGCAGCAGTTT-1",0
"TAGCCGGGTACAGTGG-1",0
"TAGCCGGGTACCATCA-1",0
"TAGCCGGGTCGCGAAA-1",0
"TAGCCGGTCACGACTA-1",0
"TAGGCATAGAACTGTA-1",3.87426407816625
"TAGGCATAGCTAGGCA-1",1.93299358606497
"TAGGCATAGTCGTACT-1",0
"TAGGCATAGTTTAGGA-1",0
"TAGGCATCAAGCCTAT-1",1.89313574700399
"TAGGCATCAGACGCAA-1",0
"TAGGCATGTACGAAAT-1",0
"TAGGCATGTCCAGTTA-1",0
"TAGGCATGTTCCACTC-1",0
"TAGGCATTCCCTAACC-1",1.83380048909946
"TAGGCATTCGCTAGCG-1",0
"TAGGCATTCGTAGATC-1",8.53522011901191
"TAGGCATTCTTCATGT-1",0
"TAGTGGTAGATCACGG-1",0
"TAGTGGTAGCTGTTCA-1",0
"TAGTGGTCAGTATAAG-1",1.93299358606497
"TAGTGGTGTAGCGTAG-1",0
"TAGTGGTTCAGCATGT-1",2.11938402866758
"TAGTGGTTCGGCGCAT-1",0
"TAGTGGTTCTCAAGTG-1",1.95661467116005
"TAGTGGTTCTGGGCCA-1",0
"TAGTGGTTCTTTAGTC-1",1.82327557732498
"TAGTTGGAGATAGGAG-1",6.93834789325933
"TAGTTGGCAGACGCAA-1",6.86240727863867
"TAGTTGGCATGCGCAC-1",0
"TAGTTGGGTATGGTTC-1",3.60437978764042
"TAGTTGGTCCGAATGT-1",0
"TAGTTGGTCTACTCAT-1",0
"TAGTTGGTCTCTAAGG-1",1.67281284037323
"TAGTTGGTCTGATACG-1",4.43470228990267
"TATCAGGAGAGTAAGG-1",3.39327044507812
"TATCAGGAGATCCGAG-1",0
"TATCAGGAGCAGATCG-1",0
"TATCAGGAGGTGCTTT-1",0
"TATCAGGCAACTTGAC-1",0
"TATCAGGCACGTTGGC-1",1.41141053587434
"TATCAGGGTCCGTTAA-1",1.46275760086849
"TATCAGGGTCTGCAAT-1",0
"TATCAGGGTTAAAGAC-1",0
"TATCAGGTCAAGATCC-1",0
"TATCAGGTCCACTCCA-1",0
"TATCAGGTCGTAGGTT-1",0
"TATCTCAAGAGTTGGC-1",2.44175376666954
"TATCTCAAGCCACCTG-1",0
"TATCTCAAGCGTAATA-1",0
"TATCTCAAGGCTAGCA-1",0
"TATCTCAAGTGGGCTA-1",2.60094076279624
"TATCTCACATGTCCTC-1",3.09138523229896
"TATCTCAGTAACGACG-1",0
"TATCTCAGTACCTACA-1",1.91156841590416
"TATCTCAGTACGACCC-1",0
"TATCTCAGTCAATGTC-1",0
"TATCTCATCAAGCCTA-1",1.45490401742683
"TATGCCCAGAAACCGC-1",0
"TATGCCCAGGTAGCTG-1",1.71633991396968
"TATGCCCCAATGGAAT-1",1.63023814234886
"TATGCCCCACTTAACG-1",0
"TATGCCCCATGTTCCC-1",0
"TATGCCCGTAGCCTCG-1",3.39542580948379
"TATGCCCGTATAGGGC-1",1.58339518249613
"TATGCCCGTATGAAAC-1",0
"TATGCCCGTCGCCATG-1",0
"TATGCCCGTGCCTTGG-1",2.5775959831465
"TATGCCCGTTAAGATG-1",0
"TATGCCCGTTGGTGGA-1",0
"TATGCCCGTTTAGGAA-1",0
"TATTACCAGAGAGCTC-1",1.58339518249613
"TATTACCAGCAAATCA-1",3.27737292679449
"TATTACCAGCCCGAAA-1",5.36009005114865
"TATTACCAGTATCTCG-1",0
"TATTACCCAAAGTGCG-1",1.83424236669401
"TATTACCCAGACAAGC-1",0
"TATTACCCAGTCAGCC-1",5.53540776013965
"TATTACCCATAAAGGT-1",0
"TATTACCCATCTACGA-1",5.31256475254843
"TATTACCGTCCAGTAT-1",0
"TCAACGAAGCCGATTT-1",3.37694194319434
"TCAACGAAGCGATGAC-1",3.21239593651609
"TCAACGAAGGCATGTG-1",3.45361824924823
"TCAACGAAGTAGTGCG-1",3.60437978764042
"TCAACGACACCAGGCT-1",0
"TCAACGACATGCCTTC-1",0
"TCAACGAGTTACCAGT-1",1.75244973605793
"TCAACGAGTTCCATGA-1",5.36009005114865
"TCAACGAGTTCTGGTA-1",5.36009005114865
"TCAACGATCAGTCCCT-1",1.89313574700399
"TCAACGATCTGTGCAA-1",5.52042162783274
"TCAATCTAGATCCCGC-1",8.33218317195699
"TCAATCTCACAAGCCC-1",2.44175376666954
"TCAATCTCACAGCCCA-1",3.5707503481594
"TCAATCTCATGACGGA-1",0
"TCAATCTCATTTGCTT-1",0
"TCAATCTGTAGTGAAT-1",1.75244973605793
"TCAATCTGTTAGATGA-1",1.58339518249613
"TCAATCTTCAGATAAG-1",0
"TCAATCTTCATGTCCC-1",0
"TCACAAGAGACTGGGT-1",3.27737292679449
"TCACAAGAGAGAGCTC-1",1.84717530836962
"TCACAAGAGGCCCTCA-1",8.81075153271572
"TCACAAGAGGTGGGTT-1",0
"TCACAAGAGTAGATGT-1",1.58339518249613
"TCACAAGCAGTATGCT-1",0
"TCACAAGCATAACCTG-1",2.1958036179497
"TCACAAGCATGACATC-1",0
"TCACAAGGTCAGATAA-1",0
"TCACAAGGTGTGGTTT-1",0
"TCACAAGTCATCATTC-1",6.3762450603403
"TCACAAGTCATGCATG-1",0
"TCACGAAAGCTCCTTC-1",0
"TCACGAAAGGTGCTTT-1",0
"TCACGAAAGTCTCGGC-1",0
"TCACGAACACAAGACG-1",0
"TCACGAACACTGTCGG-1",0
"TCACGAAGTGGTCCGT-1",0
"TCACGAAGTTGGTGGA-1",3.41766357996542
"TCACGAATCATGCAAC-1",0
"TCACGAATCCCGACTT-1",0
"TCACGAATCCTCGCAT-1",0
"TCACGAATCGTCACGG-1",1.95661467116005
"TCAGATGAGGTGCACA-1",7.21511199682821
"TCAGATGGTCTTGTCC-1",0
"TCAGATGGTGCCTGCA-1",0
"TCAGATGGTGCTGTAT-1",0
"TCAGATGTCAGTTTGG-1",1.82371106903466
"TCAGATGTCGCATGAT-1",6.29445766665122
"TCAGATGTCTCCTATA-1",0
"TCAGCAAAGGAGTCTG-1",0
"TCAGCAAAGGCTCATT-1",0
"TCAGCAAAGTACGACG-1",2.44175376666954
"TCAGCAAAGTGGCACA-1",0
"TCAGCAACACGCATCG-1",0
"TCAGCAAGTACCGGCT-1",0
"TCAGCAATCAGCGATT-1",0
"TCAGCAATCGGAAACG-1",1.66304149031435
"TCAGCAATCTTCAACT-1",6.92638776631067
"TCAGCTCAGGTGTTAA-1",0
"TCAGCTCAGTATGACA-1",0
"TCAGCTCCAATCTGCA-1",0
"TCAGCTCCACGGTTTA-1",2.5775959831465
"TCAGCTCGTAATAGCA-1",1.81893505460702
"TCAGCTCGTCCGTCAG-1",0
"TCAGCTCGTTCACGGC-1",5.80329145105514
"TCAGCTCTCACGATGT-1",3.27737292679449
"TCAGCTCTCATGCATG-1",0
"TCAGCTCTCCTAAGTG-1",1.44714843721857
"TCAGCTCTCTCGTATT-1",0
"TCAGGATAGACAGAGA-1",0
"TCAGGATAGATATGGT-1",0
"TCAGGATCAAACGTGG-1",1.46275760086849
"TCAGGATCAAGTTCTG-1",0
"TCAGGATCACGGTGTC-1",0
"TCAGGATCACTGTGTA-1",0
"TCAGGATCAGCATACT-1",1.70335857875318
"TCAGGATCATCTGGTA-1",0
"TCAGGATGTAAGCACG-1",4.88879024820053
"TCAGGATGTGGCCCTA-1",1.74734361007703
"TCAGGATTCCGATATG-1",0
"TCAGGATTCTCGATGA-1",1.56999486775314
"TCAGGTAAGATGGCGT-1",0
"TCAGGTAAGTGTTTGC-1",0
"TCAGGTACACAAGTAA-1",0
"TCAGGTACACAGAGGT-1",0
"TCAGGTACAGCTGCTG-1",4.83902742936024
"TCAGGTAGTAAACGCG-1",1.82371106903466
"TCATTACAGAAACCAT-1",1.56999486775314
"TCATTACAGGAGTTGC-1",0
"TCATTACAGTTGCAGG-1",4.00819084941725
"TCATTACCACATCCAA-1",3.41766357996542
"TCATTACCAGTCAGCC-1",2.09651480349671
"TCATTACGTACGCACC-1",0
"TCATTACGTCTAGAGG-1",0
"TCATTACGTGAAGGCT-1",0
"TCATTACGTTCTGTTT-1",0
"TCATTACTCATCGATG-1",1.93704846870536
"TCATTTGAGCCAGTTT-1",1.74734361007703
"TCATTTGCACGTCTCT-1",0
"TCATTTGCAGTTAACC-1",0
"TCATTTGTCCAGAGGA-1",2.09651480349671
"TCATTTGTCCCTTGCA-1",8.53522011901191
"TCATTTGTCCGTCAAA-1",0
"TCATTTGTCGCTAGCG-1",5.26645756163661
"TCATTTGTCGTACGGC-1",0
"TCATTTGTCTCTGCTG-1",0
"TCCACACCAAAGAATC-1",1.99240137735663
"TCCACACCACGCCAGT-1",1.3821090037397
"TCCACACGTACAGCAG-1",0
"TCCACACGTAGCCTAT-1",3.60437978764042
"TCCACACGTCATCGGC-1",1.82371106903466
"TCCACACGTGACCAAG-1",1.74734361007703
"TCCACACGTGCGAAAC-1",0
"TCCACACTCAACACCA-1",7.28974530814416
"TCCACACTCCAGTATG-1",0
"TCCACACTCCCATTTA-1",0
"TCCACACTCGAACTGT-1",5.49373850157033
"TCCCGATAGAAGAAGC-1",0
"TCCCGATAGCACAGGT-1",3.58114409917649
"TCCCGATAGCCGGTAA-1",1.86493826954485
"TCCCGATCAAGGTTCT-1",0
"TCCCGATCAGCCAATT-1",0
"TCCCGATCATCCAACA-1",0
"TCCCGATGTAAGGATT-1",0
"TCCCGATGTCAATACC-1",1.93704846870536
"TCCCGATTCAGAAATG-1",0
"TCCCGATTCAGTCCCT-1",0
"TCCCGATTCATCTGTT-1",0
"TCCCGATTCCCTAATT-1",0
"TCCCGATTCTGGAGCC-1",0
"TCGAGGCAGCGATGAC-1",0
"TCGAGGCAGTGTTTGC-1",1.58063191318502
"TCGAGGCCAAAGAATC-1",1.45490401742683
"TCGAGGCCAAGTTCTG-1",1.99240137735663
"TCGAGGCCAGTAACGG-1",1.74734361007703
"TCGAGGCGTATATCCG-1",2.06162254239992
"TCGAGGCTCGCAAGCC-1",3.09138523229896
"TCGAGGCTCTTGAGAC-1",1.90862732886202
"TCGAGGCTCTTTCCTC-1",0
"TCGCGAGAGACAAAGG-1",1.89313574700399
"TCGCGAGAGTGAATTG-1",0
"TCGCGAGCAAGCGTAG-1",0
"TCGCGAGCACCGAATT-1",0
"TCGCGAGCAGTAAGAT-1",0
"TCGCGAGTCCACGAAT-1",0
"TCGCGAGTCTAGCACA-1",0
"TCGCGAGTCTCTAGGA-1",3.62280722765408
"TCGCGAGTCTTCATGT-1",5.80329145105514
"TCGCGTTAGTGGGCTA-1",0
"TCGCGTTCACAGGCCT-1",1.9734956971021
"TCGCGTTCATCACAAC-1",0
"TCGCGTTCATCTCGCT-1",0
"TCGCGTTGTTCACCTC-1",1.58063191318502
"TCGCGTTTCAAGATCC-1",3.10736129227605
"TCGCGTTTCAGGTAAA-1",0
"TCGCGTTTCATTCACT-1",0
"TCGCGTTTCCTGTACC-1",1.77325184657207
"TCGCGTTTCGCCCTTA-1",6.28233624242301
"TCGGGACCACACATGT-1",0
"TCGGGACTCCTTGCCA-1",5.49373850157033
"TCGGGACTCTGCGGCA-1",0
"TCGGGACTCTTGTCAT-1",1.84717530836962
"TCGGTAAAGACAGGCT-1",1.9365404041865
"TCGGTAAAGCTCAACT-1",5.53540776013965
"TCGGTAACAAGCTGAG-1",5.41187654410084
"TCGGTAACAGGAATGC-1",6.80759649131486
"TCGGTAAGTATATGGA-1",0
"TCGGTAAGTCTAGTCA-1",0
"TCGGTAATCCCGGATG-1",3.27737292679449
"TCGTACCAGCAGGCTA-1",3.39542580948379
"TCGTACCAGTTTCCTT-1",3.54612529569794
"TCGTACCGTTTGCATG-1",1.6848688061171
"TCGTACCTCGGGAGTA-1",3.39542580948379
"TCGTAGAAGCTAACTC-1",0
"TCGTAGAAGGCGACAT-1",0
"TCGTAGAAGGGAACGG-1",1.73724132094828
"TCGTAGAAGTCCATAC-1",0
"TCGTAGACAATCCAAC-1",0
"TCGTAGACACTCAGGC-1",0
"TCGTAGAGTATGAATG-1",0
"TCGTAGAGTGAGCGAT-1",3.79033555161902
"TCGTAGAGTGTGTGCC-1",0
"TCGTAGAGTTCAACCA-1",1.66304149031435
"TCGTAGAGTTCCATGA-1",0
"TCGTAGATCCAAGCCG-1",0
"TCGTAGATCTTAGCCC-1",3.10736129227605
"TCTATTGAGCGATTCT-1",5.49373850157033
"TCTATTGAGTGCCATT-1",1.95661467116005
"TCTATTGCACATCTTT-1",0
"TCTATTGGTAAGTGTA-1",0
"TCTATTGGTCCAACTA-1",0
"TCTATTGGTCTGCCAG-1",1.9365404041865
"TCTATTGGTTGCTCCT-1",0
"TCTATTGTCGGCGCTA-1",0
"TCTCATAAGCTAAACA-1",0
"TCTCATAAGCTAGTCT-1",0
"TCTCATAAGTGCCATT-1",0
"TCTCATAGTACCGGCT-1",5.36009005114865
"TCTCATAGTGTAAGTA-1",0
"TCTCATATCAAGCCTA-1",1.82023447116132
"TCTCATATCACCTTAT-1",0
"TCTCATATCCTGTACC-1",0
"TCTCTAAAGACCGGAT-1",8.33218317195699
"TCTCTAAAGGGTGTTG-1",0
"TCTCTAACAGCCTATA-1",0
"TCTCTAAGTCCAGTAT-1",1.46275760086849
"TCTCTAAGTCCATGAT-1",0
"TCTCTAAGTCTCATCC-1",0
"TCTCTAAGTGGAAAGA-1",0
"TCTCTAATCAAACCAC-1",1.9365404041865
"TCTCTAATCACAGGCC-1",5.80329145105514
"TCTCTAATCACATACG-1",2.09651480349671
"TCTCTAATCCGTAGGC-1",1.58339518249613
"TCTCTAATCGTATCAG-1",0
"TCTGAGACAAACCTAC-1",0
"TCTGAGACAGAGTGTG-1",1.94676778204099
"TCTGAGAGTAAGGGAA-1",0
"TCTGAGATCCTTGACC-1",3.62280722765408
"TCTGAGATCTATCCTA-1",3.87426407816625
"TCTGGAAAGCGATGAC-1",0
"TCTGGAAAGCTCTCGG-1",0
"TCTGGAAAGGAGCGAG-1",3.87426407816625
"TCTGGAACACAAGACG-1",2.60094076279624
"TCTGGAACACACTGCG-1",1.89313574700399
"TCTGGAACACTTCTGC-1",5.00033136477356
"TCTGGAAGTGAGTATA-1",0
"TCTTCGGAGGTTCCTA-1",1.82371106903466
"TCTTCGGAGTTCGATC-1",0
"TCTTCGGCAAAGCAAT-1",1.90862732886202
"TCTTCGGCAAAGGTGC-1",0
"TCTTCGGCAATAGCAA-1",0
"TCTTCGGCAATGTAAG-1",1.44714843721857
"TCTTCGGCACACCGAC-1",0
"TCTTCGGCAGCCAATT-1",8.07093848834988
"TCTTCGGGTCATTAGC-1",1.83734307652052
"TCTTCGGTCGTAGGTT-1",0
"TCTTCGGTCTCTAAGG-1",0
"TCTTTCCAGAGAGCTC-1",0
"TCTTTCCAGTCATCCA-1",0
"TCTTTCCCATCTCCCA-1",0
"TCTTTCCGTAATCACC-1",1.45490401742683
"TCTTTCCGTAGTACCT-1",3.40684727824273
"TCTTTCCTCACAACGT-1",0
"TCTTTCCTCAGCTGGC-1",2.00508635684779
"TCTTTCCTCCAAGTAC-1",0
"TCTTTCCTCCTCGCAT-1",0
"TGAAAGAAGCTAAGAT-1",0
"TGAAAGACAAGCCGTC-1",5.1800991248148
"TGAAAGACACATTCGA-1",3.95766928064634
"TGAAAGACATGAGCGA-1",0
"TGAAAGAGTCTAGCGC-1",3.27737292679449
"TGAAAGAGTCTCATCC-1",0
"TGAAAGATCCCGACTT-1",0
"TGAAAGATCTATGTGG-1",0
"TGACAACCAAGCGAGT-1",1.9734956971021
"TGACAACGTAGGGACT-1",3.60437978764042
"TGACAACGTGCGCTTG-1",0
"TGACAACGTGGTTTCA-1",0
"TGACAACTCACAAACC-1",0
"TGACAACTCCACGTGG-1",2.35191829274565
"TGACAACTCGAATGCT-1",0
"TGACGGCAGCGCCTCA-1",1.58063191318502
"TGACGGCAGGCTCAGA-1",0
"TGACGGCAGTCAAGCG-1",0
"TGACGGCCACAGACTT-1",1.89313574700399
"TGACGGCGTCATCCCT-1",0
"TGACGGCTCAGGCGAA-1",0
"TGACGGCTCCACTGGG-1",3.79033555161902
"TGACTAGAGACCCACC-1",0
"TGACTAGAGGGCATGT-1",0
"TGACTAGAGTCTCAAC-1",0
"TGACTAGAGTTGAGAT-1",0
"TGACTAGCAGCATACT-1",0
"TGACTAGCAGTCAGAG-1",2.00508635684779
"TGACTAGCATTTCACT-1",0
"TGACTAGGTAAATACG-1",0
"TGACTAGGTGAAAGAG-1",1.74734361007703
"TGACTAGGTGCAGTAG-1",0
"TGACTAGTCATGCATG-1",4.17566428026072
"TGACTAGTCCATGCTC-1",0
"TGACTAGTCTGTTGAG-1",1.77325184657207
"TGACTTTAGAACAATC-1",0
"TGACTTTAGTCTCGGC-1",0
"TGACTTTAGTTAGGTA-1",0
"TGACTTTCAGTCCTTC-1",1.89313574700399
"TGACTTTCATTATCTC-1",0
"TGACTTTGTCACACGC-1",0
"TGACTTTTCCTCAATT-1",3.39327044507812
"TGACTTTTCTGCCCTA-1",0
"TGAGAGGAGGCTCATT-1",0
"TGAGAGGCAAAGTCAA-1",0
"TGAGAGGCAAGCCATT-1",0
"TGAGAGGCACCATGTA-1",0
"TGAGAGGGTCACTGGC-1",5.25871480499363
"TGAGAGGGTCTAAACC-1",1.93704846870536
"TGAGAGGTCGAACTGT-1",3.37694194319434
"TGAGAGGTCGCGTTTC-1",1.89313574700399
"TGAGAGGTCTGACCTC-1",0
"TGAGCATAGAAACGAG-1",0
"TGAGCATAGAAGCCCA-1",5.41187654410084
"TGAGCATAGATGTCGG-1",0
"TGAGCATAGGAATGGA-1",0
"TGAGCATCACCAGGCT-1",0
"TGAGCATCAGATGAGC-1",0
"TGAGCATCAGCGTAAG-1",0
"TGAGCATCAGCTGTAT-1",0
"TGAGCATGTGGCCCTA-1",0
"TGAGCATTCCACGTTC-1",5.53540776013965
"TGAGCATTCCGATATG-1",0
"TGAGCATTCGGCCGAT-1",0
"TGAGCCGCATCGGGTC-1",0
"TGAGCCGGTCGAACAG-1",0
"TGAGCCGGTGTAATGA-1",0
"TGAGCCGGTTGATTCG-1",1.74734361007703
"TGAGCCGTCATCTGCC-1",3.90648928316707
"TGAGCCGTCGTCACGG-1",0
"TGAGCCGTCTTGAGGT-1",0
"TGAGGGAAGAGACTAT-1",0
"TGAGGGAAGGAGTACC-1",1.44714843721857
"TGAGGGAAGTCATCCA-1",5.80329145105514
"TGAGGGAAGTCATGCT-1",0
"TGAGGGACACCAGTTA-1",2.44175376666954
"TGAGGGACATAAGACA-1",0
"TGAGGGAGTAAACGCG-1",0
"TGAGGGAGTTAGGGTG-1",11.392020317432
"TGAGGGATCAACGGGA-1",1.56999486775314
"TGAGGGATCTAGCACA-1",0
"TGAGGGATCTCTTATG-1",1.86493826954485
"TGATTTCCATCCGGGT-1",0
"TGATTTCGTAGGCATG-1",0
"TGATTTCGTTAAGACA-1",1.94676778204099
"TGATTTCTCTGATTCT-1",0
"TGCACCTAGACCTTTG-1",0
"TGCACCTAGGACGAAA-1",0
"TGCACCTCAAGTTGTC-1",0
"TGCACCTCAATAGAGT-1",7.2638317621912
"TGCACCTCATCCGGGT-1",0
"TGCACCTGTAATCACC-1",0
"TGCACCTGTCACACGC-1",1.58063191318502
"TGCACCTTCACGGTTA-1",3.09138523229896
"TGCACCTTCATCGGAT-1",0
"TGCACCTTCCGCGGTA-1",4.00819084941725
"TGCACCTTCGAACTGT-1",0
"TGCACCTTCTCTTGAT-1",8.33218317195699
"TGCCAAACAATGTAAG-1",1.73724132094828
"TGCCAAACAATTCCTT-1",0
"TGCCAAAGTTCGCGAC-1",0
"TGCCAAATCCAAACTG-1",0
"TGCCAAATCCCTGACT-1",6.29445766665122
"TGCCAAATCGGCGGTT-1",4.52434589865668
"TGCCCATAGACTAGGC-1",0
"TGCCCATAGCGTCAAG-1",0
"TGCCCATAGCGTGAAC-1",0
"TGCCCATAGCTGTTCA-1",0
"TGCCCATAGGATGGAA-1",5.49373850157033
"TGCCCATAGTACGCCC-1",0
"TGCCCATAGTTGAGTA-1",0
"TGCCCATCACCAGGTC-1",0
"TGCCCATCACGAAATA-1",1.66304149031435
"TGCCCATCAGGACGTA-1",1.90862732886202
"TGCCCATCATGGAATA-1",5.42094847108557
"TGCCCATCATGGATGG-1",0
"TGCCCATGTAGCCTCG-1",0
"TGCCCATTCAAACCGT-1",0
"TGCCCATTCAGGCCCA-1",5.31256475254843
"TGCCCATTCCTTCAAT-1",0
"TGCCCATTCGGAAATA-1",0
"TGCCCTAAGGTCGGAT-1",0
"TGCCCTAAGGTTCCTA-1",0
"TGCCCTACACCACCAG-1",8.07093848834988
"TGCCCTACAGCCACCA-1",0
"TGCCCTACAGTGAGTG-1",0
"TGCCCTAGTCCGAGTC-1",1.35974347987893
"TGCCCTAGTGGTTTCA-1",0
"TGCCCTAGTTTCGCTC-1",5.36009005114865
"TGCCCTATCGACGGAA-1",0
"TGCCCTATCTTCGGTC-1",5.26645756163661
"TGCGCAGAGACTAGGC-1",0
"TGCGCAGAGCACACAG-1",0
"TGCGCAGAGCGTCTAT-1",0
"TGCGCAGAGGAGCGAG-1",0
"TGCGCAGCAAACGTGG-1",0
"TGCGCAGCAGCTCGCA-1",0
"TGCGCAGCAGTAGAGC-1",1.93704846870536
"TGCGCAGTCCTACAGA-1",3.45361824924823
"TGCGGGTAGAGACTTA-1",0
"TGCGGGTAGATCGATA-1",1.82371106903466
"TGCGGGTAGCTCTCGG-1",5.49373850157033
"TGCGGGTAGGTGTGGT-1",5.52042162783274
"TGCGGGTAGTACTTGC-1",0
"TGCGGGTCAATGGAAT-1",0
"TGCGGGTCACACGCTG-1",1.58339518249613
"TGCGGGTCATTGGGCC-1",3.81313250828225
"TGCGGGTGTAGAAAGG-1",4.17566428026072
"TGCGGGTGTCACCTAA-1",1.93299358606497
"TGCGGGTGTCAGATAA-1",7.21511199682821
"TGCGGGTGTTAGAACA-1",0
"TGCGGGTTCAGTTCGA-1",0
"TGCGGGTTCGTAGATC-1",0
"TGCGGGTTCTCTTGAT-1",0
"TGCGTGGAGACGCAAC-1",6.3762450603403
"TGCGTGGAGACTGGGT-1",0
"TGCGTGGCAATTCCTT-1",0
"TGCGTGGGTGCACCAC-1",0
"TGCGTGGTCCGCGCAA-1",0
"TGCGTGGTCGCCCTTA-1",1.70335857875318
"TGCGTGGTCTGGCGAC-1",0
"TGCTACCAGAAAGTGG-1",0
"TGCTACCAGATGGCGT-1",0
"TGCTACCAGCAAATCA-1",3.45872721222635
"TGCTACCAGTCCGTAT-1",1.81893505460702
"TGCTACCCAAGAGGCT-1",1.9734956971021
"TGCTACCCACTTAACG-1",0
"TGCTACCCATCGTCGG-1",0
"TGCTACCCATGGTTGT-1",0
"TGCTACCGTGTGACGA-1",0
"TGCTACCTCCTCGCAT-1",3.27737292679449
"TGCTACCTCTTCTGGC-1",0
"TGCTGCTAGACTAAGT-1",0
"TGCTGCTAGGTGATAT-1",0
"TGCTGCTCAATAGAGT-1",2.03804222210607
"TGCTGCTCACAGACAG-1",1.46275760086849
"TGCTGCTCATCCCATC-1",4.00819084941725
"TGCTGCTCATGGTTGT-1",0
"TGCTGCTGTCATACTG-1",6.3762450603403
"TGCTGCTGTGAAGGCT-1",3.83662467176104
"TGCTGCTTCATTGCGA-1",1.90862732886202
"TGGACGCAGAGGTACC-1",0
"TGGACGCAGTCAAGGC-1",0
"TGGACGCCACAGAGGT-1",0
"TGGACGCCATGGTAGG-1",5.36009005114865
"TGGACGCGTCCGAACC-1",0
"TGGACGCGTCTCCCTA-1",0
"TGGCCAGAGAAGGTGA-1",1.58063191318502
"TGGCCAGAGAGTACAT-1",4.43470228990267
"TGGCCAGAGGCGATAC-1",0
"TGGCCAGAGGCGTACA-1",2.01911794411343
"TGGCCAGCAACTGCGC-1",8.33218317195699
"TGGCCAGCACGACTCG-1",0
"TGGCCAGGTCAATACC-1",1.6848688061171
"TGGCCAGTCGTAGATC-1",0
"TGGCCAGTCTATCCCG-1",0
"TGGCGCAAGCTACCTA-1",0
"TGGCGCAAGCTATGCT-1",3.58360539456505
"TGGCGCAAGTGTGGCA-1",0
"TGGCGCAAGTTACCCA-1",0
"TGGCGCACACAGGCCT-1",1.70335857875318
"TGGCGCACACGGATAG-1",0
"TGGCGCACAGCGATCC-1",0
"TGGCGCACATAGGATA-1",2.35191829274565
"TGGCGCAGTACTCTCC-1",0
"TGGCGCAGTGGACGAT-1",0
"TGGCGCAGTTATGTGC-1",0
"TGGCGCATCAAGAAGT-1",1.6848688061171
"TGGCGCATCATGCTCC-1",0
"TGGCGCATCATGTGGT-1",0
"TGGCGCATCATTATCC-1",3.45872721222635
"TGGCGCATCGTGGTCG-1",5.49373850157033
"TGGCTGGAGCGGATCA-1",3.58958547961709
"TGGCTGGAGTGCAAGC-1",0
"TGGCTGGCAAGTTAAG-1",0
"TGGCTGGCACGGATAG-1",0
"TGGCTGGCAGGAACGT-1",0
"TGGCTGGGTCGAGTTT-1",2.5775959831465
"TGGCTGGGTCGGCATC-1",1.82371106903466
"TGGCTGGGTCTAGCCG-1",3.45361824924823
"TGGCTGGGTTACGCGC-1",0
"TGGCTGGGTTGGACCC-1",2.00508635684779
"TGGCTGGTCTCGTTTA-1",1.89313574700399
"TGGGAAGAGATATACG-1",0
"TGGGAAGAGCCCAATT-1",3.64810248399347
"TGGGAAGAGCGCTCCA-1",2.01911794411343
"TGGGAAGAGGGCTTCC-1",0
"TGGGAAGAGTAAGTAC-1",0
"TGGGAAGAGTTAACGA-1",2.5775959831465
"TGGGAAGCAAGGTGTG-1",0
"TGGGAAGCAGATCCAT-1",0
"TGGGAAGCAGCGAACA-1",1.83380048909946
"TGGGAAGGTAAGTTCC-1",0
"TGGGAAGGTTAGATGA-1",0
"TGGGAAGGTTATTCTC-1",0
"TGGGAAGTCCCAAGAT-1",3.65370952194366
"TGGGAAGTCCTTCAAT-1",0
"TGGGAAGTCGTGGACC-1",0
"TGGGAAGTCTCCTATA-1",0
"TGGGCGTAGTCTCCTC-1",0
"TGGGCGTCAGACGTAG-1",2.03804222210607
"TGGGCGTCAGGGATTG-1",0
"TGGGCGTGTCCAAGTT-1",2.06162254239992
"TGGGCGTGTCTAGAGG-1",0
"TGGGCGTGTGGCTCCA-1",1.67281284037323
"TGGGCGTGTTTCGCTC-1",0
"TGGGCGTTCAGCTTAG-1",0
"TGGTTAGAGCTACCTA-1",0
"TGGTTAGAGTTAGGTA-1",0
"TGGTTAGGTGATGATA-1",0
"TGGTTAGGTTCACGGC-1",0
"TGGTTAGTCCCGACTT-1",2.5775959831465
"TGGTTAGTCTTGTATC-1",3.09138523229896
"TGGTTCCAGCCGTCGT-1",0
"TGGTTCCAGTAATCCC-1",0
"TGGTTCCCAAGTTGTC-1",0
"TGGTTCCCAGACAAAT-1",3.09138523229896
"TGGTTCCCAGACAGGT-1",0
"TGGTTCCCAGCTCGAC-1",1.66304149031435
"TGGTTCCCATGTCCTC-1",0
"TGGTTCCCATTTCACT-1",0
"TGGTTCCGTCCAAGTT-1",8.53522011901191
"TGGTTCCTCACATACG-1",0
"TGGTTCCTCAGCTTAG-1",0
"TGGTTCCTCTAACTTC-1",1.7575931396333
"TGGTTCCTCTAGAGTC-1",0
"TGGTTCCTCTGGGCCA-1",0
"TGTATTCAGCCCGAAA-1",0
"TGTATTCAGCGATCCC-1",1.91156841590416
"TGTATTCCAGGGCATA-1",0
"TGTATTCGTAAGAGAG-1",0
"TGTATTCGTTTGTTTC-1",1.9365404041865
"TGTATTCTCAGCATGT-1",1.58063191318502
"TGTATTCTCATCTGTT-1",0
"TGTCCCAAGCAGATCG-1",0
"TGTCCCAAGCTAGTTC-1",2.00508635684779
"TGTCCCAAGCTGAACG-1",8.11393137827377
"TGTCCCAAGTTGTCGT-1",0
"TGTCCCACAGTAAGCG-1",0
"TGTCCCACATCACGTA-1",3.45812065268917
"TGTCCCAGTAAGAGGA-1",0
"TGTCCCAGTAAGTGGC-1",1.93299358606497
"TGTCCCAGTCGGATCC-1",3.54274917513511
"TGTCCCATCATTTGGG-1",3.79033555161902
"TGTCCCATCTGCAAGT-1",6.86240727863867
"TGTCCCATCTGCGTAA-1",0
"TGTGGTAGTCCCGACA-1",0
"TGTGGTAGTGTGAAAT-1",0
"TGTGGTAGTGTGACGA-1",0
"TGTGGTATCCAGGGCT-1",2.11938402866758
"TGTGGTATCTTGCATT-1",1.74734361007703
"TGTGTTTAGAGGTTAT-1",0
"TGTGTTTAGCGTGAGT-1",5.36009005114865
"TGTGTTTAGTGCGTGA-1",0
"TGTGTTTCATGCGCAC-1",0
"TGTGTTTTCTCATTCA-1",0
"TGTGTTTTCTTTCCTC-1",3.45872721222635
"TGTTCCGAGAGCAATT-1",0
"TGTTCCGAGCAACGGT-1",0
"TGTTCCGAGGAATTAC-1",1.44714843721857
"TGTTCCGAGGACTGGT-1",0
"TGTTCCGCAGTGAGTG-1",5.36009005114865
"TGTTCCGGTGAGTATA-1",0
"TGTTCCGTCAAGCCTA-1",8.07093848834988
"TGTTCCGTCAGTTCGA-1",0
"TGTTCCGTCGGCGGTT-1",0
"TGTTCCGTCTGAAAGA-1",3.37694194319434
"TGTTCCGTCTGGTATG-1",2.06162254239992
"TTAACTCAGTGTACGG-1",0
"TTAACTCCAAGCGCTC-1",0
"TTAACTCCAGGCAGTA-1",7.82001683544658
"TTAACTCGTTCCACAA-1",0
"TTAACTCTCATAAAGG-1",1.84717530836962
"TTAACTCTCCCTCAGT-1",0
"TTAGGACAGCAGGCTA-1",0
"TTAGGACAGCTCTCGG-1",0
"TTAGGACCAAGCCATT-1",2.35191829274565
"TTAGGACCAGTCAGAG-1",1.94676778204099
"TTAGGACGTTTGTTTC-1",1.70335857875318
"TTAGGCAAGAAGATTC-1",0
"TTAGGCAAGAGCCCAA-1",0
"TTAGGCAAGAGTGACC-1",0
"TTAGGCAAGGTTCCTA-1",0
"TTAGGCAAGTCGTTTG-1",0
"TTAGGCAAGTGTACCT-1",0
"TTAGGCACAGACGCTC-1",0
"TTAGGCACATGTTCCC-1",0
"TTAGGCAGTAAGGATT-1",2.01911794411343
"TTAGGCAGTAAGTAGT-1",3.58360539456505
"TTAGGCAGTCTTGATG-1",0
"TTAGGCATCACGCATA-1",0
"TTAGGCATCAGTCAGT-1",0
"TTAGGCATCCAGTATG-1",0
"TTAGGCATCGTTACGA-1",0
"TTAGTTCAGGTGCAAC-1",0
"TTAGTTCCAATGTAAG-1",5.41187654410084
"TTAGTTCCATCCTTGC-1",0
"TTAGTTCGTAGCCTAT-1",0
"TTAGTTCGTGCAGACA-1",1.93704846870536
"TTAGTTCGTGTCAATC-1",1.3821090037397
"TTAGTTCGTTGCCTCT-1",0
"TTAGTTCTCAGGCCCA-1",1.74734361007703
"TTAGTTCTCGCAGGCT-1",0
"TTAGTTCTCTACTATC-1",0
"TTATGCTAGAATGTGT-1",0
"TTATGCTAGCACACAG-1",2.85306248727397
"TTATGCTAGCAGCCTC-1",2.76268361299861
"TTATGCTAGTCCCACG-1",1.58063191318502
"TTATGCTCAGCCAGAA-1",1.84717530836962
"TTATGCTCATACCATG-1",5.52042162783274
"TTATGCTCATGTAGTC-1",0
"TTATGCTGTCCGAGTC-1",0
"TTATGCTTCGATAGAA-1",3.48328650659221
"TTCCCAGAGAATTCCC-1",0
"TTCCCAGAGACTAGAT-1",0
"TTCCCAGAGTATCGAA-1",0
"TTCCCAGCAGATGGGT-1",0
"TTCCCAGCATCAGTAC-1",0
"TTCCCAGCATCTCCCA-1",1.73724132094828
"TTCCCAGCATTACCTT-1",3.76718930025918
"TTCCCAGTCAACACTG-1",1.90618529968292
"TTCCCAGTCGAGAGCA-1",0
"TTCGAAGAGTCTCAAC-1",0
"TTCGAAGCAAGCGCTC-1",4.88879024820053
"TTCGAAGCACATTAGC-1",0
"TTCGAAGCACGGTGTC-1",0
"TTCGGTCAGAGGACGG-1",1.90862732886202
"TTCGGTCAGCACACAG-1",3.60437978764042
"TTCGGTCAGGCCCTCA-1",0
"TTCGGTCAGTGAATTG-1",0
"TTCGGTCAGTTGAGAT-1",0
"TTCGGTCCAAGGGTCA-1",1.80098540064175
"TTCGGTCCACGTCAGC-1",0
"TTCGGTCGTAACGTTC-1",3.10736129227605
"TTCGGTCGTAGAGTGC-1",0
"TTCGGTCGTTCATGGT-1",2.11938402866758
"TTCGGTCGTTCTGTTT-1",1.94676778204099
"TTCGGTCTCAAAGACA-1",2.1958036179497
"TTCGGTCTCCAGTATG-1",0
"TTCGGTCTCGCGTTTC-1",0
"TTCGGTCTCGTCTGAA-1",1.77325184657207
"TTCTACAAGACTAAGT-1",0
"TTCTACAAGCAGCCTC-1",1.93299358606497
"TTCTACAAGCCTTGAT-1",3.45361824924823
"TTCTACAAGGCAGGTT-1",8.33218317195699
"TTCTACAAGGTAAACT-1",1.87515212172843
"TTCTACAAGTTAGGTA-1",5.00033136477356
"TTCTACACACGTGAGA-1",0
"TTCTACACAGCTGTTA-1",1.86493826954485
"TTCTACACATCGATTG-1",0
"TTCTACACATTACGAC-1",0
"TTCTACAGTACCGTTA-1",0
"TTCTACAGTATATGAG-1",0
"TTCTACAGTGGCTCCA-1",7.82001683544658
"TTCTACATCAACGGGA-1",1.71633991396968
"TTCTACATCCGCGTTT-1",0
"TTCTCAAAGAAAGTGG-1",0
"TTCTCAAAGAATCTCC-1",0
"TTCTCAAAGAGGTTAT-1",0
"TTCTCAAAGCAGCCTC-1",0
"TTCTCAAAGCCGCCTA-1",1.77284598709209
"TTCTCAAAGTCAATAG-1",1.67281284037323
"TTCTCAAAGTTGAGAT-1",0
"TTCTCAACACCCAGTG-1",1.83380048909946
"TTCTCAACATTGTGCA-1",0
"TTCTCAAGTATAAACG-1",3.39542580948379
"TTCTCAAGTCCCTTGT-1",9.46729077370798
"TTCTCAAGTCGAGATG-1",0
"TTCTCAATCATCGCTC-1",0
"TTCTCAATCCCTAACC-1",8.07093848834988
"TTCTCAATCGTAGGAG-1",0
"TTCTCCTAGAGTAAGG-1",2.07917908596773
"TTCTCCTAGCGACGTA-1",0
"TTCTCCTAGCGTGAGT-1",5.00033136477356
"TTCTCCTAGTCTCGGC-1",2.11938402866758
"TTCTCCTCAACACGCC-1",0
"TTCTCCTCAATAACGA-1",5.00033136477356
"TTCTCCTGTTAAGAAC-1",1.66304149031435
"TTCTCCTTCAGTTCGA-1",1.58339518249613
"TTCTCCTTCCGTAGGC-1",0
"TTCTCCTTCCTTTCTC-1",0
"TTCTCCTTCTGCAAGT-1",0
"TTCTCCTTCTTCAACT-1",0
"TTCTCCTTCTTGTACT-1",0
"TTCTTAGAGGACTGGT-1",1.82023447116132
"TTCTTAGCAAGGTGTG-1",7.11215424823012
"TTCTTAGCATCGGAAG-1",1.84717530836962
"TTCTTAGGTAGAAGGA-1",0
"TTCTTAGGTCATATGC-1",2.5775959831465
"TTCTTAGTCAGTTCGA-1",0
"TTGAACGGTCACTTCC-1",3.37694194319434
"TTGAACGTCATGTCCC-1",0
"TTGACTTAGCCACGTC-1",1.94676778204099
"TTGACTTAGCGACGTA-1",0
"TTGACTTAGTTAACGA-1",1.71633991396968
"TTGACTTCACTTACGA-1",4.17566428026072
"TTGACTTGTCTCTCTG-1",0
"TTGACTTGTGCGATAG-1",0
"TTGACTTTCCAGAGGA-1",1.46275760086849
"TTGACTTTCTGTCCGT-1",0
"TTGCCGTAGGAGCGTT-1",0
"TTGCCGTAGGTGGGTT-1",1.83734307652052
"TTGCCGTCATGGTCAT-1",1.84717530836962
"TTGCGTCAGACAGAGA-1",1.75244973605793
"TTGCGTCAGCTCCTTC-1",0
"TTGCGTCAGTCCATAC-1",5.53540776013965
"TTGCGTCAGTGAATTG-1",1.90862732886202
"TTGCGTCCAAATTGCC-1",1.68989523212849
"TTGCGTCCACTGTGTA-1",0
"TTGCGTCCAGTCACTA-1",3.27737292679449
"TTGCGTCGTCTGATTG-1",1.74734361007703
"TTGGAACAGCCCAATT-1",1.80098540064175
"TTGGAACAGCGTCTAT-1",0
"TTGGAACAGGCGTACA-1",3.39327044507812
"TTGGAACGTATTACCG-1",0
"TTGGAACTCCCATTAT-1",0
"TTGGAACTCCGTAGTA-1",3.41766357996542
"TTGGAACTCGTCCAGG-1",1.82023447116132
"TTGGCAAAGTTAGGTA-1",0
"TTGGCAAGTATAGGTA-1",0
"TTGGCAATCACATGCA-1",0
"TTGGCAATCAGAGCTT-1",0
"TTGGCAATCGCATGAT-1",0
"TTGGCAATCTAGAGTC-1",0
"TTGTAGGAGGTGCTAG-1",2.76268361299861
"TTGTAGGCACACGCTG-1",0
"TTGTAGGGTCTCCCTA-1",0
"TTGTAGGGTGGTAACG-1",1.58339518249613
"TTGTAGGTCGGCGCTA-1",0
"TTGTAGGTCTGCCAGG-1",0
"TTTACTGAGATCACGG-1",0
"TTTACTGCAAAGCAAT-1",2.5775959831465
"TTTACTGCACATGGGA-1",3.10736129227605
"TTTACTGCACCACGTG-1",0
"TTTACTGCATGGGACA-1",2.01911794411343
"TTTACTGCATGTCCTC-1",2.5775959831465
"TTTACTGGTAACGTTC-1",1.95609318492501
"TTTACTGGTGGTGTAG-1",1.90618529968292
"TTTACTGGTTCGCTAA-1",0
"TTTACTGTCTGGAGCC-1",0
"TTTATGCAGACTGTAA-1",0
"TTTATGCAGATGCGAC-1",0
"TTTATGCAGGCAAAGA-1",0
"TTTATGCAGGCCCGTT-1",0
"TTTATGCAGTTCCACA-1",5.36009005114865
"TTTATGCCAAACGCGA-1",1.94831399636671
"TTTATGCCAATCTGCA-1",0
"TTTATGCCACAGGTTT-1",0
"TTTATGCCAGCCAATT-1",6.29445766665122
"TTTATGCCAGGTCGTC-1",0
"TTTATGCCATGGTCAT-1",3.54750244389456
"TTTATGCTCACATAGC-1",0
"TTTATGCTCACCTTAT-1",0
"TTTATGCTCGGCGGTT-1",0
"TTTATGCTCTCGCTTG-1",1.46275760086849
"TTTCCTCAGCGTGAAC-1",0
"TTTCCTCAGGACTGGT-1",0
"TTTCCTCCAAAGTGCG-1",0
"TTTCCTCCAGGAATGC-1",2.06162254239992
"TTTCCTCCATTAGCCA-1",0
"TTTCCTCGTCCGAAGA-1",0
"TTTCCTCGTCGCTTTC-1",3.10736129227605
"TTTCCTCTCGGCCGAT-1",0
"TTTCCTCTCGTGTAGT-1",3.39327044507812
"TTTGCGCAGCTAAACA-1",3.41766357996542
"TTTGCGCAGCTAGTCT-1",1.93704846870536
"TTTGCGCAGGCCGAAT-1",0
"TTTGCGCAGTCAAGGC-1",0
"TTTGCGCCAAGTAGTA-1",1.93704846870536
"TTTGCGCCAGGTGCCT-1",0
"TTTGCGCGTCTAAACC-1",1.93704846870536
"TTTGCGCTCAAAGTAG-1",0
"TTTGCGCTCATGTAGC-1",0
"TTTGGTTAGAATGTGT-1",2.01911794411343
"TTTGGTTAGACAATAC-1",1.80098540064175
"TTTGGTTAGCGATTCT-1",0
"TTTGGTTAGGCTCAGA-1",0
"TTTGGTTAGTTACCCA-1",4.00819084941725
"TTTGGTTCAAACTGCT-1",0
"TTTGGTTCAAGCTGTT-1",0
"TTTGGTTCAGATCGGA-1",5.80329145105514
"TTTGGTTCATCACAAC-1",0
"TTTGGTTGTACTTCTT-1",0
"TTTGGTTGTATGCTTG-1",0
"TTTGGTTGTGCTTCTC-1",0
"TTTGGTTTCATGCTCC-1",5.00033136477356
"TTTGGTTTCCCTGACT-1",0
"TTTGTCAAGAGTCGGT-1",0
"TTTGTCACAAGTTCTG-1",0
"TTTGTCACAAGTTGTC-1",4.06787960443075
"TTTGTCATCACCTTAT-1",1.82023447116132
"TTTGTCATCCATTCTA-1",0
"TTTGTCATCCTTAATC-1",0
"TTTGTCATCTTATCTG-1",0
