"cell_barcode","expression"
"AAACCTGAGACAGAGA-1",1.23501487044517
"AAACCTGAGACTTTCG-1",1.69568501583596
"AAACCTGAGAGTAAGG-1",0
"AAACCTGAGAGTCGGT-1",0
"AAACCTGAGGATGGAA-1",1.95089811949327
"AAACCTGAGTAGATGT-1",0
"AAACCTGCAATCAGAA-1",4.00552361445464
"AAACCTGCACCGATAT-1",4.20672000600408
"AAACCTGCAGACGTAG-1",1.29967099461141
"AAACCTGCAGTATCTG-1",3.07360640050375
"AAACCTGCATAGTAAG-1",5.45567986761054
"AAACCTGCATGAACCT-1",3.402501537251
"AAACCTGGTAAGAGGA-1",1.85531989622198
"AAACCTGGTCCAACTA-1",4.62871766216977
"AAACCTGTCCGTAGTA-1",5.46872726455832
"AAACCTGTCGAGAGCA-1",4.13455808533112
"AAACGGGAGTACGACG-1",0
"AAACGGGCAAGGTTTC-1",0
"AAACGGGCACGTCAGC-1",3.10315280718969
"AAACGGGCAGCGTTCG-1",3.10315280718969
"AAACGGGGTAGCCTCG-1",3.7847400111522
"AAACGGGGTCTACCTC-1",7.21931976280436
"AAACGGGGTGCGGTAA-1",1.58339518249613
"AAACGGGGTTGTCGCG-1",2.79782606089191
"AAACGGGTCCATGAGT-1",19.8713943322715
"AAACGGGTCCCAACGG-1",8.86540234359906
"AAACGGGTCCCATTAT-1",2.47870084007854
"AAAGATGCAGTCAGCC-1",1.71148987556376
"AAAGATGCATCTACGA-1",11.9158689587314
"AAAGCAAAGCGTCTAT-1",0
"AAAGCAACATGTCGAT-1",0
"AAAGCAAGTAGCTGCC-1",3.86852712790909
"AAAGCAAGTAGGCATG-1",3.66566408793362
"AAAGCAAGTGCGCTTG-1",0
"AAAGCAAGTTATTCTC-1",0
"AAAGCAATCCGTAGTA-1",0
"AAAGTAGAGATGTGTA-1",1.63023814234886
"AAAGTAGAGTGGGCTA-1",0
"AAAGTAGGTATATGGA-1",7.6336461581383
"AAAGTAGGTGAGCGAT-1",0
"AAAGTAGGTTGAGGTG-1",3.40470298924731
"AAATGCCAGCCCTAAT-1",0
"AAATGCCAGCGTGTCC-1",0
"AAATGCCCAACACCTA-1",1.71148987556376
"AAATGCCGTAGGAGTC-1",2.78651413297186
"AAATGCCGTCTTTCAT-1",9.80697309044294
"AAATGCCGTGGTCCGT-1",3.75907118627007
"AAATGCCGTTCCCGAG-1",0
"AAATGCCTCATAGCAC-1",0
"AAATGCCTCGCTTAGA-1",4.20672000600408
"AACACGTAGAATTCCC-1",3.038955359493
"AACACGTAGCCCTAAT-1",1.74656133085108
"AACACGTAGGGTGTGT-1",0
"AACACGTCACTGTCGG-1",1.87049181002277
"AACACGTCATCCCATC-1",1.5087612460887
"AACACGTGTGCAACGA-1",0
"AACACGTGTGTCGCTG-1",3.10835233870886
"AACCATGAGCGCTTAT-1",5.62759848945293
"AACCATGGTCCGTTAA-1",3.86852712790909
"AACCATGTCAGTTCGA-1",0
"AACCATGTCATCGATG-1",1.58339518249613
"AACCATGTCCCAAGTA-1",1.44466720250658
"AACCGCGAGAAGCCCA-1",0
"AACCGCGAGACTGGGT-1",1.44466720250658
"AACCGCGAGAGGTACC-1",0
"AACCGCGAGTTAGGTA-1",0
"AACCGCGAGTTGCAGG-1",1.60624557133513
"AACCGCGCACGGTAGA-1",5.23178764368232
"AACCGCGCAGCATGAG-1",15.3367769147514
"AACCGCGCAGCCTGTG-1",2.19864806512107
"AACCGCGCAGCTGTGC-1",0
"AACCGCGCAGTATGCT-1",7.6336461581383
"AACCGCGGTACTTGAC-1",1.66442885886046
"AACCGCGGTCTGCAAT-1",2.79899167503748
"AACCGCGTCACATGCA-1",0
"AACCGCGTCACCGTAA-1",0
"AACCGCGTCCAGAGGA-1",4.20629907241897
"AACCGCGTCCGAAGAG-1",1.74969568161059
"AACGTTGAGCGATAGC-1",0
"AACGTTGAGCGATCCC-1",0
"AACGTTGAGCTTATCG-1",0
"AACGTTGCAAGTTGTC-1",1.44714843721857
"AACGTTGCAATAGAGT-1",4.62871766216977
"AACGTTGCAATGGATA-1",3.27103590868417
"AACGTTGCATGGATGG-1",0
"AACGTTGCATTCTCAT-1",0
"AACGTTGTCAACACGT-1",1.22541554114186
"AACGTTGTCGAGGTAG-1",2.22290078480014
"AACGTTGTCGGTCCGA-1",1.44714843721857
"AACTCAGAGAGCTATA-1",11.7196106803552
"AACTCAGAGAGTCGGT-1",1.74734361007703
"AACTCAGAGCCACCTG-1",7.46485933549663
"AACTCAGAGCCCAATT-1",19.8713943322715
"AACTCAGCAAACAACA-1",2.96449295625099
"AACTCAGCACAAGCCC-1",4.05141781444364
"AACTCAGCACGGTTTA-1",1.52712153324676
"AACTCAGCAGGATCGA-1",2.22655458198837
"AACTCAGCATAAAGGT-1",7.74057362917078
"AACTCAGGTTCCACAA-1",3.21788743381855
"AACTCAGTCGTACCGG-1",0
"AACTCCCAGCCCAGCT-1",4.02694698515241
"AACTCCCAGCTAAGAT-1",2.24786575859805
"AACTCCCCATGGTCTA-1",2.79899167503748
"AACTCCCGTTGCGCAC-1",0
"AACTCCCTCAAGAAGT-1",3.31674213315032
"AACTCCCTCAAGCCTA-1",1.95401084829981
"AACTCCCTCATCGCTC-1",0
"AACTCCCTCTGCAGTA-1",2.29309641118629
"AACTCCCTCTGGCGTG-1",2.22655458198837
"AACTCTTAGCAGACTG-1",2.2906131819356
"AACTCTTAGTCCGGTC-1",0
"AACTCTTCATGCTAGT-1",0
"AACTCTTGTCGAATCT-1",0
"AACTCTTGTCGGGTCT-1",1.58339518249613
"AACTCTTTCTCAAACG-1",0
"AACTCTTTCTCCAGGG-1",2.47603977637741
"AACTCTTTCTCTGCTG-1",0
"AACTGGTAGAAGATTC-1",0
"AACTGGTAGAGACTAT-1",3.18711576060828
"AACTGGTAGCCAACAG-1",0
"AACTGGTAGTGTACTC-1",0
"AACTGGTCACTGAAGG-1",0
"AACTGGTGTCCGAACC-1",0
"AACTGGTTCGGAGCAA-1",2.78651413297186
"AACTGGTTCGTGGGAA-1",6.79406232912848
"AACTGGTTCTGCTTGC-1",0
"AACTTTCAGCGTGAAC-1",6.00169294921835
"AACTTTCAGTATCTCG-1",3.69156580490035
"AACTTTCAGTTTCCTT-1",1.84897736262192
"AACTTTCCATCCTTGC-1",0
"AACTTTCGTCTAGAGG-1",1.89074424743067
"AACTTTCGTCTCTTTA-1",0
"AACTTTCGTTTGTTTC-1",15.6125834255361
"AAGACCTAGGGCTTCC-1",0
"AAGACCTAGTACACCT-1",3.69156580490035
"AAGACCTGTATATGAG-1",4.1551493448084
"AAGACCTGTATCAGTC-1",3.82534574450904
"AAGACCTGTCCGTGAC-1",2.47870084007854
"AAGACCTGTCGAAAGC-1",0
"AAGACCTTCGCCATAA-1",2.42986315757899
"AAGCCGCAGATCTGAA-1",0
"AAGCCGCAGGGTGTTG-1",3.86852712790909
"AAGCCGCAGTGGACGT-1",0
"AAGCCGCAGTGTACTC-1",0
"AAGCCGCCACGCTTTC-1",1.99970061564194
"AAGCCGCCAGGACGTA-1",0
"AAGCCGCGTACAGTTC-1",1.44714843721857
"AAGCCGCGTCATTAGC-1",1.71148987556376
"AAGCCGCTCACGAAGG-1",0
"AAGCCGCTCAGTTAGC-1",16.1665007783412
"AAGCCGCTCGCAAACT-1",1.90375129004809
"AAGCCGCTCGTCGTTC-1",6.48430778792738
"AAGCCGCTCTTACCGC-1",2.2906131819356
"AAGGAGCAGAAACCGC-1",0
"AAGGAGCAGGCATGTG-1",0
"AAGGAGCAGGCGCTCT-1",0
"AAGGAGCAGTTGAGTA-1",2.22290078480014
"AAGGAGCCACGGCGTT-1",0
"AAGGAGCGTCTGCAAT-1",1.7360849798154
"AAGGAGCTCGTCTGCT-1",6.83137873630248
"AAGGCAGAGAACTGTA-1",2.55029522984696
"AAGGCAGAGAGATGAG-1",0
"AAGGCAGAGGTGATAT-1",0
"AAGGCAGCATAGTAAG-1",0
"AAGGCAGGTACTTCTT-1",2.8904634961405
"AAGGCAGGTGTGCCTG-1",1.47511630303706
"AAGGCAGTCAGATAAG-1",19.8713943322715
"AAGGCAGTCGGAATCT-1",8.86540234359906
"AAGGTTCAGTATCTCG-1",1.65170237368734
"AAGGTTCCATCACGTA-1",6.99429024211507
"AAGGTTCGTATATGGA-1",2.2906131819356
"AAGGTTCGTCCGAATT-1",0
"AAGGTTCGTCGACTAT-1",0
"AAGGTTCGTGTGACCC-1",7.09000271544109
"AAGGTTCTCCGTCATC-1",0
"AAGGTTCTCCTCGCAT-1",2.79899167503748
"AAGGTTCTCTGCGGCA-1",6.13972014271478
"AAGTCTGAGCCATCGC-1",16.7097636119372
"AAGTCTGAGTCAAGCG-1",0
"AAGTCTGCAAAGGAAG-1",7.21931976280436
"AAGTCTGGTCAGCTAT-1",0
"AAGTCTGTCAAACAAG-1",0
"AAGTCTGTCACTGGGC-1",2.47870084007854
"AAGTCTGTCAGCAACT-1",0
"AATCCAGCAAAGTGCG-1",1.74656133085108
"AATCCAGCAGCATACT-1",1.37677047960864
"AATCCAGGTAGGCATG-1",9.55327452424842
"AATCCAGGTCTCCCTA-1",0
"AATCCAGTCCGAATGT-1",4.63981921190245
"AATCGGTAGGCATGGT-1",1.44714843721857
"AATCGGTTCCTGTACC-1",0
"AATCGGTTCGCCGTGA-1",3.70047510819865
"ACACCAAAGATGAGAG-1",1.50520617489663
"ACACCAAAGCCCTAAT-1",0
"ACACCAAAGGATGGTC-1",10.3811336200612
"ACACCAAAGTGTCCAT-1",3.4641584061162
"ACACCAACACTTCGAA-1",4.00552361445464
"ACACCAACAGACGCTC-1",0
"ACACCAACAGCCTATA-1",5.46872726455832
"ACACCAAGTCGCGTGT-1",0
"ACACCAAGTCTAAACC-1",2.96449295625099
"ACACCAAGTTATGTGC-1",0
"ACACCAATCGCGTTTC-1",14.4074475703633
"ACACCCTAGCCAGGAT-1",4.63981921190245
"ACACCCTAGTACTTGC-1",3.98251256695536
"ACACCCTCAAGCGCTC-1",1.89074424743067
"ACACCCTCATCACAAC-1",0
"ACACCCTCATGCCCGA-1",3.40470298924731
"ACACCCTGTCTGGTCG-1",1.45717390144193
"ACACCCTTCCGCAAGC-1",1.3936137675001
"ACACCCTTCCTTGCCA-1",1.71148987556376
"ACACCCTTCTATCCTA-1",0
"ACACCCTTCTGGCGTG-1",0
"ACACCGGAGGCTCAGA-1",3.66566408793362
"ACACCGGAGTGACATA-1",0
"ACACCGGAGTTACCCA-1",5.69583775134536
"ACACCGGCACCAGATT-1",2.47603977637741
"ACACCGGCACCGAAAG-1",5.1402350030812
"ACACCGGCATCACAAC-1",2.22655458198837
"ACACCGGTCCGCATAA-1",0
"ACACCGGTCTCGGACG-1",8.48415528826718
"ACACCGGTCTCTGTCG-1",3.25259821989236
"ACACTGAAGCACGCCT-1",0
"ACACTGAAGGTGATTA-1",1.23935510409886
"ACACTGACAATAGAGT-1",0
"ACACTGACAGACTCGC-1",1.04724759607652
"ACACTGACATCCAACA-1",0
"ACACTGAGTCCGAAGA-1",3.27103590868417
"ACACTGAGTGTTTGTG-1",1.71148987556376
"ACACTGAGTTTGACTG-1",4.05141781444364
"ACAGCCGAGGAATGGA-1",0
"ACAGCCGAGGCCCGTT-1",0
"ACAGCCGAGGTGCTTT-1",3.4641584061162
"ACAGCCGAGTGGTAGC-1",0
"ACAGCCGCATATACGC-1",1.77650710215293
"ACAGCCGCATGCAACT-1",14.4128166801567
"ACAGCCGGTAGGGTAC-1",1.95557205996705
"ACAGCCGGTCGAATCT-1",1.53165274644865
"ACAGCCGGTTCACCTC-1",7.44679666041693
"ACAGCCGGTTCCACTC-1",0
"ACAGCCGTCCAGAAGG-1",3.07360640050375
"ACAGCCGTCTTTACAC-1",3.22469169903664
"ACAGCTAAGCACCGCT-1",0
"ACAGCTAAGTATCTCG-1",1.94010412181633
"ACAGCTAAGTGTTGAA-1",1.74969568161059
"ACAGCTACATCGTCGG-1",2.91663050421407
"ACAGCTAGTCGACTAT-1",0
"ACAGCTAGTGGTACAG-1",2.96449295625099
"ACAGCTATCACCACCT-1",0
"ACAGCTATCTGCTTGC-1",0
"ACATACGAGAGCTTCT-1",5.13945272385525
"ACATACGAGCGTAGTG-1",1.53165274644865
"ACATACGAGCTTCGCG-1",0
"ACATACGAGCTTTGGT-1",0
"ACATACGCAAACGTGG-1",4.08620295556952
"ACATACGCAAGCCTAT-1",1.77650710215293
"ACATACGCATCTCCCA-1",1.90375129004809
"ACATACGCATTCTCAT-1",1.99970061564194
"ACATACGGTAGGAGTC-1",1.88456240551596
"ACATACGGTGCACCAC-1",5.83392586419695
"ACATACGGTGGTTTCA-1",2.8670874628081
"ACATACGTCGTATCAG-1",0
"ACATCAGAGCCACTAT-1",14.5358359338838
"ACATCAGAGCCTTGAT-1",0
"ACATCAGCAACACCCG-1",3.70047510819865
"ACATCAGCAACGATGG-1",3.4641584061162
"ACATCAGCAATTGCTG-1",1.63155982952137
"ACATCAGCACCGGAAA-1",10.9075496858551
"ACATCAGCATAAAGGT-1",3.66566408793362
"ACATCAGCATCCCACT-1",3.25259821989236
"ACATCAGCATTTGCCC-1",2.29309641118629
"ACATCAGGTAAGGATT-1",2.2906131819356
"ACATCAGGTCCGTGAC-1",0
"ACATCAGGTTAAGTAG-1",0
"ACATCAGTCAAACCGT-1",2.47870084007854
"ACATGGTAGCATGGCA-1",0
"ACATGGTAGCTGTTCA-1",1.63023814234886
"ACATGGTCACTTGGAT-1",3.83984593064674
"ACATGGTGTCAGATAA-1",0
"ACATGGTGTCTGCGGT-1",0
"ACATGGTGTGCAACTT-1",3.40470298924731
"ACATGGTTCCGCAAGC-1",0
"ACATGGTTCCTCCTAG-1",2.76719754766386
"ACATGGTTCTGGAGCC-1",0
"ACATGGTTCTTCTGGC-1",0
"ACCAGTAAGATCACGG-1",1.93603268455258
"ACCAGTAAGCTTCGCG-1",3.402501537251
"ACCAGTACACAGATTC-1",0
"ACCAGTACACAGGCCT-1",1.78471105495709
"ACCAGTACAGTATGCT-1",2.48802906944303
"ACCAGTACAGTCAGAG-1",4.57909705182435
"ACCAGTACAGTTTACG-1",2.79899167503748
"ACCAGTAGTCACCCAG-1",1.95401084829981
"ACCAGTAGTCCATCCT-1",0
"ACCAGTAGTCTTCAAG-1",4.00552361445464
"ACCAGTAGTGGACGAT-1",1.57879615295133
"ACCAGTATCTGCGACG-1",0
"ACCAGTATCTGCTTGC-1",1.93603268455258
"ACCAGTATCTGTTTGT-1",1.74969568161059
"ACCCACTAGAGGTTAT-1",0
"ACCCACTAGATCCCGC-1",3.87023972708973
"ACCCACTAGATGTGTA-1",4.75829596645645
"ACCCACTAGCCCAATT-1",1.47511630303706
"ACCCACTCAAGGGTCA-1",0
"ACCCACTCAAGGTTCT-1",0
"ACCCACTGTAAATGAC-1",5.23178764368232
"ACCCACTGTAGCCTCG-1",0
"ACCCACTGTCAAAGAT-1",8.72160689778821
"ACCCACTGTCAATACC-1",1.94010412181633
"ACCCACTGTGTGGTTT-1",0
"ACCCACTTCGCAAACT-1",0
"ACCCACTTCTGCCAGG-1",1.45717390144193
"ACCGTAACAATCGGTT-1",1.86217722080732
"ACCGTAACAATCTACG-1",1.74734361007703
"ACCGTAACAGGTCCAC-1",1.60688281682492
"ACCGTAAGTACAGCAG-1",0
"ACCGTAAGTCATGCAT-1",1.89074424743067
"ACCGTAAGTGAGTGAC-1",0
"ACCGTAAGTTAAGAAC-1",0
"ACCGTAAGTTCCGTCT-1",0
"ACCGTAATCACATAGC-1",0
"ACCGTAATCATGTGGT-1",3.25259821989236
"ACCGTAATCTGAAAGA-1",0
"ACCTTTACAATCGGTT-1",3.91012565665142
"ACCTTTACACGGACAA-1",1.75481895374561
"ACCTTTACAGCAGTTT-1",1.7360849798154
"ACCTTTACATGCAACT-1",0
"ACCTTTACATTTCAGG-1",1.40766922070462
"ACCTTTAGTGAACCTT-1",0
"ACCTTTAGTTCCACTC-1",5.69583775134536
"ACCTTTATCTCTAGGA-1",0
"ACGAGCCAGGCAGGTT-1",11.20100530661
"ACGAGCCCACAGGCCT-1",0
"ACGAGCCCATGGAATA-1",0
"ACGAGCCGTGCACGAA-1",3.10835233870886
"ACGAGCCGTGTGACCC-1",0
"ACGAGCCGTTGGTTTG-1",14.4074475703633
"ACGAGCCTCAGTCCCT-1",0
"ACGAGCCTCGCAAACT-1",1.87281826504998
"ACGAGGACACTACAGT-1",3.07360640050375
"ACGAGGACATGTAGTC-1",3.70047510819865
"ACGAGGAGTACACCGC-1",4.1551493448084
"ACGAGGAGTGCCTGCA-1",7.09000271544109
"ACGAGGAGTTCTGAAC-1",1.37677047960864
"ACGAGGATCTGCGGCA-1",1.95401084829981
"ACGATACAGAGTGACC-1",2.19864806512107
"ACGATACAGCGCCTTG-1",1.84897736262192
"ACGATACCACGTTGGC-1",7.09000271544109
"ACGATACCATTGGGCC-1",7.73487919090858
"ACGATACGTCGAATCT-1",0
"ACGATACTCTGACCTC-1",3.70047510819865
"ACGATGTAGTGCGATG-1",21.5739169501103
"ACGATGTAGTTGAGAT-1",1.9365404041865
"ACGATGTCAACGCACC-1",0
"ACGATGTCACACGCTG-1",0
"ACGATGTGTATTCTCT-1",1.3936137675001
"ACGATGTGTCAGTGGA-1",0
"ACGATGTGTGACTACT-1",6.00169294921835
"ACGATGTGTGTCGCTG-1",0
"ACGATGTTCGCGTAGC-1",7.52684933900808
"ACGATGTTCTCTTATG-1",1.77650710215293
"ACGCAGCAGCGGCTTC-1",3.84259801872587
"ACGCAGCAGCTGCGAA-1",1.44714843721857
"ACGCAGCAGTGTACGG-1",1.74734361007703
"ACGCAGCCACCTCGTT-1",1.69568501583596
"ACGCAGCCATCGACGC-1",4.05141781444364
"ACGCAGCCATTACCTT-1",1.63155982952137
"ACGCAGCGTCCATGAT-1",0
"ACGCAGCGTCTACCTC-1",0
"ACGCAGCGTCTGGTCG-1",0
"ACGCAGCGTGCGATAG-1",2.21085096477858
"ACGCCAGCAAAGCAAT-1",1.95089811949327
"ACGCCAGCAACGCACC-1",3.54200973952745
"ACGCCAGCACGAGAGT-1",4.20629907241897
"ACGCCAGCAGTGAGTG-1",1.86263667233504
"ACGCCAGGTGCACTTA-1",2.9604540050352
"ACGCCAGGTGTGCGTC-1",0
"ACGCCAGTCACAGGCC-1",6.13972014271478
"ACGCCAGTCAGTGTTG-1",7.21931976280436
"ACGCCGAAGAAACGCC-1",0
"ACGCCGAAGATCTGCT-1",0
"ACGCCGACAGCCTGTG-1",0
"ACGCCGAGTTCCAACA-1",2.2906131819356
"ACGCCGATCCTATGTT-1",0
"ACGCCGATCGCAGGCT-1",6.48430778792738
"ACGCCGATCTTGTATC-1",1.75402832933928
"ACGGAGAAGCCAGTTT-1",12.5149959897541
"ACGGAGACACACATGT-1",2.8670874628081
"ACGGAGACAGCCTGTG-1",3.66927346047305
"ACGGAGACAGCGTAAG-1",2.19864806512107
"ACGGAGACAGTAAGCG-1",3.25259821989236
"ACGGAGAGTGTGACGA-1",3.96795091548323
"ACGGAGATCCACGAAT-1",3.69156580490035
"ACGGCCACACATCCAA-1",2.61556187482269
"ACGGCCACACATTCGA-1",3.70047510819865
"ACGGCCAGTACCGTAT-1",0
"ACGGCCAGTGTATGGG-1",0
"ACGGCCATCACGGTTA-1",0
"ACGGCCATCAGTGTTG-1",6.79406232912848
"ACGGCCATCTACTATC-1",1.04724759607652
"ACGGGCTAGGATCGCA-1",0
"ACGGGCTAGGTTCCTA-1",3.00481228606655
"ACGGGCTAGTGGCACA-1",4.13455808533112
"ACGGGCTCATCTGGTA-1",1.93603268455258
"ACGGGCTGTGAGGCTA-1",0
"ACGGGCTTCCGAACGC-1",0
"ACGGGTCAGATGCCAG-1",5.13945272385525
"ACGGGTCCATGATCCA-1",15.6349500001933
"ACGGGTCCATTAGGCT-1",5.23178764368232
"ACGGGTCCATTTCACT-1",3.40470298924731
"ACGGGTCGTTAGGGTG-1",0
"ACGGGTCTCAACACCA-1",3.27103590868417
"ACGGGTCTCCACGCAG-1",20.4884526282512
"ACGTCAAAGGGCTTCC-1",14.4374491064999
"ACGTCAAAGTGGTAAT-1",0
"ACGTCAACAACTGCGC-1",6.1464031942353
"ACGTCAACACAAGACG-1",1.57879615295133
"ACGTCAAGTAGCTCCG-1",0
"ACGTCAAGTGTCGCTG-1",2.29309641118629
"ACGTCAAGTTATGCGT-1",3.07360640050375
"ACGTCAATCAACCAAC-1",3.07360640050375
"ACGTCAATCATAACCG-1",8.76558783683459
"ACGTCAATCCAGAAGG-1",0
"ACGTCAATCTAACTCT-1",0
"ACTATCTAGAGGTTAT-1",3.83984593064674
"ACTATCTAGATACACA-1",0
"ACTATCTAGGAGTAGA-1",1.71971756500341
"ACTATCTAGGCATGTG-1",0
"ACTATCTCAAATACAG-1",5.93272927067109
"ACTATCTCAAATTGCC-1",1.78100756679089
"ACTATCTGTAGGGACT-1",4.1551493448084
"ACTATCTGTCGCGTGT-1",0
"ACTATCTGTGCACGAA-1",13.9161244624594
"ACTATCTGTGGTTTCA-1",0
"ACTATCTTCGCCGTGA-1",0
"ACTGAACAGAGTGAGA-1",0
"ACTGAACAGATCCCGC-1",3.86817930380397
"ACTGAACAGGTGATAT-1",0
"ACTGAACCAAAGCGGT-1",0
"ACTGAACCAAGCGAGT-1",19.8713943322715
"ACTGAACCAATTCCTT-1",0
"ACTGAACCAGCTGGCT-1",1.61393302355103
"ACTGAACCAGTCTTCC-1",5.46872726455832
"ACTGAACCATTACCTT-1",0
"ACTGAACGTAAGCACG-1",0
"ACTGAACGTAATCGTC-1",0
"ACTGAACGTCCAGTAT-1",0
"ACTGAACGTCTGATCA-1",0
"ACTGAACTCCCACTTG-1",0
"ACTGAGTAGCCGGTAA-1",1.45717390144193
"ACTGAGTCAGTGGGAT-1",1.04724759607652
"ACTGAGTCATTTGCCC-1",3.6161931100084
"ACTGAGTGTAGAGCTG-1",3.22029669650764
"ACTGAGTGTTGTGGCC-1",0
"ACTGAGTTCAGGTTCA-1",2.19864806512107
"ACTGATGAGACAGACC-1",1.64728693860102
"ACTGATGAGCGGATCA-1",2.61556187482269
"ACTGATGAGGTGCTTT-1",0
"ACTGATGCAGCAGTTT-1",0
"ACTGATGCATCACAAC-1",3.18711576060828
"ACTGATGGTCATGCAT-1",7.21931976280436
"ACTGATGTCACAATGC-1",0
"ACTGATGTCACTCCTG-1",0
"ACTGATGTCCCTGACT-1",1.95089811949327
"ACTGATGTCCGCTGTT-1",0
"ACTGATGTCCGGCACA-1",1.3936137675001
"ACTGATGTCCTATTCA-1",1.49788542652835
"ACTGCTCAGAGCTTCT-1",0
"ACTGCTCAGATGCCTT-1",1.63155982952137
"ACTGCTCCACACCGCA-1",1.50520617489663
"ACTGCTCCAGATGGGT-1",0
"ACTGCTCCATGCCTAA-1",0
"ACTGCTCGTAGGCATG-1",2.96449295625099
"ACTGCTCGTATCACCA-1",1.99970061564194
"ACTGCTCGTCCGAAGA-1",0
"ACTGCTCTCCGAGCCA-1",0
"ACTGTCCAGAGGGCTT-1",4.20629907241897
"ACTGTCCAGCAGCGTA-1",0
"ACTGTCCAGGCATGGT-1",3.22469169903664
"ACTGTCCCAAGGTTTC-1",3.038955359493
"ACTGTCCCAAGTACCT-1",0
"ACTGTCCCAGTATCTG-1",3.69156580490035
"ACTGTCCCATAGAAAC-1",1.74656133085108
"ACTGTCCGTTGAGGTG-1",2.42986315757899
"ACTGTCCTCCACGTGG-1",0
"ACTGTCCTCCTTGGTC-1",0
"ACTGTCCTCTCTGTCG-1",0
"ACTTACTAGCGATAGC-1",0
"ACTTACTAGGGATGGG-1",1.95089811949327
"ACTTACTCACAGACAG-1",1.66756079844358
"ACTTACTCACATTTCT-1",0
"ACTTACTGTACTCAAC-1",1.69568501583596
"ACTTACTGTTCCACAA-1",3.86817930380397
"ACTTACTTCATCGGAT-1",0
"ACTTGTTAGACAAGCC-1",0
"ACTTGTTAGCTAGCCC-1",9.88648656184613
"ACTTGTTAGTTACCCA-1",3.70047510819865
"ACTTGTTCACGACGAA-1",1.75402832933928
"ACTTGTTCACGGCTAC-1",1.95401084829981
"ACTTGTTGTATCGCAT-1",0
"ACTTGTTGTGGTAACG-1",1.40766922070462
"ACTTGTTGTTGTGGAG-1",3.22469169903664
"ACTTGTTTCATCACCC-1",4.02694698515241
"ACTTTCACATGGTCAT-1",1.5087612460887
"ACTTTCAGTGACTACT-1",0
"ACTTTCATCGCCAGCA-1",1.49788542652835
"AGAATAGAGCTGAACG-1",0
"AGAATAGAGCTGTCTA-1",0
"AGAATAGAGGTAGCTG-1",1.74969568161059
"AGAATAGCATGGTCTA-1",7.6336461581383
"AGAATAGGTATTCTCT-1",2.47870084007854
"AGAATAGGTGCGGTAA-1",2.1336948960358
"AGAATAGGTTAAGAAC-1",0
"AGAATAGTCAGGCCCA-1",0
"AGACGTTAGAATGTGT-1",1.95557205996705
"AGACGTTAGCTCCTCT-1",0
"AGACGTTAGTGCCAGA-1",0
"AGACGTTCAGGATCGA-1",0
"AGACGTTGTAGCTGCC-1",2.42986315757899
"AGACGTTGTCTGCAAT-1",0
"AGACGTTGTTCTGTTT-1",2.22290078480014
"AGACGTTTCGCATGGC-1",1.37677047960864
"AGACGTTTCGCTTAGA-1",0
"AGAGCGACAACTTGAC-1",0
"AGAGCGACAAGTACCT-1",4.83039152173823
"AGAGCGACACAACGTT-1",1.04724759607652
"AGAGCGACATGAGCGA-1",0
"AGAGCGAGTCAGTGGA-1",16.1665007783412
"AGAGCGAGTCGACTGC-1",1.50520617489663
"AGAGCGAGTTGAGTTC-1",3.80562253414491
"AGAGCGATCGCGTAGC-1",0
"AGAGCGATCTATCCTA-1",1.7360849798154
"AGAGCGATCTCGCTTG-1",0
"AGAGCTTAGCCGTCGT-1",0
"AGAGCTTAGTACACCT-1",2.21085096477858
"AGAGCTTAGTCATGCT-1",4.20629907241897
"AGAGCTTGTAGAGCTG-1",0
"AGAGCTTGTATCACCA-1",0
"AGAGCTTTCACTATTC-1",0
"AGAGCTTTCCTGCAGG-1",1.44466720250658
"AGAGCTTTCGCAAACT-1",7.09000271544109
"AGAGCTTTCGCTTAGA-1",0
"AGAGTGGAGAGCCTAG-1",0
"AGAGTGGAGGCCCTTG-1",0
"AGAGTGGAGGTACTCT-1",0
"AGAGTGGCACAAGACG-1",2.91965149586686
"AGAGTGGCACCTCGTT-1",0
"AGAGTGGCATCCGGGT-1",7.44679666041693
"AGAGTGGCATCTGGTA-1",1.75481895374561
"AGAGTGGGTCAGCTAT-1",3.10835233870886
"AGAGTGGGTCCTCCAT-1",2.22290078480014
"AGAGTGGGTCTAGTCA-1",0
"AGAGTGGGTTACCGAT-1",0
"AGATCTGAGGTGGGTT-1",1.95557205996705
"AGATCTGAGTCAAGGC-1",14.5358359338838
"AGATCTGCAATGTTGC-1",0
"AGATCTGTCGAATCCA-1",5.66410289316011
"AGATCTGTCTGCAGTA-1",3.83984593064674
"AGATTGCAGGCTACGA-1",1.78100756679089
"AGATTGCCACGACGAA-1",0
"AGATTGCCAGATGGGT-1",1.86217722080732
"AGATTGCGTAGAGCTG-1",1.23501487044517
"AGATTGCGTGATGTCT-1",2.8904634961405
"AGATTGCGTGTTCGAT-1",3.48209196207172
"AGATTGCGTTCACGGC-1",0
"AGATTGCTCACTGGGC-1",0
"AGATTGCTCATCTGTT-1",0
"AGCAGCCAGCTGATAA-1",7.09000271544109
"AGCAGCCCACCGAAAG-1",1.60624557133513
"AGCAGCCGTCGACTGC-1",1.95401084829981
"AGCAGCCGTCGCTTTC-1",2.3082263296367
"AGCAGCCGTCTAACGT-1",0
"AGCAGCCGTGTGAAAT-1",0
"AGCAGCCGTTTGTTGG-1",0
"AGCAGCCTCCAAACAC-1",1.84897736262192
"AGCATACAGTGGTAGC-1",2.8670874628081
"AGCATACAGTTGTCGT-1",0
"AGCATACGTCTTCTCG-1",1.70704279903129
"AGCATACGTTAAGTAG-1",0
"AGCATACTCCGTTGCT-1",0
"AGCCTAAAGATATGGT-1",0
"AGCCTAACAAAGCGGT-1",1.88456240551596
"AGCCTAACAGATAATG-1",6.79406232912848
"AGCCTAAGTACGAAAT-1",0
"AGCCTAAGTCACCTAA-1",1.87515212172843
"AGCCTAAGTGTGCCTG-1",0
"AGCCTAATCACCCGAG-1",0
"AGCCTAATCCAATGGT-1",0
"AGCCTAATCCTTGGTC-1",0
"AGCCTAATCTGTGCAA-1",0
"AGCCTAATCTGTTTGT-1",3.18711576060828
"AGCGGTCAGCGAAGGG-1",0
"AGCGGTCAGGTACTCT-1",4.63981921190245
"AGCGGTCAGTGACTCT-1",1.45666876632877
"AGCGGTCCAGCCTTGG-1",0
"AGCGGTCGTCCTAGCG-1",0
"AGCGGTCGTGGTGTAG-1",12.5149959897541
"AGCGGTCGTTAAGGGC-1",0
"AGCGGTCGTTTGCATG-1",0
"AGCGGTCTCCGAAGAG-1",1.44466720250658
"AGCGGTCTCCTCAATT-1",1.37677047960864
"AGCGGTCTCTGGGCCA-1",0
"AGCGTATAGAACTGTA-1",3.69156580490035
"AGCGTATAGCGATGAC-1",0
"AGCGTATAGGTACTCT-1",1.44466720250658
"AGCGTATGTTGAGGTG-1",0
"AGCGTATTCCAGAGGA-1",4.20629907241897
"AGCGTCGAGTTGAGTA-1",3.69156580490035
"AGCGTCGCAGGGATTG-1",9.67071564482662
"AGCGTCGTCTGAAAGA-1",1.95557205996705
"AGCTCCTAGACCTAGG-1",1.81893505460702
"AGCTCCTAGCGTTTAC-1",2.1336948960358
"AGCTCCTGTGTTTGTG-1",0
"AGCTCCTGTTGTCTTT-1",3.86852712790909
"AGCTCCTTCCGAATGT-1",3.07360640050375
"AGCTCCTTCTTGACGA-1",0
"AGCTCTCAGCGGATCA-1",1.44764588007413
"AGCTCTCAGCTGTTCA-1",3.70047510819865
"AGCTCTCAGGTGCTAG-1",0
"AGCTCTCCATACAGCT-1",4.20629907241897
"AGCTCTCGTCAGAGGT-1",4.37682539730879
"AGCTCTCGTGGGTCAA-1",0
"AGCTCTCTCACAACGT-1",0
"AGCTCTCTCTTGACGA-1",1.7360849798154
"AGCTTGAAGCATCATC-1",1.45717390144193
"AGCTTGAAGTAGCGGT-1",1.32021788515869
"AGCTTGAAGTTGTCGT-1",14.4159693022478
"AGCTTGACAATCCAAC-1",2.48802906944303
"AGCTTGACACCGATAT-1",0
"AGCTTGAGTCTACCTC-1",0
"AGCTTGAGTGCGCTTG-1",0
"AGCTTGAGTTACGCGC-1",16.9692730808474
"AGCTTGATCCTGCCAT-1",0
"AGCTTGATCTGCAAGT-1",3.69156580490035
"AGGCCACAGAGTAAGG-1",2.2906131819356
"AGGCCACAGGGTCTCC-1",0
"AGGCCACAGTACTTGC-1",9.67071564482662
"AGGCCACCAGGACCCT-1",0
"AGGCCACCATCAGTCA-1",0
"AGGCCACTCATGCTCC-1",1.86217722080732
"AGGCCACTCATTGCGA-1",0
"AGGCCGTAGGATCGCA-1",0
"AGGCCGTCACGTAAGG-1",0
"AGGCCGTCAGCTCGAC-1",0
"AGGCCGTCATCGTCGG-1",1.60688281682492
"AGGCCGTTCACGGTTA-1",12.4051655871667
"AGGCCGTTCGAACTGT-1",2.8904634961405
"AGGCCGTTCTCAAGTG-1",0
"AGGCCGTTCTGCTTGC-1",1.69568501583596
"AGGGAGTAGCCCAACC-1",0
"AGGGAGTAGGAGTACC-1",1.47511630303706
"AGGGAGTAGGCAGGTT-1",6.06261190282434
"AGGGAGTCACGAGAGT-1",14.4327966061829
"AGGGAGTCAGAAGCAC-1",0
"AGGGAGTCAGATCCAT-1",2.91663050421407
"AGGGAGTCATCGACGC-1",1.65170237368734
"AGGGAGTCATGCTAGT-1",1.71971756500341
"AGGGAGTGTCCATGAT-1",2.96449295625099
"AGGGAGTTCATAACCG-1",0
"AGGGATGAGCTCTCGG-1",5.33318088398723
"AGGGATGAGGAGTAGA-1",4.20629907241897
"AGGGATGAGTAGCGGT-1",0
"AGGGATGCAATGAATG-1",1.3936137675001
"AGGGATGCAATGGAGC-1",16.2622452542801
"AGGGATGCACAAGACG-1",1.71971756500341
"AGGGATGCACATTTCT-1",0
"AGGGATGCATGGTCTA-1",0
"AGGGATGGTTAAAGTG-1",0
"AGGGATGGTTATGCGT-1",2.8904634961405
"AGGGATGTCGTGACAT-1",1.45666876632877
"AGGGTGAAGATGGCGT-1",7.6336461581383
"AGGGTGAAGATGGGTC-1",0
"AGGGTGAAGGCTCAGA-1",0
"AGGGTGACACGAGAGT-1",2.48802906944303
"AGGGTGACAGATGGCA-1",3.22469169903664
"AGGGTGACAGATTGCT-1",3.83984593064674
"AGGGTGAGTACTCTCC-1",0
"AGGGTGAGTTATCGGT-1",0
"AGGGTGAGTTCTGAAC-1",3.6161931100084
"AGGGTGATCTCGCTTG-1",1.74734361007703
"AGGTCATAGAGCCCAA-1",11.7196106803552
"AGGTCATAGCCAGAAC-1",3.21788743381855
"AGGTCATAGGCATGGT-1",4.1551493448084
"AGGTCATAGGGAGTAA-1",0
"AGGTCATCACTCAGGC-1",1.89074424743067
"AGGTCATCACTCTGTC-1",0
"AGGTCATGTTCCACTC-1",2.8670874628081
"AGGTCATTCTCGTTTA-1",4.05141781444364
"AGGTCCGAGGATGCGT-1",3.00481228606655
"AGGTCCGGTGATGCCC-1",3.83984593064674
"AGGTCCGTCCATGAAC-1",6.99429024211507
"AGGTCCGTCGCCCTTA-1",1.90375129004809
"AGGTCCGTCTGCGTAA-1",0
"AGTAGTCAGACTGTAA-1",5.44996044723518
"AGTAGTCAGTACGACG-1",1.934005246549
"AGTAGTCAGTTTAGGA-1",0
"AGTAGTCCAACTGGCC-1",1.69568501583596
"AGTAGTCGTGCAGACA-1",2.8904634961405
"AGTAGTCTCACCCGAG-1",0
"AGTCTTTAGGCAGTCA-1",0
"AGTCTTTCAAATCCGT-1",0
"AGTCTTTCATATACCG-1",1.52712153324676
"AGTCTTTGTGCTTCTC-1",3.22029669650764
"AGTCTTTGTGTCCTCT-1",3.7847400111522
"AGTCTTTTCGCAGGCT-1",0
"AGTCTTTTCGCGTAGC-1",0
"AGTCTTTTCGCTAGCG-1",4.05141781444364
"AGTCTTTTCGCTTGTC-1",2.47870084007854
"AGTCTTTTCTGACCTC-1",0
"AGTGAGGAGATAGCAT-1",3.7847400111522
"AGTGAGGCAGGTGCCT-1",1.95557205996705
"AGTGAGGGTATGAAAC-1",0
"AGTGAGGGTCACTTCC-1",0
"AGTGAGGGTCGCGAAA-1",0
"AGTGAGGGTTATGTGC-1",3.25259821989236
"AGTGAGGTCTACTATC-1",0
"AGTGGGAAGCAGACTG-1",0
"AGTGGGACAAACGCGA-1",0
"AGTGGGACAAGCCGTC-1",6.79406232912848
"AGTGGGACACAGGAGT-1",5.62759848945293
"AGTGGGACACGAGAGT-1",1.52712153324676
"AGTGGGATCATCGATG-1",0
"AGTGGGATCCACGAAT-1",1.94010412181633
"AGTGGGATCCTGCAGG-1",3.87023972708973
"AGTGTCAAGAAGCCCA-1",2.91663050421407
"AGTGTCAAGCTAGTCT-1",5.0221026290695
"AGTGTCAAGTACGACG-1",3.84259801872587
"AGTGTCAAGTGAACAT-1",1.77650710215293
"AGTGTCACACCATCCT-1",3.54200973952745
"AGTGTCACAGTAAGCG-1",0
"AGTGTCACAGTGGAGT-1",0
"AGTGTCAGTAAACCTC-1",17.8733930860823
"AGTGTCAGTACAGCAG-1",1.69568501583596
"AGTGTCAGTCTCCACT-1",7.73487919090858
"AGTGTCAGTTTGACTG-1",4.05141781444364
"AGTGTCATCAAAGTAG-1",0
"AGTGTCATCCGTCAAA-1",0
"AGTGTCATCGTTACAG-1",5.1402350030812
"AGTGTCATCTGTCAAG-1",0
"AGTTGGTAGACTGTAA-1",0
"AGTTGGTAGTACGCGA-1",4.63981921190245
"AGTTGGTCAAATTGCC-1",0
"AGTTGGTCAGGAATGC-1",0
"AGTTGGTCATGCGCAC-1",2.8904634961405
"AGTTGGTGTACCGTAT-1",4.62871766216977
"AGTTGGTGTATGCTTG-1",0
"AGTTGGTGTCAGGACA-1",7.21931976280436
"AGTTGGTGTTCAGACT-1",1.59959109262016
"AGTTGGTTCAGTACGT-1",1.7360849798154
"AGTTGGTTCCTCAACC-1",5.0221026290695
"AGTTGGTTCGTACCGG-1",0
"AGTTGGTTCTGTCCGT-1",0
"ATAACGCAGTTGAGTA-1",7.6336461581383
"ATAACGCCACGTGAGA-1",11.7196106803552
"ATAACGCGTGAACCTT-1",0
"ATAACGCGTGTCCTCT-1",1.87281826504998
"ATAACGCGTGTGAAAT-1",0
"ATAACGCTCTCCGGTT-1",0
"ATAAGAGAGTCCGGTC-1",0
"ATAAGAGCAACTGCGC-1",3.86852712790909
"ATAAGAGCAGTATCTG-1",3.33567607243556
"ATAAGAGGTGACGCCT-1",3.18711576060828
"ATAAGAGGTTAAAGTG-1",1.30083660875699
"ATAAGAGTCAGCACAT-1",1.47511630303706
"ATAAGAGTCAGTGCAT-1",1.63155982952137
"ATAGACCAGAGAGCTC-1",1.95401084829981
"ATAGACCAGCCCAATT-1",1.99970061564194
"ATAGACCCAAGCCATT-1",1.37677047960864
"ATAGACCCATCTGGTA-1",0
"ATAGACCGTATATGGA-1",0
"ATAGACCGTGGACGAT-1",0
"ATAGACCGTGGCGAAT-1",1.66442885886046
"ATAGACCGTTTCGCTC-1",0
"ATCACGAAGAACTCGG-1",0
"ATCACGAAGACACGAC-1",0
"ATCACGAAGTTACCCA-1",0
"ATCACGACAAGACACG-1",0
"ATCACGACAAGCGTAG-1",1.71148987556376
"ATCACGACACACATGT-1",0
"ATCACGACACCACCAG-1",0
"ATCACGACACGGTAAG-1",0
"ATCACGACAGCGAACA-1",1.23501487044517
"ATCACGATCCCGACTT-1",0
"ATCACGATCGGTGTCG-1",0
"ATCATCTAGCCTATGT-1",0
"ATCATCTAGGCCATAG-1",3.6161931100084
"ATCATCTAGTACTTGC-1",0
"ATCATCTCAGACGCCT-1",1.90375129004809
"ATCATCTCATCCGTGG-1",0
"ATCATCTGTATTACCG-1",0
"ATCATCTGTCACTTCC-1",3.84259801872587
"ATCATCTTCAGCGACC-1",0
"ATCATCTTCCTCAACC-1",3.7847400111522
"ATCATGGCAAGCGTAG-1",0
"ATCATGGCAAGGTTCT-1",0
"ATCATGGCACTACAGT-1",1.78100756679089
"ATCATGGGTAAGGGAA-1",0
"ATCATGGGTTGTGGCC-1",1.7360849798154
"ATCATGGTCAATAAGG-1",0
"ATCATGGTCCAATGGT-1",0
"ATCATGGTCGCCATAA-1",1.40766922070462
"ATCATGGTCGGTTAAC-1",1.59959109262016
"ATCCACCAGCTAGTCT-1",2.76719754766386
"ATCCACCAGGCTCTTA-1",0
"ATCCACCCAAACGTGG-1",2.1336948960358
"ATCCACCCAGTTAACC-1",1.74969568161059
"ATCCACCGTCCGAAGA-1",1.78100756679089
"ATCCACCGTTTGTTTC-1",1.84897736262192
"ATCCACCTCCTGCTTG-1",1.64728693860102
"ATCCACCTCCTTAATC-1",2.79782606089191
"ATCCACCTCTGGTATG-1",2.95590968330727
"ATCCGAAAGCGATGAC-1",0
"ATCCGAAAGCTAGGCA-1",2.79899167503748
"ATCCGAACAAACGTGG-1",0
"ATCCGAACAACAACCT-1",0
"ATCCGAACAAGGACTG-1",0
"ATCCGAACACCCATTC-1",0
"ATCCGAACACGGTAGA-1",0
"ATCCGAAGTAGCGCTC-1",0
"ATCCGAAGTCATTAGC-1",3.40470298924731
"ATCCGAAGTCTCTTAT-1",0
"ATCCGAATCCAACCAA-1",0
"ATCCGAATCCTTGACC-1",0
"ATCCGAATCTTGTCAT-1",0
"ATCGAGTAGACTTTCG-1",0
"ATCGAGTCATCCGGGT-1",5.23178764368232
"ATCGAGTGTCCCTTGT-1",0
"ATCGAGTGTCTCCCTA-1",0
"ATCGAGTTCATGCATG-1",0
"ATCGAGTTCCTGCCAT-1",0
"ATCTACTAGGTGTGGT-1",1.74734361007703
"ATCTACTCAGCTGTAT-1",1.13267045430356
"ATCTACTCAGTACACT-1",0
"ATCTACTCATGACATC-1",0
"ATCTACTGTAAGTAGT-1",0
"ATCTACTGTGTCGCTG-1",2.2906131819356
"ATCTACTTCCGCGTTT-1",6.13972014271478
"ATCTACTTCGCAAGCC-1",1.52712153324676
"ATCTACTTCTATCGCC-1",0
"ATCTACTTCTCTAAGG-1",0
"ATCTGCCAGGCTCAGA-1",3.88357617531639
"ATCTGCCGTACAGTTC-1",3.40470298924731
"ATCTGCCGTTGTGGAG-1",3.07360640050375
"ATCTGCCTCAGAGACG-1",2.96449295625099
"ATCTGCCTCAGCTGGC-1",0
"ATCTGCCTCGTACGGC-1",14.4374491064999
"ATCTGCCTCTCGAGTA-1",0
"ATCTGCCTCTGAGTGT-1",3.88357617531639
"ATCTGCCTCTTGTATC-1",1.74969568161059
"ATGAGGGAGGTCGGAT-1",0
"ATGAGGGCATGACGGA-1",8.48415528826718
"ATGAGGGCATTAGGCT-1",0
"ATGAGGGTCACATGCA-1",0
"ATGAGGGTCAGTCCCT-1",0
"ATGCGATAGTCAATAG-1",0
"ATGCGATCATGTTGAC-1",1.04724759607652
"ATGCGATGTGCAGTAG-1",0
"ATGCGATGTGCATCTA-1",7.44679666041693
"ATGCGATTCCCAAGAT-1",3.07360640050375
"ATGCGATTCGCCATAA-1",1.66442885886046
"ATGGGAGAGCAATATG-1",4.20629907241897
"ATGGGAGAGCCACGCT-1",3.22842196851333
"ATGGGAGAGGTGATAT-1",0
"ATGGGAGCACCAGGTC-1",0
"ATGGGAGCACTATCTT-1",1.74734361007703
"ATGGGAGCAGCATACT-1",3.85475877901926
"ATGGGAGCATAGAAAC-1",0
"ATGGGAGCATTACCTT-1",0
"ATGTGTGAGCGAAGGG-1",1.95089811949327
"ATGTGTGAGGGTTTCT-1",7.09000271544109
"ATGTGTGAGTTGAGTA-1",1.45717390144193
"ATGTGTGCACGGCGTT-1",0
"ATGTGTGCACGGTTTA-1",0
"ATGTGTGCAGTATAAG-1",5.33318088398723
"ATGTGTGTCACGCGGT-1",3.40470298924731
"ATTACTCAGATGTGTA-1",1.47511630303706
"ATTACTCAGCGTAATA-1",8.76558783683459
"ATTACTCAGGTGCACA-1",3.10315280718969
"ATTACTCAGTGAAGTT-1",0
"ATTACTCCAAACTGTC-1",6.09425857107093
"ATTACTCCACCATCCT-1",2.91965149586686
"ATTACTCCAGACTCGC-1",0
"ATTACTCCATATGCTG-1",15.6349500001933
"ATTACTCCATCGGTTA-1",1.74656133085108
"ATTACTCCATTGCGGC-1",0
"ATTACTCGTTAAAGAC-1",1.04724759607652
"ATTACTCTCCGAACGC-1",1.40766922070462
"ATTATCCAGAGTACCG-1",1.78471105495709
"ATTATCCAGCTTATCG-1",1.9365404041865
"ATTATCCCACAAGCCC-1",5.38726523220608
"ATTATCCCATATGAGA-1",1.74969568161059
"ATTATCCCATCTGGTA-1",4.57909705182435
"ATTATCCGTCGTTGTA-1",0
"ATTATCCGTCTCTCTG-1",0
"ATTATCCTCAACGGGA-1",7.09000271544109
"ATTATCCTCCGCGCAA-1",3.18711576060828
"ATTATCCTCTCCGGTT-1",1.32021788515869
"ATTCTACGTCACTTCC-1",5.23178764368232
"ATTCTACGTCTAGTCA-1",1.89074424743067
"ATTCTACGTTGTCGCG-1",0
"ATTGGACAGCAGATCG-1",0
"ATTGGACAGGGCATGT-1",8.76558783683459
"ATTGGACAGTGGACGT-1",1.95089811949327
"ATTGGACCAAGACACG-1",4.63981921190245
"ATTGGACGTAATAGCA-1",3.31674213315032
"ATTGGACTCCTGCTTG-1",1.57879615295133
"ATTGGACTCGGCGCAT-1",0
"ATTGGACTCGTTTGCC-1",1.84897736262192
"ATTGGTGAGAATGTTG-1",0
"ATTGGTGCAAGCTGAG-1",1.75521459864998
"ATTGGTGCAGCAGTTT-1",6.79406232912848
"ATTGGTGGTTGAGTTC-1",6.79406232912848
"ATTGGTGTCAAAGTAG-1",1.75402832933928
"ATTGGTGTCGGAAACG-1",0
"ATTTCTGAGGGATACC-1",0
"ATTTCTGAGGGATCTG-1",2.19864806512107
"ATTTCTGAGGTGTTAA-1",0
"ATTTCTGAGTCGAGTG-1",1.45717390144193
"ATTTCTGAGTTCGCAT-1",0
"ATTTCTGCAAGGTGTG-1",0
"ATTTCTGGTAGCTCCG-1",7.6336461581383
"ATTTCTGGTGCACGAA-1",0
"ATTTCTGGTTGCCTCT-1",1.60688281682492
"ATTTCTGTCAAAGTAG-1",3.77571077098882
"ATTTCTGTCAGCTCGG-1",0
"ATTTCTGTCTTGGGTA-1",1.89074424743067
"CAACCAAAGAAACGCC-1",0
"CAACCAAAGAGGGCTT-1",2.79782606089191
"CAACCAAAGCTGAAAT-1",2.76719754766386
"CAACCAAAGGACAGCT-1",0
"CAACCAAAGGGAGTAA-1",0
"CAACCAACATACGCTA-1",1.32021788515869
"CAACCTCAGTAATCCC-1",2.2906131819356
"CAACCTCCAGACGCAA-1",0
"CAACCTCGTGAGTGAC-1",0
"CAACCTCGTTCCACGG-1",7.21931976280436
"CAACCTCTCATACGGT-1",0
"CAACCTCTCCGATATG-1",1.95089811949327
"CAACCTCTCCTTTACA-1",3.22469169903664
"CAACCTCTCTCTAGGA-1",11.20100530661
"CAACTAGAGAATAGGG-1",6.23523512049166
"CAACTAGAGGATGCGT-1",1.85531989622198
"CAACTAGCACCATCCT-1",1.95089811949327
"CAACTAGCAGACTCGC-1",6.79406232912848
"CAACTAGCAGTTCATG-1",0
"CAACTAGGTACGCACC-1",0
"CAACTAGTCAGGCCCA-1",1.23501487044517
"CAAGAAAAGAAGGACA-1",0
"CAAGAAAAGACGCACA-1",3.48209196207172
"CAAGAAAAGGCCCTTG-1",0
"CAAGAAAAGGTGATAT-1",0
"CAAGAAAAGTCGATAA-1",0
"CAAGAAAAGTGGAGTC-1",0
"CAAGAAAAGTGTACCT-1",0
"CAAGAAACACGGTGTC-1",0
"CAAGAAATCTGCTTGC-1",0
"CAAGATCAGCTGAAAT-1",1.75521459864998
"CAAGATCGTAAGAGGA-1",0
"CAAGATCGTGCCTTGG-1",0
"CAAGATCTCAACACCA-1",0
"CAAGATCTCTCGATGA-1",0
"CAAGGCCAGGAGTCTG-1",1.31044561747967
"CAAGGCCAGGCTATCT-1",0
"CAAGGCCCACGGTAAG-1",1.37677047960864
"CAAGGCCCATGTTCCC-1",3.83984593064674
"CAAGGCCGTCCGTCAG-1",0
"CAAGGCCTCAACGGGA-1",14.4128166801567
"CAAGGCCTCCTTGACC-1",0
"CAAGGCCTCGTGACAT-1",0
"CAAGTTGAGACAGGCT-1",3.77335864572944
"CAAGTTGAGATGTCGG-1",1.7360849798154
"CAAGTTGAGCGTCAAG-1",3.75907118627007
"CAAGTTGAGCGTTTAC-1",0
"CAAGTTGCACATTAGC-1",2.21085096477858
"CAAGTTGCACGCTTTC-1",1.45717390144193
"CAAGTTGCACGGTGTC-1",0
"CAAGTTGCATTCTTAC-1",2.8670874628081
"CAAGTTGGTACTCAAC-1",1.95089811949327
"CAAGTTGGTCAGGACA-1",1.75402832933928
"CAAGTTGGTCGGCACT-1",0
"CAAGTTGTCAACGAAA-1",1.47511630303706
"CAAGTTGTCACCACCT-1",5.69141994891189
"CAAGTTGTCATTGCCC-1",0
"CAAGTTGTCGAATCCA-1",0
"CAAGTTGTCTACTTAC-1",6.00169294921835
"CACAAACAGGGCTCTC-1",0
"CACAAACAGGGCTTGA-1",0
"CACAAACAGTGACATA-1",0
"CACAAACCAACTGCGC-1",0
"CACAAACCAATAAGCA-1",0
"CACAAACCAATCAGAA-1",3.66927346047305
"CACAAACCACTTAACG-1",1.71148987556376
"CACAAACCATGAACCT-1",3.80562253414491
"CACAAACCATGGTCAT-1",0
"CACAAACGTCAACTGT-1",0
"CACAAACGTCAGAATA-1",3.84259801872587
"CACAAACTCTTCGGTC-1",0
"CACAAACTCTTGGGTA-1",0
"CACACAAAGCGACGTA-1",0
"CACACAAAGGGAGTAA-1",3.88357617531639
"CACACAACAAACGTGG-1",5.38726523220608
"CACACAACACATGACT-1",0
"CACACAACATCGATTG-1",21.7561210485226
"CACACAACATTGGGCC-1",5.13945272385525
"CACACAAGTACGACCC-1",2.95590968330727
"CACACAAGTCAGTGGA-1",0
"CACACAAGTCATCGGC-1",2.22655458198837
"CACACAAGTTTACTCT-1",1.9365404041865
"CACACAATCCACGTGG-1",0
"CACACAATCCACGTTC-1",6.56020548117212
"CACACAATCGGCGCAT-1",0
"CACACCTAGAGACTAT-1",3.36127663362806
"CACACCTAGGACATTA-1",3.9792350240859
"CACACCTAGTGTGAAT-1",0
"CACACCTCACTGAAGG-1",1.40766922070462
"CACACCTCATAGGATA-1",17.9028376838365
"CACACCTCATAGTAAG-1",0
"CACACCTCATTGGGCC-1",1.44714843721857
"CACACCTGTACAGCAG-1",2.22655458198837
"CACACCTGTACCGCTG-1",3.86852712790909
"CACACCTGTCCAAGTT-1",0
"CACACCTGTGGACGAT-1",0
"CACACCTGTGGTCTCG-1",7.74057362917078
"CACACCTTCATGTCTT-1",0
"CACACCTTCTGGCGAC-1",0
"CACACTCAGGGAAACA-1",0
"CACACTCCAACACCTA-1",0
"CACACTCCAAGGGTCA-1",3.84259801872587
"CACACTCGTGACGCCT-1",1.57879615295133
"CACACTCGTTTGTGTG-1",1.86263667233504
"CACAGGCAGCCATCGC-1",3.402501537251
"CACAGGCAGGGATGGG-1",1.38054700437752
"CACAGGCCAAGAGTCG-1",3.48209196207172
"CACAGGCCAATGGAGC-1",2.48802906944303
"CACAGGCGTCTAGGTT-1",0
"CACAGGCGTTACGCGC-1",1.47511630303706
"CACAGGCTCGGGAGTA-1",0
"CACAGGCTCTATGTGG-1",1.23501487044517
"CACAGTAAGACGCAAC-1",3.86852712790909
"CACAGTAAGACGCACA-1",0
"CACAGTAAGTGGGCTA-1",0
"CACAGTACAACTGGCC-1",1.86217722080732
"CACAGTACATCGGACC-1",1.23501487044517
"CACAGTAGTTCCATGA-1",3.6161931100084
"CACATAGAGCCCAATT-1",0
"CACATAGAGTGTACTC-1",0
"CACATAGCACTTCTGC-1",0
"CACATAGCAGGGTATG-1",1.85531989622198
"CACATAGTCCTTGCCA-1",0
"CACATAGTCGGCGCAT-1",3.00481228606655
"CACATTTAGCAGATCG-1",1.89074424743067
"CACATTTAGGGCACTA-1",6.56020548117212
"CACATTTCACGGCGTT-1",1.77650710215293
"CACATTTCATTACCTT-1",1.93047041241648
"CACATTTGTCGAACAG-1",0
"CACATTTGTGTTGAGG-1",1.30083660875699
"CACATTTTCCAGAGGA-1",20.4884526282512
"CACATTTTCCGCATCT-1",0
"CACATTTTCTACTATC-1",3.402501537251
"CACATTTTCTGTGCAA-1",0
"CACCACTAGCCACGTC-1",3.18711576060828
"CACCACTAGTGGTAAT-1",0
"CACCACTAGTTACCCA-1",0
"CACCACTCAAGCCCAC-1",0
"CACCACTCAGTTCATG-1",0
"CACCACTGTTATTCTC-1",2.2906131819356
"CACCACTTCACCGGGT-1",0
"CACCACTTCGAATCCA-1",4.63981921190245
"CACCACTTCGACCAGC-1",4.05141781444364
"CACCACTTCTAACCGA-1",7.21931976280436
"CACCACTTCTTTAGTC-1",0
"CACCAGGCACATTAGC-1",3.6161931100084
"CACCAGGCACTGCCAG-1",1.95557205996705
"CACCAGGCATAAAGGT-1",0
"CACCAGGCATGAACCT-1",0
"CACCAGGGTGAAATCA-1",1.44466720250658
"CACCAGGGTGTTTGGT-1",0
"CACCAGGGTTATCACG-1",0
"CACCAGGTCATGTAGC-1",0
"CACCAGGTCTGCTTGC-1",0
"CACCTTGAGACTTGAA-1",0
"CACCTTGAGTCAATAG-1",13.769789803346
"CACCTTGCAGGCGATA-1",0
"CACCTTGCATTCCTGC-1",4.55550077592743
"CACCTTGGTCATTAGC-1",1.45717390144193
"CACCTTGGTGATGTCT-1",3.22842196851333
"CACCTTGGTTATGTGC-1",3.00481228606655
"CACCTTGTCAACCATG-1",1.84897736262192
"CACCTTGTCATTATCC-1",9.67071564482662
"CACCTTGTCCAAAGTC-1",8.48415528826718
"CACCTTGTCTCACATT-1",1.84897736262192
"CACTCCAAGACAAGCC-1",0
"CACTCCAAGGTACTCT-1",3.402501537251
"CACTCCACAATGGACG-1",0
"CACTCCAGTACATGTC-1",1.93704846870536
"CACTCCAGTTGTCGCG-1",3.22029669650764
"CACTCCATCAACACAC-1",0
"CACTCCATCCCAGGTG-1",19.8713943322715
"CAGAATCAGAAACCTA-1",0
"CAGAATCAGCCAACAG-1",2.22290078480014
"CAGAATCAGCTGGAAC-1",1.95401084829981
"CAGAATCAGGACTGGT-1",4.1551493448084
"CAGAATCAGTATCGAA-1",4.62871766216977
"CAGAATCCACAGAGGT-1",2.24786575859805
"CAGAATCCAGGGTACA-1",0
"CAGAATCGTAAGTGTA-1",1.63023814234886
"CAGAATCGTAATCACC-1",1.23935510409886
"CAGAATCTCAGTTTGG-1",1.86263667233504
"CAGAATCTCGCAAGCC-1",1.75521459864998
"CAGAATCTCGGTCCGA-1",7.21931976280436
"CAGAATCTCTTGCAAG-1",1.86263667233504
"CAGAATCTCTTGTACT-1",0
"CAGAGAGAGAATTGTG-1",1.74734361007703
"CAGAGAGAGCAATATG-1",2.02366296411885
"CAGAGAGCAAGAAGAG-1",0
"CAGAGAGCACCAGATT-1",11.7196106803552
"CAGAGAGGTAATCACC-1",3.88357617531639
"CAGAGAGGTAGCTGCC-1",3.83984593064674
"CAGAGAGGTAGGACAC-1",4.20629907241897
"CAGAGAGGTATAGGGC-1",0
"CAGAGAGGTCCGAATT-1",20.4884526282512
"CAGAGAGGTTGAGGTG-1",1.95401084829981
"CAGAGAGTCACCCGAG-1",2.8904634961405
"CAGAGAGTCATAACCG-1",0
"CAGAGAGTCCGAACGC-1",3.22029669650764
"CAGAGAGTCTGGTATG-1",1.23935510409886
"CAGATCAAGAGACGAA-1",7.73487919090858
"CAGATCAAGCACCGTC-1",1.93047041241648
"CAGATCAAGCTTCGCG-1",0
"CAGATCAAGGATTCGG-1",2.8904634961405
"CAGATCAAGTGTACCT-1",0
"CAGATCAAGTTTAGGA-1",0
"CAGATCACAATAACGA-1",0
"CAGATCACACACCGAC-1",1.74656133085108
"CAGATCACACGGTAAG-1",0
"CAGATCACACTCTGTC-1",0
"CAGATCACAGCATACT-1",4.02694698515241
"CAGATCACAGTGGGAT-1",0
"CAGATCAGTACCAGTT-1",0
"CAGATCAGTGCGGTAA-1",3.99771805877132
"CAGATCATCTGATTCT-1",1.37677047960864
"CAGCAGCAGATGCCAG-1",0
"CAGCAGCAGGGAACGG-1",0
"CAGCAGCCACCTATCC-1",0
"CAGCAGCCATCACAAC-1",0
"CAGCAGCTCAACACTG-1",0
"CAGCAGCTCGAACTGT-1",3.69156580490035
"CAGCAGCTCGCCGTGA-1",7.44679666041693
"CAGCATAAGAGACGAA-1",2.91663050421407
"CAGCATAGTCTAGGTT-1",14.7315192912169
"CAGCATAGTTTACTCT-1",0
"CAGCATATCACGAAGG-1",3.83984593064674
"CAGCATATCAGGCAAG-1",8.00492048689928
"CAGCATATCCTTAATC-1",1.47511630303706
"CAGCCGAAGCATCATC-1",3.77571077098882
"CAGCCGAAGTTTCCTT-1",0
"CAGCCGACACGTGAGA-1",19.8713943322715
"CAGCCGACATCAGTCA-1",0
"CAGCCGAGTGATGTCT-1",0
"CAGCCGATCACCAGGC-1",5.13945272385525
"CAGCCGATCCTCAATT-1",0
"CAGCGACAGAAACGCC-1",0
"CAGCGACAGCGTCAAG-1",0
"CAGCGACCAAACGTGG-1",1.74656133085108
"CAGCGACCAAAGCGGT-1",0
"CAGCGACCACGTCAGC-1",1.23501487044517
"CAGCGACCATGGGACA-1",1.77650710215293
"CAGCGACGTCTGATTG-1",6.00169294921835
"CAGCGACGTGGACGAT-1",0
"CAGCGACGTGGTTTCA-1",0
"CAGCGACGTTCGGCAC-1",0
"CAGCGACTCCGCAAGC-1",20.4884526282512
"CAGCGACTCTGGGCCA-1",1.69568501583596
"CAGCTAAAGATGTGTA-1",3.10315280718969
"CAGCTAAAGCAGACTG-1",0
"CAGCTAAAGCTGTTCA-1",5.23554653710572
"CAGCTAAAGGAGCGTT-1",4.1551493448084
"CAGCTAACACAGATTC-1",0
"CAGCTAACATCAGTAC-1",7.09000271544109
"CAGCTAAGTAATCGTC-1",0
"CAGCTAAGTCTCACCT-1",1.63023814234886
"CAGCTAAGTTCGTCTC-1",1.47511630303706
"CAGCTAATCCACGCAG-1",3.22469169903664
"CAGCTAATCCCTAACC-1",10.7782203382846
"CAGCTAATCTGGTTCC-1",16.7618078833912
"CAGCTAATCTTAGCCC-1",1.5087612460887
"CAGCTAATCTTCGGTC-1",0
"CAGCTGGAGACACTAA-1",4.04410077735364
"CAGCTGGAGATCCTGT-1",0
"CAGCTGGCACCAACCG-1",1.95401084829981
"CAGCTGGCAGTGGAGT-1",5.0221026290695
"CAGCTGGCATGCATGT-1",1.47511630303706
"CAGCTGGTCTACCTGC-1",0
"CAGGTGCAGAGACGAA-1",2.47870084007854
"CAGGTGCAGATCCTGT-1",2.47603977637741
"CAGGTGCAGGCATGTG-1",2.1336948960358
"CAGGTGCCAGGAACGT-1",6.56020548117212
"CAGGTGCCATAGTAAG-1",0
"CAGGTGCCATCGGAAG-1",1.93047041241648
"CAGGTGCTCAGTTGAC-1",3.40470298924731
"CAGGTGCTCCAAGTAC-1",11.2342196271362
"CAGGTGCTCTTGTATC-1",9.86738469925106
"CAGTAACAGATATGGT-1",3.86852712790909
"CAGTAACAGATGGCGT-1",1.47511630303706
"CAGTAACCAATCACAC-1",14.5358359338838
"CAGTAACCACTCGACG-1",0
"CAGTAACGTGATAAGT-1",0
"CAGTAACGTGCACCAC-1",1.65170237368734
"CAGTAACTCAGAGGTG-1",0
"CAGTAACTCGTACGGC-1",3.10315280718969
"CAGTAACTCGTGACAT-1",0
"CAGTAACTCTGCCAGG-1",5.28350923940198
"CAGTCCTAGAATCTCC-1",3.402501537251
"CAGTCCTAGATCTGCT-1",1.89074424743067
"CAGTCCTCAGTATAAG-1",0
"CAGTCCTTCAACACGT-1",1.75481895374561
"CAGTCCTTCCATGAGT-1",1.78100756679089
"CAGTCCTTCCCGACTT-1",0
"CAGTCCTTCCCTTGTG-1",0
"CAGTCCTTCGAACGGA-1",1.44714843721857
"CAGTCCTTCGGTTCGG-1",0
"CAGTCCTTCTACTTAC-1",2.21085096477858
"CATATGGAGAGATGAG-1",2.48802906944303
"CATATGGAGGCATGGT-1",1.69568501583596
"CATATGGAGTATTGGA-1",1.66442885886046
"CATATGGCAAGCGTAG-1",0
"CATATGGGTCGCATAT-1",15.6125834255361
"CATATGGTCATTATCC-1",1.78471105495709
"CATATGGTCATTGCGA-1",0
"CATATTCCACCACCAG-1",0
"CATATTCGTGACTACT-1",2.79899167503748
"CATATTCGTGGTACAG-1",12.5149959897541
"CATATTCGTGTGACGA-1",1.74969568161059
"CATATTCTCACAGGCC-1",5.69583775134536
"CATATTCTCGCAAACT-1",11.2489595400844
"CATCAAGAGAACTCGG-1",1.78100756679089
"CATCAAGAGATGGCGT-1",12.5149959897541
"CATCAAGAGCCGCCTA-1",1.60688281682492
"CATCAAGCACGAAACG-1",3.31674213315032
"CATCAAGCAGCCTTTC-1",1.74969568161059
"CATCAAGCATGGAATA-1",3.27103590868417
"CATCAAGGTTACTGAC-1",0
"CATCAAGGTTCCATGA-1",4.20629907241897
"CATCAAGTCTAAGCCA-1",0
"CATCAAGTCTGACCTC-1",0
"CATCAGAAGCTAGTCT-1",3.23975537585127
"CATCAGACAAGCCATT-1",0
"CATCAGACAATGACCT-1",2.29309641118629
"CATCAGACACGGCCAT-1",1.93147865920373
"CATCAGACAGACAGGT-1",1.50520617489663
"CATCAGACATAACCTG-1",1.86263667233504
"CATCAGAGTAATTGGA-1",0
"CATCAGAGTACATGTC-1",1.95089811949327
"CATCAGAGTGTTAAGA-1",0
"CATCAGAGTTCAACCA-1",7.21931976280436
"CATCAGATCGTTGACA-1",1.77650710215293
"CATCCACGTAAAGTCA-1",2.76719754766386
"CATCCACGTACCGTAT-1",1.47511630303706
"CATCCACGTGCCTGTG-1",3.87023972708973
"CATCCACGTTTAAGCC-1",3.10476824335327
"CATCGAAAGAGTACAT-1",0
"CATCGAAAGCTGTCTA-1",7.21931976280436
"CATCGAACAAGAGGCT-1",3.14449995247878
"CATCGAACAAGCTGAG-1",2.48802906944303
"CATCGAACACATTTCT-1",0
"CATCGAACATAAAGGT-1",3.22842196851333
"CATCGAAGTAGTACCT-1",0
"CATCGAAGTCCGACGT-1",1.04724759607652
"CATCGAAGTGCACTTA-1",0
"CATCGAATCAAACCAC-1",0
"CATCGAATCCGCGGTA-1",0
"CATCGAATCCGTAGTA-1",0
"CATCGGGAGAAGCCCA-1",1.57879615295133
"CATCGGGAGCGAGAAA-1",0
"CATCGGGAGGGTGTGT-1",0
"CATCGGGAGGTGTTAA-1",1.44466720250658
"CATCGGGAGTGACTCT-1",3.84259801872587
"CATCGGGCACTCAGGC-1",2.55029522984696
"CATCGGGCAGACGCTC-1",0
"CATCGGGCATCACAAC-1",0
"CATCGGGGTCCTCTTG-1",8.86540234359906
"CATCGGGGTGAGGGAG-1",3.5120700786789
"CATCGGGGTTCGAATC-1",0
"CATCGGGTCAGGATCT-1",1.87049181002277
"CATCGGGTCCACGAAT-1",0
"CATCGGGTCGATGAGG-1",2.47603977637741
"CATGACAAGACCACGA-1",1.75402832933928
"CATGACAAGCTCCTCT-1",2.8904634961405
"CATGACAAGTAACCCT-1",1.44714843721857
"CATGACAAGTATCTCG-1",0
"CATGACAGTCGTCTTC-1",2.29309641118629
"CATGACAGTGAACCTT-1",1.38054700437752
"CATGACATCAATAAGG-1",0
"CATGACATCTAACTGG-1",7.6336461581383
"CATGCCTAGACCTAGG-1",1.75481895374561
"CATGCCTAGAGTCTGG-1",1.95089811949327
"CATGCCTCACCACCAG-1",0
"CATGCCTGTCAAAGCG-1",0
"CATGCCTGTCGATTGT-1",0
"CATGCCTTCCACGACG-1",7.09000271544109
"CATGCCTTCCTCATTA-1",0
"CATGCCTTCGCATGAT-1",0
"CATGGCGAGAGCTGGT-1",3.96795091548323
"CATGGCGAGTACGACG-1",3.86817930380397
"CATGGCGTCCAAAGTC-1",3.70047510819865
"CATGGCGTCCCTTGTG-1",0
"CATGGCGTCGGCCGAT-1",2.21085096477858
"CATGGCGTCTCAAACG-1",0
"CATGGCGTCTGCCCTA-1",2.79782606089191
"CATTATCAGACCCACC-1",0
"CATTATCAGTCCCACG-1",0
"CATTATCCAAGTCTGT-1",8.86540234359906
"CATTATCCAGGGCATA-1",18.6258913506905
"CATTATCGTCAATGTC-1",0
"CATTATCTCACAAACC-1",0
"CATTATCTCAGATAAG-1",3.22469169903664
"CATTATCTCGCGTTTC-1",1.95089811949327
"CATTATCTCGTTGCCT-1",1.04724759607652
"CATTATCTCTATCCCG-1",7.93337945270207
"CATTATCTCTTAACCT-1",0
"CATTCGCAGGTGCTAG-1",14.4074475703633
"CATTCGCCAAGGGTCA-1",0
"CATTCGCCAGCCTATA-1",1.74969568161059
"CATTCGCCATACAGCT-1",1.52712153324676
"CATTCGCCATGGATGG-1",1.63023814234886
"CATTCGCCATGTCTCC-1",4.02694698515241
"CATTCGCCATTCACTT-1",7.21931976280436
"CATTCGCGTAGCACGA-1",0
"CATTCGCTCATCACCC-1",3.48209196207172
"CCAATCCAGACCACGA-1",3.86817930380397
"CCAATCCAGATATGGT-1",1.44714843721857
"CCAATCCAGTCGAGTG-1",3.83984593064674
"CCAATCCAGTCGTTTG-1",1.71971756500341
"CCAATCCAGTTTAGGA-1",2.1336948960358
"CCAATCCCAAGCGAGT-1",0
"CCAATCCTCGGACAAG-1",1.9365404041865
"CCACCTAAGGATGGTC-1",0
"CCACCTAAGTCGAGTG-1",3.82534574450904
"CCACCTAAGTGGGATC-1",0
"CCACCTAAGTGTGGCA-1",0
"CCACCTACAACAACCT-1",2.00619944541362
"CCACCTACAAGCCGCT-1",1.99970061564194
"CCACCTACAATCTACG-1",0
"CCACCTAGTAGTACCT-1",0
"CCACCTAGTCGCGTGT-1",0
"CCACCTAGTGGGTCAA-1",0
"CCACCTATCAGTTGAC-1",0
"CCACCTATCTGATACG-1",15.6125834255361
"CCACGGAAGGGAACGG-1",1.44714843721857
"CCACGGACATGTCGAT-1",0
"CCACGGAGTAAGGGCT-1",5.13945272385525
"CCACGGAGTCAGATAA-1",0
"CCACGGAGTCCGTGAC-1",0
"CCACGGAGTGTAATGA-1",1.60688281682492
"CCACGGAGTTCTGAAC-1",1.50520617489663
"CCACGGATCACATAGC-1",1.93704846870536
"CCACGGATCCACGTGG-1",0
"CCACGGATCTACTATC-1",1.80225274494389
"CCACGGATCTAGAGTC-1",1.63023814234886
"CCACTACAGAGTACCG-1",1.72386818199627
"CCACTACAGCTTTGGT-1",3.88357617531639
"CCACTACCAGCAGTTT-1",7.44679666041693
"CCACTACCAGTAGAGC-1",0
"CCACTACGTCCGAATT-1",0
"CCACTACGTCTCAACA-1",1.04724759607652
"CCACTACGTGACAAAT-1",2.8670874628081
"CCACTACGTGACCAAG-1",0
"CCACTACGTGCACGAA-1",0
"CCACTACTCACTCTTA-1",0
"CCACTACTCCGCATCT-1",0
"CCACTACTCGGAAATA-1",1.59959109262016
"CCACTACTCTCGTATT-1",1.78471105495709
"CCACTACTCTCGTTTA-1",0
"CCAGCGAAGCCCAACC-1",0
"CCAGCGACATCGGGTC-1",14.7315192912169
"CCAGCGACATGTCCTC-1",1.64728693860102
"CCAGCGAGTAGGCATG-1",3.83984593064674
"CCAGCGAGTCCGTTAA-1",0
"CCAGCGATCAGAAATG-1",0
"CCATGTCAGCGATCCC-1",0
"CCATGTCAGGTCGGAT-1",0
"CCATGTCAGGTTACCT-1",0
"CCATGTCCAAGCTGGA-1",0
"CCATGTCCACATCCGG-1",4.1551493448084
"CCATGTCGTCCAGTAT-1",1.88931305995646
"CCATGTCTCCAAGTAC-1",2.21085096477858
"CCATGTCTCTTGTATC-1",0
"CCATTCGCAGTACACT-1",3.6161931100084
"CCATTCGCAGTTTACG-1",1.78471105495709
"CCATTCGGTAATCGTC-1",1.85531989622198
"CCATTCGGTATTACCG-1",1.37677047960864
"CCCAATCAGTCACGCC-1",0
"CCCAATCCAGGTGGAT-1",0
"CCCAATCGTGAAGGCT-1",7.09000271544109
"CCCAATCGTTGGAGGT-1",1.63155982952137
"CCCAATCTCACATGCA-1",0
"CCCAATCTCCAGTATG-1",0
"CCCAATCTCGGAGCAA-1",20.4884526282512
"CCCAGTTAGAATAGGG-1",11.7196106803552
"CCCAGTTAGATCCCGC-1",0
"CCCAGTTAGCGTGAAC-1",0
"CCCAGTTAGGAATCGC-1",0
"CCCAGTTAGTCCGGTC-1",8.86540234359906
"CCCAGTTAGTTTGCGT-1",2.1336948960358
"CCCAGTTGTACATGTC-1",1.60688281682492
"CCCAGTTGTCTGCAAT-1",4.09866266964889
"CCCAGTTTCTGAAAGA-1",0
"CCCATACAGGGTTCCC-1",0
"CCCATACAGTGTTTGC-1",0
"CCCATACCAAAGGTGC-1",1.88456240551596
"CCCATACCAACACCCG-1",1.74969568161059
"CCCATACCAGCAGTTT-1",0
"CCCATACGTATTACCG-1",0
"CCCATACGTCAATACC-1",0
"CCCATACGTCTAGTCA-1",0
"CCCATACGTTGAGTTC-1",6.00169294921835
"CCCATACTCAATAAGG-1",1.47511630303706
"CCCATACTCAGCGACC-1",5.23178764368232
"CCCATACTCATCACCC-1",0
"CCCATACTCCGTAGGC-1",0
"CCCTCCTAGGAATCGC-1",3.87023972708973
"CCCTCCTCAGCTTAAC-1",2.22655458198837
"CCCTCCTCATATGAGA-1",4.05141781444364
"CCCTCCTCATCACGTA-1",1.5087612460887
"CCCTCCTGTATGGTTC-1",1.29967099461141
"CCCTCCTGTTAGATGA-1",2.47870084007854
"CCCTCCTTCAATCACG-1",0
"CCCTCCTTCCGCAGTG-1",0
"CCGGGATAGCTTCGCG-1",1.87515212172843
"CCGGGATAGGCGACAT-1",0
"CCGGGATAGGCTAGGT-1",1.7360849798154
"CCGGGATCACAGTCGC-1",0
"CCGGGATGTATAGGTA-1",2.22290078480014
"CCGGGATTCAGAGCTT-1",8.48415528826718
"CCGGGATTCGCTAGCG-1",1.95401084829981
"CCGGGATTCGCTTGTC-1",1.9365404041865
"CCGGTAGAGCGTCTAT-1",0
"CCGGTAGAGTACGCCC-1",1.63155982952137
"CCGGTAGCACATAACC-1",9.67071564482662
"CCGGTAGCACGCATCG-1",0
"CCGGTAGGTACTTCTT-1",0
"CCGGTAGGTCAAACTC-1",1.3936137675001
"CCGGTAGTCGTCCGTT-1",3.33567607243556
"CCGTACTAGAGAACAG-1",6.79406232912848
"CCGTACTAGTCCGTAT-1",0
"CCGTACTCAAGCCCAC-1",2.15773266317491
"CCGTACTCAAGCGAGT-1",14.4374491064999
"CCGTACTCATCCCACT-1",0
"CCGTACTGTACAGCAG-1",1.74969568161059
"CCGTACTGTGCGGTAA-1",0
"CCGTACTTCGTTACAG-1",0
"CCGTGGAAGACGCACA-1",3.18711576060828
"CCGTGGAAGAGTTGGC-1",6.09425857107093
"CCGTGGAAGGTGATAT-1",0
"CCGTGGAAGGTTCCTA-1",0
"CCGTGGACAGCCTTGG-1",0
"CCGTGGAGTTCCATGA-1",0
"CCGTGGATCTAACTTC-1",0
"CCGTTCAAGCGTAATA-1",6.48430778792738
"CCGTTCAAGTACGATA-1",11.7027575465812
"CCGTTCAAGTAGATGT-1",5.38726523220608
"CCGTTCACAGGATCGA-1",1.60688281682492
"CCGTTCAGTATAGGGC-1",3.07360640050375
"CCGTTCAGTCGCGAAA-1",1.85668621861495
"CCGTTCATCGTACCGG-1",1.75481895374561
"CCTAAAGAGAGTTGGC-1",1.44714843721857
"CCTAAAGCAAACCTAC-1",0
"CCTAAAGCATGTCTCC-1",1.78471105495709
"CCTAAAGGTACTCAAC-1",1.29967099461141
"CCTAAAGGTCGGCACT-1",0
"CCTAAAGGTGTAATGA-1",16.0726237189197
"CCTAAAGTCACCGTAA-1",1.69568501583596
"CCTAAAGTCAGCGATT-1",0
"CCTAAAGTCGGCGCTA-1",3.8549995327282
"CCTAAAGTCGGTCCGA-1",1.95089811949327
"CCTACACAGGACCACA-1",0
"CCTACACAGGGTGTTG-1",0
"CCTACACCAGTAAGAT-1",0
"CCTACACGTATAGTAG-1",6.79406232912848
"CCTACACGTCCGAACC-1",4.20672000600408
"CCTACACGTGGGTCAA-1",0
"CCTACACGTTTGACTG-1",0
"CCTACACTCGGCGCTA-1",3.88357617531639
"CCTACACTCGTGACAT-1",1.22541554114186
"CCTACCAAGATAGGAG-1",0
"CCTACCAAGCAAATCA-1",3.40470298924731
"CCTACCAAGCGTAGTG-1",0
"CCTACCAAGTGCGATG-1",0
"CCTACCAGTATCAGTC-1",0
"CCTACCAGTCTCTCTG-1",0
"CCTACCAGTCTTTCAT-1",0
"CCTACCATCAGCACAT-1",0
"CCTACCATCGCCAGCA-1",0
"CCTAGCTAGCAAATCA-1",0
"CCTAGCTAGCTCCTCT-1",0
"CCTAGCTAGGTTACCT-1",1.86263667233504
"CCTAGCTAGTACGCGA-1",2.00619944541362
"CCTAGCTCAATGAATG-1",0
"CCTAGCTCAATGGTCT-1",0
"CCTAGCTCACATCCAA-1",2.00619944541362
"CCTAGCTCAGCCAGAA-1",11.9158689587314
"CCTAGCTGTAGAAAGG-1",5.44996044723518
"CCTAGCTGTCACCCAG-1",1.93704846870536
"CCTAGCTGTCTGATTG-1",0
"CCTAGCTTCACGATGT-1",0
"CCTAGCTTCGTAGGAG-1",1.5087612460887
"CCTATTAAGAATTCCC-1",4.20672000600408
"CCTATTAAGCAGGCTA-1",0
"CCTATTAAGCAGGTCA-1",0
"CCTATTAAGGGAGTAA-1",3.22029669650764
"CCTATTAAGGTAGCCA-1",3.8549995327282
"CCTATTACACAACTGT-1",6.48430778792738
"CCTATTACACATCCGG-1",4.20629907241897
"CCTATTAGTCAATACC-1",1.99970061564194
"CCTATTATCATCACCC-1",1.53165274644865
"CCTATTATCTGCGACG-1",8.86540234359906
"CCTCAGTAGCTAACTC-1",2.21085096477858
"CCTCAGTCAGGTGGAT-1",1.69568501583596
"CCTCAGTGTCCATCCT-1",1.58339518249613
"CCTCAGTGTCCGACGT-1",16.2622452542801
"CCTCAGTGTCTTGTCC-1",4.57909705182435
"CCTCAGTGTGGGTATG-1",0
"CCTCTGAAGTATCGAA-1",0
"CCTCTGAAGTGGGTTG-1",1.86263667233504
"CCTCTGACAAGCTGTT-1",1.84897736262192
"CCTCTGACACCGATAT-1",0
"CCTCTGACAGATGAGC-1",1.66442885886046
"CCTCTGAGTCAATACC-1",0
"CCTCTGAGTCCGAACC-1",17.9028376838365
"CCTCTGAGTCGTGGCT-1",0
"CCTCTGAGTCTGATTG-1",3.83984593064674
"CCTTACGCAAGCGTAG-1",0
"CCTTACGCACCAACCG-1",2.8904634961405
"CCTTACGGTCATCCCT-1",0
"CCTTACGGTCCTCTTG-1",2.29309641118629
"CCTTACGTCACAACGT-1",3.80562253414491
"CCTTACGTCATCTGCC-1",0
"CCTTACGTCGGAGGTA-1",0
"CCTTCCCAGAGACTAT-1",1.40766922070462
"CCTTCCCAGCTAGGCA-1",1.95089811949327
"CCTTCCCAGGACGAAA-1",3.40470298924731
"CCTTCCCAGGGCATGT-1",0
"CCTTCCCAGGTACTCT-1",2.48802906944303
"CCTTCCCCATGATCCA-1",2.29309641118629
"CCTTCCCTCAAGGCTT-1",1.32021788515869
"CCTTCCCTCTATCCTA-1",1.90375129004809
"CCTTCCCTCTATCGCC-1",4.20629907241897
"CCTTCGAAGGCGCTCT-1",5.45567986761054
"CCTTCGACAACACCCG-1",1.60688281682492
"CCTTCGACAGCGATCC-1",0
"CCTTCGAGTAAGCACG-1",0
"CCTTCGAGTCCATGAT-1",6.48430778792738
"CCTTCGAGTGTGACCC-1",1.50520617489663
"CCTTCGAGTTGGTGGA-1",10.3811336200612
"CCTTCGATCACAGTAC-1",1.38054700437752
"CCTTCGATCCTATGTT-1",16.0726237189197
"CCTTCGATCGCACTCT-1",3.70047510819865
"CCTTTCTAGACGCTTT-1",0
"CCTTTCTAGGGCACTA-1",0
"CCTTTCTAGTGGAGTC-1",0
"CCTTTCTCAGACAAGC-1",0
"CCTTTCTCATCACGAT-1",0
"CCTTTCTCATGCCCGA-1",3.18711576060828
"CCTTTCTTCCCACTTG-1",0
"CCTTTCTTCTTTACGT-1",1.84897736262192
"CGAACATCACATGACT-1",0
"CGAACATCACTTGGAT-1",0
"CGAACATCAGTCCTTC-1",21.7561210485226
"CGAACATGTCTGATTG-1",0
"CGAACATGTGCTGTAT-1",3.84259801872587
"CGAACATTCTCAAACG-1",0
"CGAATGTAGAGGTTAT-1",2.21085096477858
"CGAATGTAGCGATAGC-1",0
"CGAATGTAGTTCGCAT-1",1.57879615295133
"CGAATGTCAATGCCAT-1",0
"CGAATGTGTCTAGTCA-1",3.84259801872587
"CGAATGTGTCTCACCT-1",5.45017671788317
"CGAATGTTCAACACAC-1",1.74969568161059
"CGAATGTTCATCACCC-1",0
"CGAATGTTCTGTACGA-1",0
"CGACCTTAGCTACCGC-1",0
"CGACCTTAGCTAGTCT-1",1.71971756500341
"CGACCTTCAAAGTGCG-1",2.22290078480014
"CGACCTTCACGAAATA-1",1.85668621861495
"CGACCTTGTAAGTGTA-1",1.57879615295133
"CGACCTTGTCAGAATA-1",6.79406232912848
"CGACCTTGTCTCCCTA-1",13.1757747214356
"CGACCTTGTCTCTTAT-1",1.74969568161059
"CGACCTTTCCGCGTTT-1",1.87281826504998
"CGACCTTTCGTTTATC-1",1.75402832933928
"CGACCTTTCTCCAGGG-1",14.4159693022478
"CGACTTCAGACACGAC-1",0
"CGACTTCAGGTAGCCA-1",0
"CGACTTCAGTCTTGCA-1",0
"CGACTTCCAATGGACG-1",0
"CGACTTCGTGGTGTAG-1",4.20672000600408
"CGACTTCGTTGAGTTC-1",3.00481228606655
"CGACTTCTCACTTACT-1",1.3936137675001
"CGACTTCTCTCGCTTG-1",0
"CGAGAAGAGAAACGCC-1",0
"CGAGAAGAGCCAACAG-1",1.7360849798154
"CGAGAAGAGCGTGTCC-1",3.038955359493
"CGAGAAGCAAGTTCTG-1",7.09000271544109
"CGAGAAGCACATCCGG-1",10.3811336200612
"CGAGAAGCAGGCTGAA-1",1.04724759607652
"CGAGAAGTCGGATGGA-1",0
"CGAGCACAGCCAGAAC-1",3.48209196207172
"CGAGCACCACATGTGT-1",0
"CGAGCACGTAGCGTCC-1",0
"CGAGCACGTAGCGTGA-1",0
"CGAGCACGTCAGATAA-1",1.88456240551596
"CGAGCACGTGCCTTGG-1",2.8670874628081
"CGAGCACTCCCGGATG-1",0
"CGAGCACTCCGCTGTT-1",0
"CGAGCACTCGTGACAT-1",2.00619944541362
"CGAGCCAAGCTAGCCC-1",2.21085096477858
"CGAGCCAGTATATCCG-1",10.3811336200612
"CGAGCCAGTCAAGCGA-1",0
"CGATCGGAGAGCCTAG-1",0
"CGATCGGAGTACGATA-1",1.93603268455258
"CGATCGGCAAACGCGA-1",6.06261190282434
"CGATCGGCAAGCGATG-1",13.769789803346
"CGATCGGCAATACGCT-1",0
"CGATCGGCAGTTAACC-1",1.29967099461141
"CGATCGGCATACTCTT-1",3.40470298924731
"CGATCGGGTCGACTGC-1",1.5087612460887
"CGATCGGTCAACGGGA-1",3.88357617531639
"CGATCGGTCTAGCACA-1",0
"CGATGGCAGCCGTCGT-1",4.67920488748746
"CGATGGCAGTCCAGGA-1",4.05141781444364
"CGATGGCCACTTAACG-1",0
"CGATGGCCAGCGTAAG-1",1.40766922070462
"CGATGGCCATCATCCC-1",0
"CGATGGCTCCTAGAAC-1",0
"CGATGGCTCGCTAGCG-1",2.96449295625099
"CGATGGCTCTGACCTC-1",0
"CGATGTAAGGCAATTA-1",3.7847400111522
"CGATGTAAGTTTGCGT-1",15.6125834255361
"CGATGTACACAGGCCT-1",13.9161244624594
"CGATGTACAGGTCTCG-1",0
"CGATGTAGTCCAGTGC-1",1.934005246549
"CGATGTAGTCTAGGTT-1",3.402501537251
"CGATGTAGTGTGCCTG-1",1.85531989622198
"CGATGTAGTTTGCATG-1",0
"CGATTGAAGATGTGGC-1",0
"CGATTGACAGACGCAA-1",0
"CGATTGAGTATGGTTC-1",1.58339518249613
"CGATTGAGTTCAGACT-1",0
"CGATTGATCATGGTCA-1",0
"CGATTGATCTGCGGCA-1",1.85668621861495
"CGCCAAGAGAATGTTG-1",0
"CGCCAAGAGACCTTTG-1",1.84897736262192
"CGCCAAGAGATCGGGT-1",1.37677047960864
"CGCCAAGAGATCTGAA-1",0
"CGCCAAGAGCGTGTCC-1",2.42986315757899
"CGCCAAGGTCTAGGTT-1",1.87281826504998
"CGCCAAGTCAGGATCT-1",1.58339518249613
"CGCCAAGTCCACTCCA-1",0
"CGCCAAGTCTTGTTTG-1",0
"CGCGGTAAGCTAGCCC-1",5.17132513055807
"CGCGGTAAGGGTTCCC-1",0
"CGCGGTACAAACTGCT-1",3.82534574450904
"CGCGGTACAATGGAAT-1",2.22655458198837
"CGCGGTACAGCTGTTA-1",1.9365404041865
"CGCGGTAGTCAAGCGA-1",0
"CGCGGTAGTGAGGCTA-1",0
"CGCGGTAGTTTGCATG-1",1.71971756500341
"CGCGTTTAGTTATCGC-1",1.75402832933928
"CGCGTTTCAACAACCT-1",1.44714843721857
"CGCGTTTCAAGCGAGT-1",4.13455808533112
"CGCGTTTCAATGGACG-1",1.75481895374561
"CGCGTTTCACGGTGTC-1",0
"CGCGTTTGTGCTGTAT-1",1.49788542652835
"CGCGTTTGTGGACGAT-1",1.13267045430356
"CGCGTTTTCAAACCGT-1",1.87281826504998
"CGCGTTTTCAGCCTAA-1",1.89074424743067
"CGCGTTTTCCTATGTT-1",0
"CGCGTTTTCGTGGTCG-1",0
"CGCTATCAGAAACCGC-1",0
"CGCTATCAGTCATCCA-1",12.0321587345429
"CGCTATCCAAGCGAGT-1",0
"CGCTATCCAGTCGATT-1",0
"CGCTATCCATCGACGC-1",1.23501487044517
"CGCTATCCATTTCAGG-1",3.22469169903664
"CGCTATCGTACCGAGA-1",4.55550077592743
"CGCTATCGTTCGAATC-1",2.61556187482269
"CGCTATCGTTTCGCTC-1",1.44714843721857
"CGCTATCTCGTTACAG-1",0
"CGCTGGAAGGACATTA-1",5.13945272385525
"CGCTGGAAGGGCACTA-1",2.02366296411885
"CGCTGGAAGGTGATAT-1",1.75481895374561
"CGCTGGACAGACTCGC-1",0
"CGCTGGAGTGTAATGA-1",0
"CGCTGGAGTTCTGGTA-1",0
"CGCTGGATCCGAAGAG-1",0
"CGCTGGATCCGTTGCT-1",0
"CGCTGGATCGTAGGAG-1",0
"CGCTGGATCGTTACAG-1",0
"CGCTTCAAGAAGGGTA-1",0
"CGCTTCAAGGTCGGAT-1",0
"CGCTTCACACGGTGTC-1",5.71250376615223
"CGCTTCACAGACAAGC-1",3.22469169903664
"CGCTTCACATCACCCT-1",1.3936137675001
"CGCTTCAGTCGCGGTT-1",0
"CGCTTCATCTTAGAGC-1",2.24786575859805
"CGGACACAGCGATATA-1",0
"CGGACACAGCGATGAC-1",19.8713943322715
"CGGACACAGCTTCGCG-1",1.87281826504998
"CGGACACAGGTAAACT-1",0
"CGGACACAGTAGCCGA-1",0
"CGGACACCACAGGAGT-1",0
"CGGACACCATTCACTT-1",1.89074424743067
"CGGACACGTGAGCGAT-1",0
"CGGACACGTGCTCTTC-1",0
"CGGACACGTGTGACCC-1",0
"CGGACGTAGGTTACCT-1",1.53165274644865
"CGGACGTCATGGGACA-1",2.22290078480014
"CGGACGTGTGAAAGAG-1",0
"CGGACGTGTTGGTAAA-1",0
"CGGACGTTCATGTGGT-1",0
"CGGACGTTCTGTCCGT-1",0
"CGGACTGAGGAGCGAG-1",1.58339518249613
"CGGACTGAGGAGTCTG-1",21.7561210485226
"CGGACTGAGTGGTAGC-1",0
"CGGACTGCAACTTGAC-1",3.22029669650764
"CGGACTGCAATGACCT-1",2.00619944541362
"CGGACTGCACAACGTT-1",9.67071564482662
"CGGACTGCACGCCAGT-1",0
"CGGACTGCAGTATGCT-1",1.74656133085108
"CGGACTGGTAAAGGAG-1",1.75481895374561
"CGGACTGGTATAAACG-1",0
"CGGACTGGTGTAAGTA-1",0
"CGGACTGGTGTGGTTT-1",0
"CGGACTGGTTGACGTT-1",2.02366296411885
"CGGACTGTCCATGCTC-1",5.69583775134536
"CGGACTGTCCGTCAAA-1",0
"CGGACTGTCGTTTGCC-1",5.23178764368232
"CGGAGCTAGTTTAGGA-1",1.69568501583596
"CGGAGCTGTAGAAAGG-1",4.13455808533112
"CGGAGCTTCACTTATC-1",2.76719754766386
"CGGAGCTTCATGTAGC-1",0
"CGGAGCTTCCACGAAT-1",0
"CGGAGTCAGTGCGATG-1",1.13267045430356
"CGGAGTCAGTGTGAAT-1",2.48802906944303
"CGGAGTCCAGTGGGAT-1",4.67920488748746
"CGGAGTCCATTATCTC-1",0
"CGGAGTCGTAGCTGCC-1",0
"CGGAGTCGTGTTCGAT-1",5.38726523220608
"CGGAGTCTCCCAGGTG-1",0
"CGGAGTCTCCGTAGTA-1",0
"CGGCTAGAGAAACGCC-1",4.43606260299261
"CGGCTAGAGCACCGTC-1",0
"CGGCTAGAGCTAAACA-1",2.00397489044703
"CGGCTAGCAGACAAAT-1",7.93337945270207
"CGGCTAGGTAACGCGA-1",3.86852712790909
"CGGCTAGGTTCATGGT-1",1.69568501583596
"CGGCTAGTCAAAGACA-1",1.71971756500341
"CGGCTAGTCGTGGGAA-1",1.95401084829981
"CGGCTAGTCTTGTTTG-1",0
"CGGGTCAAGAGTCGGT-1",1.3936137675001
"CGGGTCAAGCACACAG-1",0
"CGGGTCAAGCTAACTC-1",0
"CGGGTCAAGGACACCA-1",0
"CGGGTCAAGTATGACA-1",1.60624557133513
"CGGGTCACAATGACCT-1",0
"CGGGTCACACCGAAAG-1",0
"CGGGTCACAGCCACCA-1",0
"CGGGTCACATACAGCT-1",0
"CGGGTCACATCCTTGC-1",4.43606260299261
"CGGGTCAGTAGCGCTC-1",1.71148987556376
"CGGGTCAGTCGATTGT-1",1.95089811949327
"CGGGTCAGTGCAACTT-1",0
"CGGGTCAGTTGTTTGG-1",19.8713943322715
"CGGGTCATCAACACCA-1",4.63981921190245
"CGGGTCATCACCTTAT-1",6.13972014271478
"CGGGTCATCCACGACG-1",1.3936137675001
"CGGTTAACAGGACCCT-1",1.88456240551596
"CGGTTAACATGTCCTC-1",0
"CGGTTAACATTCCTGC-1",0
"CGGTTAAGTCGACTGC-1",0
"CGGTTAATCCGGCACA-1",16.7097636119372
"CGGTTAATCCTTTCGG-1",0
"CGGTTAATCTTATCTG-1",0
"CGTAGCGAGATGTAAC-1",2.8670874628081
"CGTAGCGAGGCAATTA-1",0
"CGTAGCGCAAGCGCTC-1",0
"CGTAGCGTCCAACCAA-1",0
"CGTAGCGTCGGCGGTT-1",4.20629907241897
"CGTAGGCAGGGCTCTC-1",1.88456240551596
"CGTAGGCCAAGCGATG-1",1.71148987556376
"CGTAGGCCACTAAGTC-1",0
"CGTAGGCCAGAGTGTG-1",5.66410289316011
"CGTAGGCCATCCCATC-1",4.63981921190245
"CGTAGGCGTATTAGCC-1",3.40470298924731
"CGTAGGCGTCAATACC-1",0
"CGTAGGCGTGGCGAAT-1",1.77650710215293
"CGTAGGCTCCAGAAGG-1",1.78471105495709
"CGTCACTAGTCATGCT-1",1.63155982952137
"CGTCACTCAAAGCGGT-1",0
"CGTCACTCAGGTCCAC-1",1.69568501583596
"CGTCACTCAGTCACTA-1",1.50520617489663
"CGTCACTTCCTTGACC-1",0
"CGTCACTTCGGTGTTA-1",0
"CGTCACTTCTGTGCAA-1",2.8670874628081
"CGTCACTTCTTGAGAC-1",1.66756079844358
"CGTCAGGAGCTGTTCA-1",1.50520617489663
"CGTCAGGCAAAGCAAT-1",1.71148987556376
"CGTCAGGCAAAGCGGT-1",0
"CGTCAGGCAACACGCC-1",2.21085096477858
"CGTCAGGCATCCGCGA-1",0
"CGTCAGGGTCAGCTAT-1",0
"CGTCAGGGTCGTTGTA-1",0
"CGTCAGGGTGTAAGTA-1",0
"CGTCAGGTCCACTGGG-1",1.60688281682492
"CGTCAGGTCGACAGCC-1",1.47511630303706
"CGTCAGGTCGGGAGTA-1",1.71148987556376
"CGTCCATAGACCACGA-1",7.6336461581383
"CGTCCATAGCGATTCT-1",0
"CGTCCATAGGCTATCT-1",1.59959109262016
"CGTCCATAGTCTCAAC-1",0
"CGTCCATCACGACTCG-1",2.21085096477858
"CGTCCATCATTCACTT-1",0
"CGTCCATGTCTAGCGC-1",18.2219315017125
"CGTCCATGTGATAAAC-1",1.30083660875699
"CGTCCATGTTTGGGCC-1",0
"CGTCCATGTTTGTGTG-1",2.02366296411885
"CGTCCATTCAACACCA-1",0
"CGTCCATTCATTCACT-1",18.6258913506905
"CGTCTACAGTGCGTGA-1",0
"CGTCTACGTAGTAGTA-1",0
"CGTCTACTCGAGCCCA-1",1.95089811949327
"CGTCTACTCGCCATAA-1",0
"CGTCTACTCGGCCGAT-1",4.09866266964889
"CGTCTACTCGTCCAGG-1",3.07232207066254
"CGTGAGCAGATCTGAA-1",3.31674213315032
"CGTGAGCAGCAATCTC-1",1.84897736262192
"CGTGAGCAGCGGATCA-1",1.56399310965288
"CGTGAGCAGCTAGTGG-1",0
"CGTGAGCAGCTTCGCG-1",3.75907118627007
"CGTGAGCAGGGCACTA-1",1.95557205996705
"CGTGAGCAGGGTGTGT-1",0
"CGTGAGCAGTGGAGAA-1",0
"CGTGAGCCAAGCCGCT-1",5.69583775134536
"CGTGAGCCACGTAAGG-1",0
"CGTGAGCCATACGCCG-1",1.95401084829981
"CGTGAGCGTAGATTAG-1",15.6125834255361
"CGTGAGCGTCTCTTAT-1",1.57605208029777
"CGTGAGCTCACAAACC-1",0
"CGTGAGCTCCAAATGC-1",0
"CGTGAGCTCCGAGCCA-1",2.47603977637741
"CGTGAGCTCGTTGCCT-1",0
"CGTGAGCTCTGGGCCA-1",1.70704279903129
"CGTGTAAAGATAGTCA-1",3.88357617531639
"CGTGTAAAGGTGTTAA-1",0
"CGTGTAAAGTACATGA-1",0
"CGTGTAACATGGGACA-1",0
"CGTGTAAGTGTCTGAT-1",0
"CGTGTAATCTACTATC-1",0
"CGTGTAATCTCGATGA-1",0
"CGTGTAATCTTTAGTC-1",0
"CGTGTCTAGGCGCTCT-1",18.2219315017125
"CGTGTCTAGGGATGGG-1",1.45666876632877
"CGTGTCTCAGACAAAT-1",2.21085096477858
"CGTGTCTCAGACACTT-1",0
"CGTGTCTGTAAGAGGA-1",1.45717390144193
"CGTGTCTGTATATGAG-1",8.48415528826718
"CGTGTCTGTCAAAGCG-1",0
"CGTGTCTGTTCCGTCT-1",0
"CGTGTCTTCAATCACG-1",4.04410077735364
"CGTGTCTTCAGAGGTG-1",0
"CGTGTCTTCATAGCAC-1",2.19864806512107
"CGTGTCTTCCGAACGC-1",1.85668621861495
"CGTGTCTTCGGCATCG-1",9.55327452424842
"CGTGTCTTCGTGGACC-1",1.65170237368734
"CGTGTCTTCTACTTAC-1",1.84897736262192
"CGTGTCTTCTGAGTGT-1",1.44714843721857
"CGTTAGAAGATCTGAA-1",1.86263667233504
"CGTTAGAAGGCCCTTG-1",0
"CGTTAGACACGAAAGC-1",6.79406232912848
"CGTTAGACAGCTTCGG-1",0
"CGTTAGAGTTTAAGCC-1",1.57879615295133
"CGTTAGATCACTTATC-1",0
"CGTTAGATCAGCCTAA-1",5.46872726455832
"CGTTCTGAGAAGGGTA-1",0
"CGTTCTGAGTGAACAT-1",3.66566408793362
"CGTTCTGCAGCTCGCA-1",2.55029522984696
"CGTTCTGCATTGGCGC-1",0
"CGTTCTGGTGAGGGTT-1",16.0726237189197
"CGTTCTGTCTGATTCT-1",0
"CGTTGGGAGCTAGTTC-1",1.58339518249613
"CGTTGGGAGGATGCGT-1",1.95089811949327
"CGTTGGGCACATTAGC-1",0
"CGTTGGGCAGACAGGT-1",0
"CGTTGGGGTTCCCGAG-1",0
"CGTTGGGTCATGCTCC-1",0
"CGTTGGGTCCATGAAC-1",4.13455808533112
"CGTTGGGTCTACCAGA-1",5.69583775134536
"CTAACTTAGTCCTCCT-1",3.07360640050375
"CTAACTTCAATAGCAA-1",0
"CTAACTTCAATCGGTT-1",7.73487919090858
"CTAACTTGTGAGGCTA-1",12.5149959897541
"CTAACTTTCGTACGGC-1",0
"CTAACTTTCTGGCGTG-1",0
"CTAAGACAGGGAAACA-1",1.84897736262192
"CTAAGACAGTACATGA-1",1.40766922070462
"CTAAGACAGTTCGCGC-1",9.584307765032
"CTAAGACCAAGTAATG-1",0
"CTAAGACCAGTAAGAT-1",6.09525346662473
"CTAAGACCATGCAATC-1",15.6125834255361
"CTAAGACGTAAGGATT-1",3.80562253414491
"CTAAGACGTATCAGTC-1",0
"CTAAGACGTCACCTAA-1",0
"CTAAGACTCGTTGCCT-1",0
"CTAAGACTCTTACCGC-1",2.21085096477858
"CTAAGACTCTTGAGGT-1",1.95401084829981
"CTAATGGAGCAATCTC-1",0
"CTAATGGAGCGCTCCA-1",1.66442885886046
"CTAATGGAGCTCCCAG-1",1.37677047960864
"CTAATGGAGCTGAAAT-1",3.63630716224137
"CTAATGGAGTTAGGTA-1",0
"CTAATGGCATGGAATA-1",0
"CTAATGGGTACCGCTG-1",6.48430778792738
"CTAATGGGTCTAGCGC-1",0
"CTAATGGGTGAGGGAG-1",3.83984593064674
"CTAATGGGTTGGTGGA-1",0
"CTAATGGTCATGCTCC-1",0
"CTAATGGTCCACTGGG-1",1.69568501583596
"CTAATGGTCCGTTGCT-1",0
"CTAATGGTCCTAGAAC-1",3.27103590868417
"CTACACCAGTGCGATG-1",3.27103590868417
"CTACACCCACGGACAA-1",0
"CTACACCGTAATAGCA-1",4.05141781444364
"CTACACCGTCTGATTG-1",0
"CTACACCGTTCGTCTC-1",16.0726237189197
"CTACACCTCAGAAATG-1",0
"CTACACCTCGGCTTGG-1",4.37682539730879
"CTACACCTCGGTCCGA-1",0
"CTACACCTCTCGCATC-1",3.038955359493
"CTACACCTCTCTGCTG-1",1.3936137675001
"CTACATTAGATCACGG-1",1.87515212172843
"CTACATTCACTCGACG-1",3.86852712790909
"CTACATTCATTTCACT-1",1.3936137675001
"CTACATTGTGATGATA-1",2.21085096477858
"CTACATTGTTCGAATC-1",2.21085096477858
"CTACATTTCAACGCTA-1",0
"CTACATTTCGCCATAA-1",0
"CTACATTTCTAGCACA-1",0
"CTACCCACACAGAGGT-1",2.48802906944303
"CTACCCACACGACGAA-1",0
"CTACCCACATGGTTGT-1",0
"CTACCCAGTATCTGCA-1",0
"CTACCCAGTATGAATG-1",1.60688281682492
"CTACCCAGTCAGAAGC-1",1.87281826504998
"CTACCCAGTGTGACCC-1",3.10835233870886
"CTACCCAGTTATGTGC-1",0
"CTACCCATCTACGAGT-1",3.402501537251
"CTACGTCAGGTGCAAC-1",0
"CTACGTCAGTGCGATG-1",3.07360640050375
"CTACGTCAGTTGTCGT-1",2.61556187482269
"CTACGTCCATATACCG-1",5.46872726455832
"CTACGTCGTATATGGA-1",1.23501487044517
"CTACGTCGTGTGGTTT-1",3.83984593064674
"CTACGTCTCAAAGTAG-1",1.95401084829981
"CTACGTCTCACGACTA-1",4.20672000600408
"CTACGTCTCACGGTTA-1",2.47870084007854
"CTACGTCTCCTAGAAC-1",6.79406232912848
"CTAGAGTAGCTGTCTA-1",2.8670874628081
"CTAGAGTAGGATCGCA-1",3.39031756376718
"CTAGAGTAGTCCATAC-1",0
"CTAGAGTCACATTAGC-1",3.25259821989236
"CTAGAGTCAGTATGCT-1",2.22290078480014
"CTAGAGTCATACTCTT-1",2.8670874628081
"CTAGAGTCATGTAAGA-1",0
"CTAGAGTGTGACCAAG-1",4.20629907241897
"CTAGAGTTCAACACCA-1",3.36127663362806
"CTAGAGTTCCGTCAAA-1",1.37677047960864
"CTAGAGTTCCTAAGTG-1",2.22655458198837
"CTAGAGTTCGCCAGCA-1",2.21085096477858
"CTAGAGTTCGCTTAGA-1",2.8670874628081
"CTAGAGTTCGTGACAT-1",0
"CTAGAGTTCTGATTCT-1",0
"CTAGCCTCACCAGATT-1",1.84897736262192
"CTAGCCTGTATATCCG-1",3.07360640050375
"CTAGCCTGTGATGCCC-1",0
"CTAGCCTTCGGGAGTA-1",3.7847400111522
"CTAGTGAAGCTGGAAC-1",0
"CTAGTGAAGTGTACCT-1",2.05151276615483
"CTAGTGACAAGTCTAC-1",3.66566408793362
"CTAGTGACAGGATCGA-1",0
"CTAGTGAGTTATGCGT-1",0
"CTAGTGATCAGTTGAC-1",1.44714843721857
"CTAGTGATCCAGTAGT-1",0
"CTCACACAGCTAAGAT-1",0
"CTCACACAGCTGCCCA-1",1.69568501583596
"CTCACACAGGATGCGT-1",5.45567986761054
"CTCACACCACGTAAGG-1",1.95557205996705
"CTCACACCACTGTTAG-1",1.77650710215293
"CTCACACCATATACGC-1",1.88456240551596
"CTCACACGTGCTGTAT-1",3.10476824335327
"CTCACACGTTCCATGA-1",0
"CTCACACGTTTGGGCC-1",6.00169294921835
"CTCACACTCACCGGGT-1",0
"CTCACACTCATCGGAT-1",5.23554653710572
"CTCACACTCCGCGCAA-1",1.87049181002277
"CTCACACTCTAACCGA-1",0
"CTCAGAAAGAGCTGCA-1",6.79406232912848
"CTCAGAAAGGAGTAGA-1",0
"CTCAGAACAACGCACC-1",1.44466720250658
"CTCAGAACAAGCGATG-1",1.85668621861495
"CTCAGAACAGGGCATA-1",5.13945272385525
"CTCAGAAGTGACGGTA-1",0
"CTCAGAATCTTAACCT-1",0
"CTCATTAAGAACTGTA-1",0
"CTCATTACATGGTCAT-1",0
"CTCATTAGTGTAACGG-1",0
"CTCATTAGTTTACTCT-1",3.27103590868417
"CTCCTAGCAAGTACCT-1",0
"CTCCTAGCAATTCCTT-1",1.3936137675001
"CTCCTAGCACTGTCGG-1",5.38726523220608
"CTCCTAGCAGTCCTTC-1",3.25259821989236
"CTCCTAGCATAACCTG-1",1.74969568161059
"CTCCTAGCATGCGCAC-1",2.19864806512107
"CTCCTAGGTAGAAAGG-1",0
"CTCCTAGGTCCGAGTC-1",0
"CTCCTAGGTCTAGCCG-1",0
"CTCCTAGGTGTTTGTG-1",0
"CTCCTAGGTTCGTGAT-1",0
"CTCCTAGGTTGTTTGG-1",3.10476824335327
"CTCCTAGTCACTTACT-1",1.93047041241648
"CTCCTAGTCTCATTCA-1",0
"CTCGAAAAGCCCAACC-1",0
"CTCGAAAAGCTATGCT-1",1.3936137675001
"CTCGAAAAGGCCCTTG-1",1.29967099461141
"CTCGAAAAGGGCTTCC-1",1.77650710215293
"CTCGAAACAAGCCGTC-1",1.87515212172843
"CTCGAAACACATTAGC-1",1.3936137675001
"CTCGAAACACCGAAAG-1",0
"CTCGAAACACGGCTAC-1",0
"CTCGAAACAGTAAGAT-1",3.40470298924731
"CTCGAGGAGCCATCGC-1",0
"CTCGAGGAGGGCTTCC-1",0
"CTCGAGGCAGATAATG-1",4.62871766216977
"CTCGAGGGTATTCTCT-1",8.86540234359906
"CTCGAGGGTGCCTGGT-1",2.00619944541362
"CTCGGAGAGTCCCACG-1",0
"CTCGGAGCACTTCTGC-1",6.00169294921835
"CTCGGAGCAGCTGCAC-1",1.47511630303706
"CTCGGAGCAGGATCGA-1",0
"CTCGGAGGTAGCCTAT-1",0
"CTCGGAGGTCATGCCG-1",1.9365404041865
"CTCGGAGTCAAACGGG-1",0
"CTCGGAGTCACATACG-1",0
"CTCGGAGTCAGCTTAG-1",0
"CTCGGGAAGACCTAGG-1",1.3936137675001
"CTCGGGACACAGCCCA-1",1.45717390144193
"CTCGGGACATAAAGGT-1",0
"CTCGGGACATCCCACT-1",0
"CTCGGGACATGTCGAT-1",0
"CTCGGGAGTCGCGTGT-1",0
"CTCGGGAGTGACTACT-1",3.22029669650764
"CTCGGGAGTTACGACT-1",1.89074424743067
"CTCGGGATCCGTACAA-1",0
"CTCGGGATCCTTGACC-1",1.90375129004809
"CTCGGGATCTTGTTTG-1",1.77650710215293
"CTCGTACAGCGATAGC-1",0
"CTCGTACCAGCGTAAG-1",1.95401084829981
"CTCGTACCATAGTAAG-1",0
"CTCGTACGTAGAGTGC-1",0
"CTCGTACGTATCACCA-1",1.23935510409886
"CTCGTACGTGCAGTAG-1",0
"CTCGTACTCAAAGTAG-1",6.79406232912848
"CTCGTACTCAATCTCT-1",0
"CTCGTACTCGTTGCCT-1",5.45567986761054
"CTCGTACTCTGGTTCC-1",0
"CTCGTCAAGATGCCTT-1",1.5087612460887
"CTCGTCAAGTGGAGTC-1",4.63981921190245
"CTCGTCAAGTTTGCGT-1",0
"CTCGTCACAACGATCT-1",1.89074424743067
"CTCGTCACACATCCGG-1",5.66410289316011
"CTCGTCACAGTCGTGC-1",1.13267045430356
"CTCGTCAGTCTCATCC-1",2.19864806512107
"CTCGTCAGTCTCCATC-1",0
"CTCGTCAGTGAGCGAT-1",4.20629907241897
"CTCGTCAGTTGACGTT-1",1.71148987556376
"CTCGTCAGTTGGGACA-1",0
"CTCGTCATCACTTATC-1",0
"CTCGTCATCGACCAGC-1",3.22842196851333
"CTCGTCATCTGCTGTC-1",7.6336461581383
"CTCTAATCACCAGGTC-1",2.22655458198837
"CTCTAATCACGGTGTC-1",2.00619944541362
"CTCTAATCAGGAATCG-1",3.82534574450904
"CTCTAATGTCCAAGTT-1",0
"CTCTACGAGCTAAACA-1",1.58339518249613
"CTCTACGAGCTAGTGG-1",0
"CTCTACGAGTACGCCC-1",0
"CTCTACGAGTAGGCCA-1",0
"CTCTACGCAATAACGA-1",0
"CTCTACGCAGACGCTC-1",1.50520617489663
"CTCTACGCATGACATC-1",0
"CTCTACGTCATGTCTT-1",2.00619944541362
"CTCTACGTCCCTAATT-1",4.60103823371804
"CTCTACGTCGGCATCG-1",3.25259821989236
"CTCTACGTCGGTCTAA-1",2.91663050421407
"CTCTGGTAGCGTTCCG-1",1.47511630303706
"CTCTGGTAGGCATGGT-1",0
"CTCTGGTAGTGCCAGA-1",0
"CTCTGGTCACAAGCCC-1",1.38054700437752
"CTCTGGTCAGCCTTTC-1",4.57909705182435
"CTCTGGTTCATCTGTT-1",0
"CTCTGGTTCTTGTACT-1",3.84259801872587
"CTGAAACAGATCCCGC-1",0
"CTGAAACAGGTGCTAG-1",0
"CTGAAACAGTCCGTAT-1",0
"CTGAAACAGTGTCTCA-1",1.85531989622198
"CTGAAACGTCATCGGC-1",1.40766922070462
"CTGAAACGTTAAAGAC-1",1.47511630303706
"CTGAAACTCATACGGT-1",8.72160689778821
"CTGAAGTAGTGCGTGA-1",1.57879615295133
"CTGAAGTCAGCTGTAT-1",4.62871766216977
"CTGAAGTGTTAAAGTG-1",1.95557205996705
"CTGAAGTTCAAGCCTA-1",0
"CTGAAGTTCGGATGTT-1",1.49788542652835
"CTGATAGAGGGAGTAA-1",13.3921356273822
"CTGATAGAGTGCAAGC-1",1.32021788515869
"CTGATAGCAGCCTTTC-1",0
"CTGATAGCATCCCATC-1",0
"CTGATAGCATCTCCCA-1",1.95557205996705
"CTGATAGGTCAAAGCG-1",1.04724759607652
"CTGATAGGTCGCTTTC-1",1.77650710215293
"CTGATAGGTTACGACT-1",1.69568501583596
"CTGATAGTCGCGATCG-1",0
"CTGATCCAGGCATTGG-1",0
"CTGATCCAGGTGACCA-1",0
"CTGATCCCACAGAGGT-1",1.38054700437752
"CTGATCCCAGGCTGAA-1",0
"CTGATCCGTGCCTGGT-1",0
"CTGATCCGTTATCCGA-1",3.80562253414491
"CTGATCCGTTGTGGCC-1",7.44679666041693
"CTGCCTAAGGGTCTCC-1",2.29309641118629
"CTGCCTAAGGTGATAT-1",0
"CTGCCTAAGTACGCGA-1",0
"CTGCCTAAGTGCGTGA-1",0
"CTGCCTACATCCCACT-1",0
"CTGCCTATCAATAAGG-1",1.04724759607652
"CTGCGGAAGAAGGACA-1",3.22469169903664
"CTGCGGAAGAGCTGGT-1",2.47870084007854
"CTGCGGAAGATGAGAG-1",0
"CTGCGGACAGGTCGTC-1",1.65170237368734
"CTGCGGACATGTCTCC-1",0
"CTGCGGAGTCACTTCC-1",0
"CTGCGGAGTCGTGGCT-1",3.07232207066254
"CTGCGGAGTTCTGTTT-1",0
"CTGCGGAGTTGGACCC-1",3.36127663362806
"CTGCGGATCGCCTGTT-1",14.5358359338838
"CTGCGGATCTTACCGC-1",9.88648656184613
"CTGCTGTAGGGTGTTG-1",1.58339518249613
"CTGCTGTAGTACCGGA-1",1.71148987556376
"CTGCTGTAGTGGAGAA-1",3.402501537251
"CTGCTGTCACATCTTT-1",0
"CTGCTGTGTTAAAGAC-1",0
"CTGCTGTTCTCCAACC-1",0
"CTGCTGTTCTTACCGC-1",0
"CTGGTCTAGCGTTGCC-1",1.3936137675001
"CTGGTCTAGGACAGCT-1",5.46872726455832
"CTGGTCTAGGGCTTGA-1",0
"CTGGTCTAGTCGAGTG-1",0
"CTGGTCTCAAAGGAAG-1",1.71971756500341
"CTGGTCTCACCAGTTA-1",0
"CTGGTCTGTACCTACA-1",19.8713943322715
"CTGGTCTGTACGCTGC-1",2.47603977637741
"CTGGTCTGTCCGCTGA-1",3.402501537251
"CTGGTCTGTCCGTTAA-1",4.43606260299261
"CTGGTCTGTTCATGGT-1",0
"CTGGTCTGTTCGTGAT-1",0
"CTGGTCTTCAACGGGA-1",0
"CTGGTCTTCACTTACT-1",4.75829596645645
"CTGGTCTTCTTACCTA-1",2.19864806512107
"CTGTGCTGTATATCCG-1",0
"CTGTGCTGTCATCCCT-1",3.84259801872587
"CTGTGCTGTCCCTACT-1",1.75402832933928
"CTGTGCTGTCGGCACT-1",0
"CTGTGCTTCCATTCTA-1",0
"CTGTTTAAGAAACCGC-1",1.63155982952137
"CTGTTTAAGATCGATA-1",0
"CTGTTTAAGGAGTTGC-1",1.84897736262192
"CTGTTTAGTCAAAGCG-1",2.19864806512107
"CTGTTTATCAGCCTAA-1",0
"CTGTTTATCATTTGGG-1",2.2906131819356
"CTGTTTATCTCCAGGG-1",0
"CTGTTTATCTCTTGAT-1",5.69583775134536
"CTGTTTATCTTCTGGC-1",2.22655458198837
"CTTAACTAGCCAGTAG-1",0
"CTTAACTAGGCTCTTA-1",1.69568501583596
"CTTAACTAGGTGCACA-1",2.22655458198837
"CTTAACTAGTCTCGGC-1",0
"CTTACCGAGCGCTTAT-1",3.22029669650764
"CTTACCGAGGCTACGA-1",8.24320333732919
"CTTACCGCAGATCTGT-1",7.73487919090858
"CTTACCGCAGTCAGAG-1",0
"CTTACCGGTCCTGCTT-1",0
"CTTACCGGTCGCCATG-1",4.20629907241897
"CTTACCGGTCTACCTC-1",0
"CTTACCGTCGGACAAG-1",1.94010412181633
"CTTAGGAAGCCCAACC-1",0
"CTTAGGACACGACGAA-1",0
"CTTAGGAGTTATGTGC-1",0
"CTTAGGATCCCATTTA-1",0
"CTTAGGATCTTTACAC-1",0
"CTTCTCTAGAACTCGG-1",2.1336948960358
"CTTCTCTAGAGTGAGA-1",1.84897736262192
"CTTCTCTAGCAGGCTA-1",1.44466720250658
"CTTCTCTAGTTAACGA-1",0
"CTTCTCTCAAAGGTGC-1",4.55550077592743
"CTTCTCTGTAACGACG-1",1.23501487044517
"CTTCTCTGTGCATCTA-1",0
"CTTCTCTTCGAGCCCA-1",2.29309641118629
"CTTGGCTAGCGATATA-1",0
"CTTGGCTAGTACGTTC-1",0
"CTTGGCTCATTACCTT-1",0
"CTTGGCTGTCTCCATC-1",3.80562253414491
"CTTGGCTTCCCTAATT-1",1.59959109262016
"CTTGGCTTCGCGTAGC-1",0
"CTTGGCTTCTCGTTTA-1",2.47603977637741
"CTTTGCGAGCAAATCA-1",1.71148987556376
"CTTTGCGAGCGTTCCG-1",5.69583775134536
"CTTTGCGAGTATCTCG-1",3.10315280718969
"CTTTGCGCAATTCCTT-1",2.61556187482269
"CTTTGCGCACTTAAGC-1",5.46872726455832
"CTTTGCGCAGACGCAA-1",0
"CTTTGCGGTAGAGGAA-1",0
"CTTTGCGTCCAGGGCT-1",0
"GAAACTCAGAGACGAA-1",1.84897736262192
"GAAACTCAGAGGTTAT-1",0
"GAAACTCAGCAGCCTC-1",6.79406232912848
"GAAACTCAGCCCAGCT-1",0
"GAAACTCAGCTAAACA-1",0
"GAAACTCAGTGCTGCC-1",0
"GAAACTCCAAGCCCAC-1",1.95401084829981
"GAAACTCCACATGACT-1",0
"GAAACTCCAGACACTT-1",13.9161244624594
"GAAACTCCATGGATGG-1",1.75481895374561
"GAAACTCGTACTCGCG-1",3.83984593064674
"GAAACTCGTAGCGATG-1",0
"GAAACTCGTGTGAAAT-1",0
"GAAACTCGTTTGTGTG-1",0
"GAAATGAAGCCAGTTT-1",0
"GAAATGAAGCTAGTCT-1",1.53165274644865
"GAAATGAAGTACGTAA-1",0
"GAAATGATCATGCTCC-1",0
"GAAATGATCCTCGCAT-1",1.40766922070462
"GAACATCAGATGGCGT-1",0
"GAACATCCAACAACCT-1",0
"GAACATCCACATCTTT-1",4.20629907241897
"GAACATCCACCTATCC-1",3.40470298924731
"GAACATCCACGGACAA-1",0
"GAACATCCATGCTAGT-1",0
"GAACATCGTACGACCC-1",0
"GAACATCGTGGACGAT-1",6.06261190282434
"GAACATCGTTCCCGAG-1",0
"GAACATCTCCAAGTAC-1",0
"GAACATCTCGATCCCT-1",1.86217722080732
"GAACATCTCTCCAACC-1",2.76719754766386
"GAACCTAAGAACTGTA-1",1.45717390144193
"GAACCTAAGAGCAATT-1",0
"GAACCTAAGCCAGTAG-1",3.45580254481881
"GAACCTACAAGGACAC-1",0
"GAACCTACAGACACTT-1",1.69568501583596
"GAACCTAGTACCAGTT-1",0
"GAACCTAGTGTCAATC-1",3.18711576060828
"GAACCTATCACGATGT-1",0
"GAACGGAAGACGCAAC-1",1.60624557133513
"GAACGGAAGTAATCCC-1",1.90375129004809
"GAACGGAAGTCAATAG-1",3.86852712790909
"GAACGGAAGTGGACGT-1",3.86852712790909
"GAACGGACACAGCGTC-1",0
"GAACGGACACCTCGTT-1",2.22655458198837
"GAACGGACACTTAACG-1",2.21085096477858
"GAACGGAGTAGCGTAG-1",1.86217722080732
"GAACGGAGTCAGAGGT-1",3.66566408793362
"GAACGGAGTGGCGAAT-1",6.23523512049166
"GAACGGATCACTCCTG-1",2.95590968330727
"GAACGGATCCACGAAT-1",1.71971756500341
"GAACGGATCGTAGGAG-1",0
"GAACGGATCTGTCAAG-1",0
"GAAGCAGAGACTAAGT-1",2.29309641118629
"GAAGCAGAGAGACGAA-1",0
"GAAGCAGAGCCACGCT-1",1.3936137675001
"GAAGCAGAGTTCGCGC-1",1.71148987556376
"GAAGCAGCAATCCGAT-1",1.3936137675001
"GAAGCAGCAGATCTGT-1",20.5539136012843
"GAAGCAGCAGATGAGC-1",0
"GAAGCAGCATGAACCT-1",4.20672000600408
"GAAGCAGCATGGAATA-1",0
"GAAGCAGGTAACGCGA-1",0
"GAAGCAGGTCATACTG-1",1.66442885886046
"GAAGCAGTCCTAGTGA-1",0
"GAAGCAGTCTTATCTG-1",3.96795091548323
"GAATAAGCAAGGTGTG-1",3.7847400111522
"GAATAAGCAGACAAGC-1",3.75907118627007
"GAATAAGCATGCAACT-1",0
"GAATAAGGTCCGTTAA-1",1.40766922070462
"GAATAAGGTGAGTGAC-1",1.52712153324676
"GAATAAGGTTCCCTTG-1",0
"GAATAAGTCGTTTAGG-1",0
"GAATGAAAGAGTCTGG-1",1.40766922070462
"GAATGAAAGCTTATCG-1",11.9158689587314
"GAATGAAAGGCATGTG-1",0
"GAATGAACAAACGCGA-1",3.40470298924731
"GAATGAACAGTGAGTG-1",1.74969568161059
"GAATGAACATCATCCC-1",0
"GAATGAAGTCAACATC-1",1.3936137675001
"GAATGAAGTCTCACCT-1",5.69583775134536
"GAATGAAGTGGCAAAC-1",15.6349500001933
"GAATGAAGTTGCGTTA-1",10.9075496858551
"GAATGAATCAGTTAGC-1",0
"GAATGAATCCTGCCAT-1",3.038955359493
"GACACGCAGACGCACA-1",1.57879615295133
"GACACGCAGAGTAATC-1",0
"GACACGCAGCCAACAG-1",0
"GACACGCAGGAGTTTA-1",3.22029669650764
"GACACGCAGGGCATGT-1",0
"GACACGCAGGTGCACA-1",0
"GACACGCAGTCCAGGA-1",2.76719754766386
"GACACGCAGTGGGATC-1",0
"GACACGCAGTGGGTTG-1",0
"GACACGCCAAGCGTAG-1",3.038955359493
"GACACGCCAAGGACAC-1",0
"GACACGCCAGACGCTC-1",2.19864806512107
"GACACGCCATCCTTGC-1",2.47603977637741
"GACACGCGTTCACGGC-1",1.71148987556376
"GACACGCTCATGTAGC-1",3.22469169903664
"GACAGAGAGTACGATA-1",5.69583775134536
"GACAGAGCAACGATCT-1",2.81293056446027
"GACAGAGCAAGTCTAC-1",15.6125834255361
"GACAGAGCAGCTCCGA-1",5.46872726455832
"GACAGAGCAGCTGGCT-1",1.47511630303706
"GACAGAGTCAAACAAG-1",4.55550077592743
"GACAGAGTCAGAGACG-1",0
"GACAGAGTCCTTCAAT-1",1.58339518249613
"GACAGAGTCCTTGCCA-1",0
"GACAGAGTCTTCATGT-1",0
"GACCAATAGAAGGGTA-1",0
"GACCAATAGCTACCGC-1",1.84897736262192
"GACCAATAGCTACCTA-1",3.69156580490035
"GACCAATCAGGTGCCT-1",0
"GACCAATCATGCGCAC-1",0
"GACCAATGTACAGTTC-1",0
"GACCAATGTCGCTTCT-1",0
"GACCAATTCCGATATG-1",0
"GACCAATTCGAATGGG-1",0
"GACCAATTCGTCACGG-1",3.84259801872587
"GACCTGGCATCACAAC-1",6.79406232912848
"GACCTGGCATGTCTCC-1",0
"GACCTGGCATTGGCGC-1",8.86540234359906
"GACCTGGGTAAAGGAG-1",6.79406232912848
"GACCTGGGTCCAGTTA-1",2.76719754766386
"GACCTGGGTGCAGTAG-1",1.52712153324676
"GACCTGGTCATAGCAC-1",0
"GACCTGGTCCTTGCCA-1",4.62871766216977
"GACCTGGTCGCATGAT-1",1.84897736262192
"GACCTGGTCGTCACGG-1",0
"GACGCGTAGTGGTAAT-1",0
"GACGCGTAGTTGTAGA-1",6.00169294921835
"GACGCGTGTAAAGGAG-1",2.81293056446027
"GACGCGTGTGTGAAAT-1",9.67071564482662
"GACGCGTGTTAAGACA-1",3.36127663362806
"GACGCGTTCAAACCGT-1",0
"GACGCGTTCCAAATGC-1",1.52712153324676
"GACGCGTTCCGCGGTA-1",1.75402832933928
"GACGCGTTCCTACAGA-1",14.5358359338838
"GACGCGTTCTCCGGTT-1",2.8904634961405
"GACGGCTAGAAGATTC-1",1.74969568161059
"GACGGCTAGAGCTGGT-1",0
"GACGGCTCAAGGTTTC-1",0
"GACGGCTCACCGCTAG-1",2.00619944541362
"GACGGCTCATGAACCT-1",0
"GACGGCTCATGCAACT-1",3.7847400111522
"GACGGCTGTGTGTGCC-1",0
"GACGGCTGTTATGTGC-1",1.63023814234886
"GACGGCTGTTTGGCGC-1",0
"GACGGCTTCTATCGCC-1",0
"GACGTGCAGGCAAAGA-1",1.78471105495709
"GACGTGCAGGGTGTGT-1",3.25259821989236
"GACGTGCAGGTGTTAA-1",7.09000271544109
"GACGTGCCAGGTCGTC-1",0
"GACGTGCGTAACGTTC-1",0
"GACGTGCTCACCTCGT-1",0
"GACGTTAAGCTACCGC-1",0
"GACGTTAAGGCAAAGA-1",3.70047510819865
"GACGTTAAGTCAAGCG-1",7.6336461581383
"GACGTTACAAGCCATT-1",0
"GACGTTACAAGGTTTC-1",1.87515212172843
"GACGTTACAGACACTT-1",0
"GACGTTAGTATCTGCA-1",2.1336948960358
"GACGTTAGTTTGACAC-1",5.13945272385525
"GACGTTAGTTTGACTG-1",1.71148987556376
"GACGTTATCACAGGCC-1",0
"GACGTTATCATTGCGA-1",0
"GACGTTATCCCGGATG-1",1.75402832933928
"GACGTTATCCGAAGAG-1",0
"GACGTTATCGCGTTTC-1",1.23935510409886
"GACGTTATCTGTCCGT-1",0
"GACTAACAGACAGAGA-1",3.70047510819865
"GACTAACAGTGGAGAA-1",1.74656133085108
"GACTAACCAAATCCGT-1",0
"GACTAACGTCTAGTCA-1",4.04410077735364
"GACTAACGTGCAACTT-1",0
"GACTAACGTTCAGACT-1",2.15773266317491
"GACTAACTCCTTTCTC-1",0
"GACTAACTCTTGCCGT-1",1.52712153324676
"GACTAACTCTTTACAC-1",3.7847400111522
"GACTACAAGATATGGT-1",0
"GACTACACAAATCCGT-1",1.60688281682492
"GACTACAGTGCTGTAT-1",1.32021788515869
"GACTACATCAGCCTAA-1",4.00552361445464
"GACTACATCAGGTAAA-1",3.8549995327282
"GACTACATCTGCAGTA-1",0
"GACTGCGAGCGTAGTG-1",2.14693417019908
"GACTGCGAGTTGTAGA-1",0
"GACTGCGCACTTAACG-1",1.59959109262016
"GACTGCGCATGTTCCC-1",0
"GACTGCGGTACGCACC-1",0
"GACTGCGGTTCTCATT-1",0
"GACTGCGTCAACACAC-1",1.44714843721857
"GACTGCGTCACGACTA-1",0
"GACTGCGTCGCCCTTA-1",0
"GACTGCGTCTCAAACG-1",0
"GAGCAGAGTAGGGTAC-1",0
"GAGCAGAGTCAGATAA-1",3.27103590868417
"GAGCAGAGTCATATGC-1",4.00552361445464
"GAGCAGAGTGAGCGAT-1",0
"GAGCAGAGTGTAACGG-1",3.48209196207172
"GAGCAGAGTGTGACCC-1",0
"GAGCAGAGTTCGGGCT-1",0
"GAGCAGAGTTTAAGCC-1",15.6125834255361
"GAGCAGAGTTTGCATG-1",2.47603977637741
"GAGGTGAAGCAACGGT-1",1.72386818199627
"GAGGTGAAGGCTCTTA-1",1.78471105495709
"GAGGTGAAGTGGTAGC-1",1.23501487044517
"GAGGTGAAGTTGTAGA-1",1.75402832933928
"GAGGTGACACTGTCGG-1",0
"GAGGTGACATCCTTGC-1",0
"GAGGTGACATGCATGT-1",0
"GAGGTGAGTACCTACA-1",0
"GAGGTGAGTCATTAGC-1",2.29309641118629
"GAGGTGAGTTCCTCCA-1",7.21931976280436
"GAGGTGATCATCGCTC-1",9.86738469925106
"GAGGTGATCTAGAGTC-1",3.86852712790909
"GAGGTGATCTCTAGGA-1",2.47870084007854
"GAGGTGATCTGCTGTC-1",13.367786800727
"GAGGTGATCTGGGCCA-1",1.78100756679089
"GAGTCCGAGGACAGAA-1",1.13267045430356
"GAGTCCGAGGCATGTG-1",0
"GAGTCCGAGGCGTACA-1",5.69141994891189
"GAGTCCGCAAACCCAT-1",0
"GAGTCCGGTCAAGCGA-1",1.95089811949327
"GAGTCCGGTGACCAAG-1",3.88357617531639
"GAGTCCGGTGACTCAT-1",3.402501537251
"GAGTCCGGTGTGACCC-1",1.75521459864998
"GAGTCCGGTTCGGGCT-1",0
"GAGTCCGGTTTGCATG-1",0
"GAGTCCGTCGGCGCAT-1",1.71148987556376
"GAGTCCGTCTGATTCT-1",1.94010412181633
"GATCAGTAGATGTCGG-1",21.884770373905
"GATCAGTAGTGGTAGC-1",15.6125834255361
"GATCAGTGTATATGAG-1",2.47603977637741
"GATCAGTGTCTGCGGT-1",0
"GATCAGTGTTATGCGT-1",1.04724759607652
"GATCAGTGTTGTACAC-1",2.47603977637741
"GATCGATAGAATGTTG-1",1.23935510409886
"GATCGATAGAGCTGCA-1",6.00169294921835
"GATCGATAGCATGGCA-1",5.38726523220608
"GATCGATCAAGCGAGT-1",0
"GATCGATCAAGCGTAG-1",6.1464031942353
"GATCGATGTCAACATC-1",7.6336461581383
"GATCGATGTTGCCTCT-1",0
"GATCGATTCCGCATCT-1",2.76719754766386
"GATCGCGAGATAGTCA-1",1.45666876632877
"GATCGCGAGCCTTGAT-1",0
"GATCGCGAGGAGCGTT-1",1.29967099461141
"GATCGCGCAGGTCGTC-1",19.8713943322715
"GATCGCGGTACAGCAG-1",0
"GATCGCGGTGAGTATA-1",0
"GATCGCGGTTGTCGCG-1",0
"GATCGCGTCACTCCTG-1",3.22842196851333
"GATCGTAAGACATAAC-1",3.038955359493
"GATCGTAAGCTCAACT-1",2.02366296411885
"GATCGTACATAACCTG-1",3.48209196207172
"GATCGTAGTGGCTCCA-1",0
"GATCGTATCATATCGG-1",0
"GATCGTATCATGTCCC-1",1.63155982952137
"GATCGTATCTTACCGC-1",1.89074424743067
"GATCTAGAGCGTCTAT-1",0
"GATCTAGAGTGGAGAA-1",0
"GATCTAGCAACACCTA-1",3.45580254481881
"GATCTAGCAAGGGTCA-1",0
"GATCTAGGTCTAAAGA-1",17.8733930860823
"GATCTAGGTCTCACCT-1",1.74969568161059
"GATCTAGGTCTCTTTA-1",0
"GATCTAGTCACATAGC-1",0
"GATCTAGTCTAAGCCA-1",21.884770373905
"GATGAAAAGAGTAATC-1",0
"GATGAAAAGCTCCCAG-1",16.2622452542801
"GATGAAACACGGTAGA-1",7.09000271544109
"GATGAAACAGCTGTAT-1",2.22655458198837
"GATGAAAGTGGGTATG-1",4.08620295556952
"GATGAAATCACCCTCA-1",0
"GATGAAATCACTCCTG-1",1.74969568161059
"GATGAAATCAGCAACT-1",0
"GATGAAATCGAGAGCA-1",0
"GATGAGGAGATCCCGC-1",8.48415528826718
"GATGAGGAGTTCGATC-1",0
"GATGAGGCACCAGTTA-1",2.42986315757899
"GATGAGGGTATCACCA-1",1.94010412181633
"GATGAGGGTATTCGTG-1",0
"GATGAGGGTCGCGTGT-1",19.8713943322715
"GATGAGGGTGATGATA-1",17.8733930860823
"GATGAGGTCACAGGCC-1",0
"GATGAGGTCACATAGC-1",7.73487919090858
"GATGAGGTCCCTTGTG-1",1.3936137675001
"GATGAGGTCTGCTGTC-1",0
"GATGCTAAGACTAAGT-1",5.46872726455832
"GATGCTAAGGATGCGT-1",0
"GATGCTAAGGCTCTTA-1",0
"GATGCTAAGGGAACGG-1",0
"GATGCTAAGTATCTCG-1",2.47870084007854
"GATGCTAAGTCTCGGC-1",1.30083660875699
"GATGCTACATGTTGAC-1",0
"GATGCTACATTGCGGC-1",0
"GATGCTAGTCTCCATC-1",1.94010412181633
"GATGCTAGTGGAAAGA-1",1.85668621861495
"GATGCTAGTTAGGGTG-1",0
"GATGCTATCCTGTACC-1",1.37677047960864
"GATGCTATCGGCGCTA-1",3.5120700786789
"GATTCAGAGAAACCTA-1",1.53165274644865
"GATTCAGAGAGTGACC-1",3.07232207066254
"GATTCAGAGATTACCC-1",0
"GATTCAGAGGGTCGAT-1",1.69568501583596
"GATTCAGAGGTCGGAT-1",0
"GATTCAGAGTCAATAG-1",0
"GATTCAGCAAGTTGTC-1",3.038955359493
"GATTCAGCAATTCCTT-1",0
"GATTCAGCAGGGTACA-1",0
"GATTCAGCATCGACGC-1",1.63023814234886
"GATTCAGCATTATCTC-1",2.76719754766386
"GATTCAGGTAAATACG-1",15.6125834255361
"GATTCAGTCAACTCTT-1",1.50520617489663
"GCAAACTAGATGTTAG-1",0
"GCAAACTAGTCATGCT-1",1.84897736262192
"GCAAACTAGTCTCAAC-1",1.33323532171794
"GCAAACTCACAGGTTT-1",0
"GCAAACTGTCAGATAA-1",1.86217722080732
"GCAAACTGTCTCCATC-1",1.95557205996705
"GCAAACTTCGTGGTCG-1",3.7847400111522
"GCAATCAAGGGATCTG-1",0
"GCAATCAAGTATCTCG-1",1.88456240551596
"GCAATCAAGTGGGTTG-1",1.50520617489663
"GCAATCACAGCTTAAC-1",4.20629907241897
"GCAATCACATGTCGAT-1",3.40470298924731
"GCAATCACATTCCTCG-1",0
"GCAATCAGTAGGAGTC-1",0
"GCAATCAGTATAATGG-1",0
"GCAATCAGTTCTCATT-1",0
"GCAATCAGTTCTGGTA-1",1.30083660875699
"GCACATAAGAGCTATA-1",4.62871766216977
"GCACATAAGATGTTAG-1",0
"GCACATAAGCCTTGAT-1",0
"GCACATAAGGAGTACC-1",3.4641584061162
"GCACATAAGTGAAGTT-1",1.934005246549
"GCACATACACCACGTG-1",0
"GCACATACAGCTGTAT-1",0
"GCACATACAGGAACGT-1",0
"GCACATAGTCATCGGC-1",3.22029669650764
"GCACATAGTCCGAATT-1",0
"GCACATAGTCTCTTTA-1",0
"GCACATAGTGCGCTTG-1",0
"GCACATATCACCTCGT-1",2.2906131819356
"GCACATATCTGGTTCC-1",0
"GCACTCTCAAGACACG-1",1.44714843721857
"GCACTCTCAATCACAC-1",4.63981921190245
"GCACTCTCATTTCAGG-1",1.89074424743067
"GCACTCTGTAAACCTC-1",1.86217722080732
"GCACTCTGTACCAGTT-1",1.45717390144193
"GCACTCTGTAGAAAGG-1",3.48209196207172
"GCACTCTGTCGAACAG-1",3.86817930380397
"GCACTCTGTCTAGGTT-1",0
"GCACTCTTCAACTCTT-1",0
"GCACTCTTCCCTAATT-1",2.8670874628081
"GCACTCTTCTGCCCTA-1",0
"GCAGCCAAGCTGATAA-1",1.53165274644865
"GCAGCCACATGAGCGA-1",0
"GCAGCCAGTAATCGTC-1",0
"GCAGCCAGTGTCGCTG-1",2.22290078480014
"GCAGCCATCAGTTGAC-1",1.86217722080732
"GCAGCCATCCCAACGG-1",0
"GCAGCCATCCGTACAA-1",2.8904634961405
"GCAGTTAAGTCCATAC-1",6.48430778792738
"GCAGTTAAGTCCGTAT-1",1.63023814234886
"GCAGTTAAGTTAACGA-1",3.6161931100084
"GCAGTTAGTGGACGAT-1",1.87049181002277
"GCAGTTAGTTATTCTC-1",3.402501537251
"GCAGTTATCGCGATCG-1",0
"GCATACAAGATCTGCT-1",1.47511630303706
"GCATACAAGCAACGGT-1",6.48430778792738
"GCATACACAACGCACC-1",7.33641081117755
"GCATACACAAGGACTG-1",7.44679666041693
"GCATACACAAGTCTGT-1",9.88648656184613
"GCATACACAGTCAGCC-1",1.37677047960864
"GCATACACATCCTAGA-1",3.5120700786789
"GCATACACATCGGAAG-1",1.934005246549
"GCATACAGTCCGAACC-1",0
"GCATACAGTTCTGGTA-1",0
"GCATACATCCACGACG-1",5.38726523220608
"GCATGATAGAATGTTG-1",1.71148987556376
"GCATGATAGAGTAATC-1",0
"GCATGATAGCTGATAA-1",3.34995570735227
"GCATGATAGGACCACA-1",1.37677047960864
"GCATGATAGGCTAGCA-1",1.7360849798154
"GCATGATAGTCAAGCG-1",1.93603268455258
"GCATGATAGTGGAGAA-1",4.63981921190245
"GCATGATCACACCGAC-1",0
"GCATGATCACATTTCT-1",1.63155982952137
"GCATGATGTCCCTACT-1",1.71971756500341
"GCATGATGTTGCGCAC-1",4.62871766216977
"GCATGATTCGTGGACC-1",0
"GCATGCGAGCATGGCA-1",1.66442885886046
"GCATGCGAGTCCAGGA-1",0
"GCATGCGCACTGCCAG-1",0
"GCATGCGGTAAGGATT-1",0
"GCATGCGGTCCTCTTG-1",0
"GCATGCGGTGTGAAAT-1",1.29967099461141
"GCATGCGTCCGCGGTA-1",1.52712153324676
"GCATGTAAGAACTGTA-1",0
"GCATGTAAGACAGACC-1",1.77650710215293
"GCATGTAAGTACTTGC-1",2.95590968330727
"GCATGTAAGTGCAAGC-1",1.63155982952137
"GCATGTACAACACGCC-1",2.22290078480014
"GCATGTATCACGAAGG-1",1.99970061564194
"GCCAAATCAAACTGTC-1",0
"GCCAAATCAAGGGTCA-1",0
"GCCAAATCAAGTTCTG-1",0
"GCCAAATCATAACCTG-1",0
"GCCAAATGTATAAACG-1",0
"GCCAAATGTGTTTGGT-1",4.63981921190245
"GCCAAATGTTTCGCTC-1",11.20100530661
"GCCAAATTCAGGTAAA-1",1.95089811949327
"GCCAAATTCCGAGCCA-1",0
"GCCAAATTCCGCGGTA-1",0
"GCCAAATTCGGCTACG-1",0
"GCCTCTAAGAGTACCG-1",11.7196106803552
"GCCTCTAAGCCATCGC-1",0
"GCCTCTAAGCCGCCTA-1",0
"GCCTCTAAGCGATAGC-1",1.89074424743067
"GCCTCTAAGCTGCAAG-1",2.29309641118629
"GCCTCTAAGCTTCGCG-1",0
"GCCTCTAAGTCACGCC-1",0
"GCCTCTACAAGACGTG-1",0
"GCCTCTACAGCTATTG-1",3.69156580490035
"GCCTCTAGTAAGGATT-1",0
"GCCTCTAGTGATGATA-1",3.48209196207172
"GCCTCTAGTTAAGGGC-1",4.85571716243662
"GCCTCTATCAGCGACC-1",3.86817930380397
"GCCTCTATCCGATATG-1",4.20629907241897
"GCCTCTATCGAATCCA-1",0
"GCCTCTATCGAGCCCA-1",1.53165274644865
"GCCTCTATCGCTGATA-1",9.88648656184613
"GCCTCTATCTTTAGGG-1",1.44466720250658
"GCGACCAAGAGGTTAT-1",0
"GCGACCACACTTACGA-1",3.80562253414491
"GCGACCAGTCAGGACA-1",0
"GCGACCAGTCTAGAGG-1",4.04410077735364
"GCGACCATCAACGGGA-1",2.78821622508214
"GCGACCATCCCGGATG-1",0
"GCGACCATCTACTCAT-1",1.29967099461141
"GCGAGAAAGGTTCCTA-1",0
"GCGAGAAAGTACGATA-1",1.3936137675001
"GCGAGAAAGTGTCTCA-1",1.44466720250658
"GCGAGAACAAGCCCAC-1",11.6047009239181
"GCGAGAACACTGAAGG-1",1.74969568161059
"GCGAGAAGTAGCGCTC-1",3.88357617531639
"GCGAGAAGTCCCTACT-1",0
"GCGAGAATCCTTTCGG-1",0
"GCGAGAATCGAGAGCA-1",0
"GCGAGAATCGCACTCT-1",0
"GCGCAACAGTCCTCCT-1",0
"GCGCAACAGTGTACGG-1",21.884770373905
"GCGCAACCAAGTCTGT-1",4.13455808533112
"GCGCAACCAGCCACCA-1",0
"GCGCAACGTAGCGCTC-1",1.87515212172843
"GCGCAACGTCCCTTGT-1",1.7360849798154
"GCGCAACGTCCTAGCG-1",2.29309641118629
"GCGCAACGTCGACTAT-1",0
"GCGCAACGTCTAGAGG-1",1.88456240551596
"GCGCAACTCAATACCG-1",1.84492899918773
"GCGCAGTCACATCCAA-1",0
"GCGCAGTCATTACCTT-1",1.63155982952137
"GCGCAGTGTTAGGGTG-1",1.71148987556376
"GCGCAGTTCGATCCCT-1",1.59959109262016
"GCGCAGTTCGCGGATC-1",1.87049181002277
"GCGCCAAAGACATAAC-1",20.4884526282512
"GCGCCAAAGGACAGCT-1",0
"GCGCCAAAGGCCCTTG-1",2.48802906944303
"GCGCCAAAGGGCTTCC-1",0
"GCGCCAAAGGTACTCT-1",0
"GCGCCAACATAACCTG-1",3.54200973952745
"GCGCCAACATTGGGCC-1",1.74656133085108
"GCGCCAAGTACTTGAC-1",0
"GCGCCAAGTCGGCACT-1",1.85531989622198
"GCGCCAAGTGAAAGAG-1",0
"GCGCCAAGTTGTACAC-1",1.89074424743067
"GCGCCAATCCGTTGCT-1",5.62759848945293
"GCGCGATAGAAGGTTT-1",0
"GCGCGATAGCAGGTCA-1",0
"GCGCGATAGTGAATTG-1",0
"GCGCGATAGTTTGCGT-1",4.62871766216977
"GCGCGATCAGCTCGAC-1",0
"GCGCGATGTAAGTAGT-1",1.84897736262192
"GCGCGATGTCACTTCC-1",1.74656133085108
"GCGCGATGTTACCAGT-1",0
"GCGCGATTCAGTTAGC-1",1.86217722080732
"GCGCGATTCGTTTAGG-1",2.00619944541362
"GCGGGTTAGAAACGAG-1",10.9075496858551
"GCGGGTTAGCTATGCT-1",1.60688281682492
"GCGGGTTAGTGTGAAT-1",2.79782606089191
"GCGGGTTCACGCGAAA-1",1.37677047960864
"GCGGGTTCAGGCAGTA-1",0
"GCGGGTTCAGTAACGG-1",0
"GCGGGTTGTGAGTATA-1",3.27103590868417
"GCGGGTTGTGGCGAAT-1",1.49788542652835
"GCGGGTTTCCAAAGTC-1",1.45717390144193
"GCGGGTTTCCTTTCTC-1",0
"GCGGGTTTCTCCAACC-1",0
"GCGGGTTTCTTGAGGT-1",3.75907118627007
"GCGGGTTTCTTGTATC-1",4.57909705182435
"GCTCCTACAAACTGTC-1",9.67071564482662
"GCTCCTACACCAGGTC-1",1.74656133085108
"GCTCCTACACCGATAT-1",1.87049181002277
"GCTCCTACAGGGTACA-1",1.47511630303706
"GCTCCTACATTAGCCA-1",2.47870084007854
"GCTCCTAGTCAGGACA-1",11.2342196271362
"GCTCCTAGTCCGTCAG-1",1.23501487044517
"GCTCCTATCAGCCTAA-1",0
"GCTCCTATCCCTAATT-1",1.71148987556376
"GCTCTGTAGAGGTAGA-1",0
"GCTCTGTAGCTGAACG-1",1.95557205996705
"GCTCTGTAGGAGTCTG-1",0
"GCTCTGTAGTGCTGCC-1",0
"GCTCTGTAGTGGACGT-1",0
"GCTCTGTTCACCTCGT-1",2.2906131819356
"GCTGCAGAGCGTGAGT-1",0
"GCTGCAGAGTCAAGCG-1",2.2906131819356
"GCTGCAGAGTCCCACG-1",5.45567986761054
"GCTGCAGCAATTGCTG-1",1.7360849798154
"GCTGCAGCATGCCCGA-1",1.74656133085108
"GCTGCAGCATGCCTAA-1",0
"GCTGCAGGTAAACCTC-1",1.75481895374561
"GCTGCAGGTACGAAAT-1",1.63155982952137
"GCTGCAGGTAGCGCAA-1",1.56399310965288
"GCTGCAGGTCACCCAG-1",3.22469169903664
"GCTGCAGGTCATGCCG-1",2.22290078480014
"GCTGCGAAGGAATGGA-1",0
"GCTGCGAGTCTAACGT-1",0
"GCTGCGAGTGTTTGGT-1",1.47511630303706
"GCTGCGATCTCCTATA-1",0
"GCTGCGATCTTGTTTG-1",2.00619944541362
"GCTGCTTAGAATTGTG-1",2.2906131819356
"GCTGCTTAGGCAATTA-1",0
"GCTGCTTCATCACGTA-1",1.45717390144193
"GCTGCTTCATCCAACA-1",20.4884526282512
"GCTGCTTCATGCCTAA-1",0
"GCTGCTTCATGGTCAT-1",2.1336948960358
"GCTGCTTGTAACGACG-1",0
"GCTGCTTGTAATCGTC-1",7.6336461581383
"GCTGCTTGTAGGGACT-1",2.96449295625099
"GCTGCTTGTGAAAGAG-1",0
"GCTGCTTTCCGGGTGT-1",1.6827258250093
"GCTGGGTAGACCCACC-1",4.05141781444364
"GCTGGGTAGCCACGCT-1",1.75481895374561
"GCTGGGTAGTCGCCGT-1",5.23178764368232
"GCTGGGTAGTCTCAAC-1",3.86852712790909
"GCTGGGTCACGGCTAC-1",15.6125834255361
"GCTGGGTCAGCCAATT-1",0
"GCTGGGTGTACAGTTC-1",3.84259801872587
"GCTGGGTGTACCGTTA-1",0
"GCTGGGTGTCGAGTTT-1",0
"GCTGGGTGTCTCCACT-1",0
"GCTGGGTGTGCCTGTG-1",0
"GCTGGGTTCAGCTTAG-1",0
"GCTGGGTTCCTTAATC-1",11.7027575465812
"GCTTCCAAGAAACCTA-1",4.20629907241897
"GCTTCCACACCACCAG-1",0
"GCTTCCACAGGTCGTC-1",0
"GCTTCCACAGTGAGTG-1",0
"GCTTCCAGTATAGGTA-1",1.59959109262016
"GCTTCCAGTTCAGCGC-1",0
"GCTTCCATCGTCCAGG-1",3.52554717437111
"GCTTGAAAGATGGCGT-1",0
"GCTTGAAAGCCGTCGT-1",0
"GCTTGAACAAACCTAC-1",7.6336461581383
"GCTTGAACACGGTGTC-1",0
"GCTTGAACATCGGAAG-1",2.78651413297186
"GCTTGAAGTGCGGTAA-1",3.7847400111522
"GCTTGAAGTTCTCATT-1",1.69568501583596
"GCTTGAATCAGGATCT-1",0
"GGAAAGCAGGCAGGTT-1",5.38726523220608
"GGAAAGCCAAACGCGA-1",5.66410289316011
"GGAAAGCCAAGTACCT-1",2.47603977637741
"GGAAAGCGTAAGCACG-1",1.78471105495709
"GGAAAGCGTCCTCCAT-1",0
"GGAAAGCGTCGCGTGT-1",0
"GGAAAGCGTGCTTCTC-1",0
"GGAAAGCTCCAGAGGA-1",5.69583775134536
"GGAACTTAGAGTAAGG-1",1.78100756679089
"GGAACTTCAATGTAAG-1",1.95557205996705
"GGAACTTCACAGGAGT-1",2.8904634961405
"GGAACTTCACCTCGTT-1",6.79406232912848
"GGAACTTGTCTCTTTA-1",1.21748716206614
"GGAACTTTCATTGCCC-1",1.95557205996705
"GGAACTTTCATTTGGG-1",1.87281826504998
"GGAACTTTCCGTCATC-1",0
"GGAACTTTCCTCAACC-1",3.83984593064674
"GGAACTTTCGGATGTT-1",2.19864806512107
"GGAATAAAGGTACTCT-1",0
"GGAATAAAGTGTCCAT-1",0
"GGAATAACAGCGTCCA-1",0
"GGAATAAGTCTGGTCG-1",3.75907118627007
"GGAATAAGTGCAGGTA-1",4.00552361445464
"GGAATAATCAGCACAT-1",0
"GGAATAATCTTTACGT-1",1.44714843721857
"GGACAAGAGGTACTCT-1",0
"GGACAAGCAACGATGG-1",4.02694698515241
"GGACAAGCAGTCGTGC-1",18.6258913506905
"GGACAAGCATGGGACA-1",6.48430778792738
"GGACAAGGTATAAACG-1",1.59959109262016
"GGACAAGGTATGAAAC-1",0
"GGACAAGGTCGGCATC-1",0
"GGACAAGGTTATGCGT-1",0
"GGACAAGTCTAACGGT-1",3.86817930380397
"GGACAGAAGCTAGTCT-1",1.71148987556376
"GGACAGAAGTACTTGC-1",0
"GGACAGACAACACGCC-1",6.56020548117212
"GGACAGACACAAGCCC-1",0
"GGACAGAGTAAGTGGC-1",0
"GGACAGAGTCTTTCAT-1",2.19864806512107
"GGACAGAGTGAGGGAG-1",2.79782606089191
"GGACAGAGTTCCACAA-1",0
"GGACAGATCAACGCTA-1",5.33318088398723
"GGACATTAGAGGGCTT-1",0
"GGACATTAGCCACGTC-1",3.86852712790909
"GGACATTCAAACGCGA-1",14.5358359338838
"GGACATTCAATGACCT-1",0
"GGACATTCACCAGCAC-1",0
"GGACATTGTTCTGGTA-1",1.53165274644865
"GGACATTTCCTCTAGC-1",0
"GGACGTCAGTACTTGC-1",5.13945272385525
"GGACGTCAGTGGTAAT-1",0
"GGACGTCCACAGTCGC-1",0
"GGACGTCGTGAGGGAG-1",0
"GGACGTCGTGGCGAAT-1",2.8670874628081
"GGACGTCGTTACGGAG-1",0
"GGACGTCGTTTAAGCC-1",0
"GGACGTCTCCACTCCA-1",0
"GGACGTCTCGCAAACT-1",1.74734361007703
"GGACGTCTCTCCAGGG-1",3.84259801872587
"GGACGTCTCTCGAGTA-1",11.9158689587314
"GGACGTCTCTGGTGTA-1",1.45666876632877
"GGACGTCTCTTCGAGA-1",0
"GGAGCAAAGAACTCGG-1",0
"GGAGCAAAGACTGTAA-1",4.13455808533112
"GGAGCAAAGCCGCCTA-1",0
"GGAGCAAAGCTAAACA-1",20.4884526282512
"GGAGCAAAGTACGCCC-1",0
"GGAGCAACAAGCTGTT-1",0
"GGAGCAACAATGGACG-1",3.86817930380397
"GGAGCAACAATTCCTT-1",2.57301935497915
"GGAGCAACATGCTGGC-1",0
"GGAGCAAGTGAGTATA-1",5.23554653710572
"GGAGCAAGTTACTGAC-1",4.37682539730879
"GGAGCAATCAAGATCC-1",3.88357617531639
"GGAGCAATCCCATTTA-1",1.37677047960864
"GGATGTTCAAACTGTC-1",20.4884526282512
"GGATGTTTCATCACCC-1",3.97846054023424
"GGATGTTTCATGCATG-1",1.75481895374561
"GGATGTTTCCTACAGA-1",0
"GGATGTTTCCTCTAGC-1",0
"GGATTACAGATCCCAT-1",1.60624557133513
"GGATTACAGCTTCGCG-1",18.6258913506905
"GGATTACAGGCTAGCA-1",3.21788743381855
"GGATTACAGTATCTCG-1",1.33323532171794
"GGATTACCAAGCGTAG-1",1.21748716206614
"GGATTACCACATCCGG-1",1.78471105495709
"GGATTACCAGCGTAAG-1",0
"GGATTACGTAATAGCA-1",0
"GGATTACGTACACCGC-1",1.77650710215293
"GGATTACGTCTCTTTA-1",11.6047009239181
"GGATTACGTTGAGGTG-1",0
"GGATTACTCGCGCCAA-1",1.52712153324676
"GGATTACTCGGCGCAT-1",3.18711576060828
"GGATTACTCTGCCCTA-1",4.20672000600408
"GGCAATTCAATCGGTT-1",1.38054700437752
"GGCAATTCACGGCGTT-1",0
"GGCAATTCATCACCCT-1",0
"GGCAATTGTCGATTGT-1",1.63155982952137
"GGCAATTTCACTTACT-1",0
"GGCAATTTCAGCACAT-1",1.53165274644865
"GGCAATTTCTCCGGTT-1",1.32021788515869
"GGCCGATAGTGTCTCA-1",0
"GGCCGATCACGGACAA-1",0
"GGCCGATGTAGGACAC-1",0
"GGCCGATGTCACTGGC-1",2.47870084007854
"GGCCGATGTCCCTACT-1",0
"GGCCGATTCACCGTAA-1",0
"GGCCGATTCCGCGCAA-1",2.21085096477858
"GGCGACTAGAGCTGGT-1",5.45567986761054
"GGCGACTAGGACCACA-1",2.91663050421407
"GGCGACTAGGTTACCT-1",2.22290078480014
"GGCGACTCAAAGCGGT-1",0
"GGCGACTCAAGAGTCG-1",5.13945272385525
"GGCGACTCACCAGGTC-1",0
"GGCGACTCATTGTGCA-1",0
"GGCGACTTCAGAAATG-1",7.73487919090858
"GGCGACTTCAGAGACG-1",0
"GGCGACTTCCAGATCA-1",1.44714843721857
"GGCGACTTCTCTAGGA-1",0
"GGCGTGTAGCTAGCCC-1",0
"GGCGTGTAGGGTATCG-1",1.9365404041865
"GGCGTGTCAGGTCCAC-1",3.10476824335327
"GGCGTGTCAGTATAAG-1",0
"GGCGTGTCATCGTCGG-1",4.05141781444364
"GGCGTGTCATGGAATA-1",0
"GGCGTGTGTCTCCCTA-1",0
"GGCGTGTTCTTGAGGT-1",0
"GGCTCGAAGCCGTCGT-1",3.07232207066254
"GGCTCGAAGGTAAACT-1",9.00449152450581
"GGCTCGACAAGAAGAG-1",2.22290078480014
"GGCTCGACAATAGCAA-1",15.6349500001933
"GGCTCGACATGGTCAT-1",4.20672000600408
"GGCTCGAGTATATCCG-1",1.63023814234886
"GGCTCGAGTTACGTCA-1",0
"GGCTCGAGTTAGGGTG-1",8.86540234359906
"GGCTCGATCTGCAAGT-1",16.7618078833912
"GGCTGGTAGAAGAAGC-1",0
"GGCTGGTAGACCCACC-1",2.47870084007854
"GGCTGGTCAAGGACAC-1",2.22655458198837
"GGCTGGTCACTGCCAG-1",1.78100756679089
"GGCTGGTCATTTCAGG-1",0
"GGCTGGTGTATTCTCT-1",2.22655458198837
"GGCTGGTGTCGCATCG-1",13.1757747214356
"GGCTGGTGTCTAGTGT-1",4.37682539730879
"GGCTGGTGTTATGCGT-1",0
"GGGAATGAGCGTTGCC-1",0
"GGGAATGAGTAGGTGC-1",1.65170237368734
"GGGAATGGTAAGGGAA-1",3.40470298924731
"GGGAATGTCAACGAAA-1",2.48802906944303
"GGGAATGTCCAGTATG-1",0
"GGGAATGTCCGGGTGT-1",0
"GGGACCTAGATGTAAC-1",0
"GGGACCTAGTCTTGCA-1",0
"GGGACCTCAATCAGAA-1",5.11166117129906
"GGGACCTCACTGAAGG-1",4.63981921190245
"GGGAGATAGTACGACG-1",2.8670874628081
"GGGAGATCAAAGTGCG-1",4.02694698515241
"GGGAGATCAAATCCGT-1",4.20672000600408
"GGGAGATCAAGGACTG-1",1.85531989622198
"GGGAGATCACGCGAAA-1",0
"GGGAGATGTAGCGCAA-1",2.79899167503748
"GGGAGATTCAACGGGA-1",0
"GGGAGATTCATCACCC-1",3.83984593064674
"GGGATGAAGTGACATA-1",0
"GGGATGACATCATCCC-1",1.53165274644865
"GGGATGAGTCACCCAG-1",3.39031756376718
"GGGATGAGTGGAAAGA-1",3.82534574450904
"GGGATGAGTTACGACT-1",0
"GGGATGAGTTGGTAAA-1",0
"GGGATGATCAGTTAGC-1",0
"GGGATGATCTATCCTA-1",1.52712153324676
"GGGATGATCTTTAGGG-1",1.85668621861495
"GGGCACTAGTCTCGGC-1",3.83984593064674
"GGGCACTCATCTCCCA-1",1.89074424743067
"GGGCACTTCACCTCGT-1",0
"GGGCACTTCTGAGGGA-1",1.04724759607652
"GGGCATCCAATGTAAG-1",0
"GGGCATCCAGTCTTCC-1",3.27103590868417
"GGGCATCGTGGCGAAT-1",11.20100530661
"GGGCATCTCACAGTAC-1",1.47511630303706
"GGGCATCTCCCTTGTG-1",4.20629907241897
"GGGCATCTCCGGCACA-1",7.13060321968104
"GGGCATCTCTGTCCGT-1",1.75481895374561
"GGGCATCTCTTATCTG-1",0
"GGGTCTGAGAAGATTC-1",1.61393302355103
"GGGTCTGAGATCCCGC-1",4.63981921190245
"GGGTCTGAGCCAACAG-1",1.95089811949327
"GGGTCTGCACAGGCCT-1",1.63155982952137
"GGGTCTGCACCAGGTC-1",3.22469169903664
"GGGTCTGGTCTGGTCG-1",1.90375129004809
"GGGTCTGGTGATGATA-1",1.50520617489663
"GGGTCTGGTGTGACCC-1",0
"GGGTCTGTCAACTCTT-1",1.13267045430356
"GGGTCTGTCACTCCTG-1",0
"GGGTCTGTCCGTAGTA-1",8.86540234359906
"GGGTTGCAGACAGAGA-1",15.6125834255361
"GGGTTGCAGACCTTTG-1",0
"GGGTTGCAGATCGATA-1",0
"GGGTTGCAGGGTGTTG-1",4.25323196765555
"GGGTTGCAGGTGGGTT-1",0
"GGGTTGCCAATAACGA-1",0
"GGGTTGCCACGCCAGT-1",0
"GGGTTGCCATTAACCG-1",1.53165274644865
"GGGTTGCGTACATCCA-1",0
"GGGTTGCGTAGCGCAA-1",0
"GGGTTGCGTCCTCCAT-1",0
"GGGTTGCGTCGAGTTT-1",3.22469169903664
"GGGTTGCGTGAGTATA-1",4.20672000600408
"GGGTTGCGTGTGACCC-1",1.77650710215293
"GGGTTGCTCGTACCGG-1",7.6336461581383
"GGTATTGAGCACCGTC-1",1.86263667233504
"GGTATTGAGCTATGCT-1",1.29967099461141
"GGTATTGCACATCCAA-1",0
"GGTATTGCAGCTTCGG-1",0
"GGTATTGGTTCCGTCT-1",5.71250376615223
"GGTATTGTCAGAAATG-1",1.21748716206614
"GGTATTGTCCATTCTA-1",16.0726237189197
"GGTATTGTCGCCAGCA-1",0
"GGTGAAGAGACACGAC-1",1.94010412181633
"GGTGAAGAGATCCGAG-1",0
"GGTGAAGCAAGGTGTG-1",4.20629907241897
"GGTGAAGCACTCGACG-1",0
"GGTGAAGCAGTATGCT-1",0
"GGTGAAGGTATGAAAC-1",2.81293056446027
"GGTGAAGGTCAGAATA-1",0
"GGTGAAGGTGGTACAG-1",1.71148987556376
"GGTGAAGGTGTATGGG-1",1.23501487044517
"GGTGAAGGTGTCTGAT-1",4.20672000600408
"GGTGAAGGTGTGGTTT-1",3.27103590868417
"GGTGAAGGTGTGTGCC-1",0
"GGTGAAGTCACGATGT-1",0
"GGTGAAGTCACTCTTA-1",0
"GGTGAAGTCTGGCGTG-1",0
"GGTGCGTAGGTGATTA-1",1.71971756500341
"GGTGCGTAGTACGATA-1",0
"GGTGCGTCACTTAAGC-1",2.2906131819356
"GGTGCGTCAGCTGTAT-1",1.75521459864998
"GGTGCGTGTTCGTTGA-1",1.86263667233504
"GGTGCGTTCCGTACAA-1",6.48430778792738
"GGTGCGTTCTTGACGA-1",0
"GGTGTTAAGGGCTCTC-1",2.00397489044703
"GGTGTTAAGTAGCGGT-1",11.20100530661
"GGTGTTAAGTGGGATC-1",0
"GGTGTTAAGTTATCGC-1",7.73487919090858
"GGTGTTACAAATCCGT-1",4.08620295556952
"GGTGTTACACGGATAG-1",1.86263667233504
"GGTGTTAGTAATCACC-1",0
"GGTGTTAGTAGCAAAT-1",1.45717390144193
"GGTGTTAGTGTATGGG-1",1.934005246549
"GGTGTTAGTTGAACTC-1",3.83984593064674
"GGTGTTATCGGACAAG-1",4.63981921190245
"GGTGTTATCGGTGTTA-1",3.84259801872587
"GGTGTTATCTACTTAC-1",0
"GTAACGTAGGTGACCA-1",0
"GTAACGTCACAGGCCT-1",0
"GTAACGTGTACCATCA-1",1.85668621861495
"GTAACGTGTGAGTATA-1",0
"GTAACGTGTTACGGAG-1",7.21931976280436
"GTAACGTGTTAGGGTG-1",1.57879615295133
"GTAACGTTCGGTCCGA-1",6.00169294921835
"GTAACGTTCTCATTCA-1",0
"GTAACTGAGTGGGTTG-1",0
"GTAACTGCAATGGAAT-1",3.5120700786789
"GTAACTGCACAGGCCT-1",2.91965149586686
"GTAACTGCAGGATCGA-1",1.3936137675001
"GTAACTGCATCGGGTC-1",1.84897736262192
"GTAACTGGTATTACCG-1",0
"GTAACTGTCACGGTTA-1",1.86263667233504
"GTAACTGTCTACTATC-1",1.45717390144193
"GTACGTAAGGTGCTTT-1",0
"GTACGTACAGGAATGC-1",16.2167810367716
"GTACGTACATGGATGG-1",20.4884526282512
"GTACGTAGTGAGTGAC-1",3.18711576060828
"GTACGTAGTTGGTAAA-1",0
"GTACGTATCACCTCGT-1",1.58339518249613
"GTACGTATCATCGGAT-1",2.48802906944303
"GTACGTATCCACTGGG-1",0
"GTACTCCAGGCAGTCA-1",0
"GTACTCCCAATAGCGG-1",0
"GTACTCCCACAGGTTT-1",0
"GTACTCCTCACCTTAT-1",0
"GTACTCCTCATTGCCC-1",0
"GTACTCCTCCTTCAAT-1",14.8366714356063
"GTACTTTCAGTTAACC-1",5.69583775134536
"GTACTTTCATGTCGAT-1",6.91248708103279
"GTACTTTTCCGAAGAG-1",1.59959109262016
"GTAGGCCAGCAATCTC-1",12.5149959897541
"GTAGGCCCATTCGACA-1",8.86540234359906
"GTAGGCCGTAACGCGA-1",1.65170237368734
"GTAGGCCGTAAGGGCT-1",0
"GTAGGCCGTACGACCC-1",1.58339518249613
"GTAGGCCGTTCAGGCC-1",0
"GTAGGCCGTTGATTGC-1",1.47511630303706
"GTAGGCCTCAGCACAT-1",3.36127663362806
"GTAGTCAAGAATGTGT-1",3.4641584061162
"GTAGTCAAGATGCCTT-1",2.22655458198837
"GTAGTCAAGGACGAAA-1",0
"GTAGTCAAGTGAAGAG-1",14.5358359338838
"GTAGTCATCGTCACGG-1",7.6336461581383
"GTAGTCATCTGAAAGA-1",0
"GTATCTTAGAAACCAT-1",0
"GTATCTTAGGCTATCT-1",0
"GTATCTTAGTTGTCGT-1",2.91663050421407
"GTATCTTCACACCGCA-1",6.00169294921835
"GTATCTTCACGAAGCA-1",0
"GTATCTTGTTCGCTAA-1",0
"GTATCTTTCATGCTCC-1",3.86852712790909
"GTATCTTTCATGTAGC-1",1.37677047960864
"GTATTCTAGAAACCAT-1",1.86217722080732
"GTATTCTAGACAAAGG-1",0
"GTATTCTCAAAGTCAA-1",0
"GTATTCTCAACAACCT-1",0
"GTATTCTCAACTTGAC-1",0
"GTATTCTCAATAAGCA-1",0
"GTATTCTCAGGGTTAG-1",3.10476824335327
"GTATTCTCATACTACG-1",3.07232207066254
"GTATTCTCATGGTAGG-1",0
"GTATTCTGTAGTGAAT-1",0
"GTATTCTGTCTAGAGG-1",0
"GTCAAGTCATATGCTG-1",15.6349500001933
"GTCAAGTCATGGTTGT-1",3.66566408793362
"GTCAAGTGTCAGCTAT-1",0
"GTCAAGTGTTCCACTC-1",0
"GTCACAAAGCCGATTT-1",0
"GTCACAAAGTGGAGTC-1",6.48430778792738
"GTCACAACAGGTGGAT-1",5.46872726455832
"GTCACAAGTAAACGCG-1",9.67071564482662
"GTCACAATCAGGATCT-1",3.87023972708973
"GTCACAATCAGTTGAC-1",4.43606260299261
"GTCACAATCATGCATG-1",1.13267045430356
"GTCACGGAGATCACGG-1",2.55029522984696
"GTCACGGCATATACCG-1",0
"GTCACGGGTGAGTGAC-1",0
"GTCACGGGTGTGGCTC-1",0
"GTCACGGTCGAGAGCA-1",0
"GTCACGGTCTACCTGC-1",4.55550077592743
"GTCATTTAGAGACTAT-1",2.91663050421407
"GTCATTTCACGTGAGA-1",0
"GTCATTTGTAGAAGGA-1",1.63023814234886
"GTCATTTGTCAGATAA-1",0
"GTCATTTTCCAGAGGA-1",0
"GTCCTCAAGCCCAACC-1",1.84897736262192
"GTCCTCAAGTAGATGT-1",0
"GTCCTCAAGTGGGCTA-1",0
"GTCCTCACAATCACAC-1",0
"GTCCTCAGTGGAAAGA-1",0
"GTCCTCATCAAAGACA-1",0
"GTCCTCATCGTCCGTT-1",0
"GTCGGGTCACTGAAGG-1",0
"GTCGGGTCACTTCGAA-1",0
"GTCGGGTCATGAAGTA-1",0
"GTCGGGTGTCTCACCT-1",3.22469169903664
"GTCGGGTGTGTGACGA-1",0
"GTCGGGTGTGTGTGCC-1",0
"GTCGGGTGTTACGTCA-1",0
"GTCGGGTTCTGCTGTC-1",4.1551493448084
"GTCGGGTTCTGTGCAA-1",0
"GTCGTAAAGAGATGAG-1",2.47870084007854
"GTCGTAAAGCTGCAAG-1",1.78100756679089
"GTCGTAAAGGCGACAT-1",4.2163612464134
"GTCGTAACATCACGAT-1",3.27103590868417
"GTCGTAAGTATCACCA-1",1.77650710215293
"GTCGTAATCCAAGTAC-1",0
"GTCTCGTAGACCACGA-1",11.9158689587314
"GTCTCGTCAGGAACGT-1",3.39031756376718
"GTCTCGTGTGGTAACG-1",21.7561210485226
"GTCTCGTGTTTGGCGC-1",3.70047510819865
"GTCTCGTTCACCGGGT-1",0
"GTCTCGTTCAGTGCAT-1",0
"GTCTTCGAGACAAGCC-1",1.86217722080732
"GTCTTCGAGGAATGGA-1",0
"GTCTTCGAGTCAAGCG-1",0
"GTCTTCGCACATGGGA-1",0
"GTCTTCGCACCAGGTC-1",0
"GTCTTCGCAGACGCAA-1",0
"GTCTTCGCATAACCTG-1",0
"GTCTTCGCATCGATGT-1",3.33567607243556
"GTCTTCGGTCTAGTGT-1",0
"GTCTTCGTCTCGATGA-1",0
"GTGAAGGAGAGCTGGT-1",0
"GTGAAGGAGATCGGGT-1",0
"GTGAAGGAGCCAGTTT-1",3.70047510819865
"GTGAAGGAGTGTTGAA-1",1.63023814234886
"GTGAAGGCAAAGGCGT-1",1.71148987556376
"GTGAAGGCACTTAAGC-1",4.13455808533112
"GTGAAGGCAGATTGCT-1",3.18711576060828
"GTGAAGGGTATATGGA-1",8.86540234359906
"GTGAAGGGTCTCTCTG-1",4.63981921190245
"GTGAAGGTCTCCTATA-1",17.3772178793909
"GTGCAGCAGACATAAC-1",0
"GTGCAGCAGTGGTCCC-1",1.84897736262192
"GTGCAGCCACATCTTT-1",1.45717390144193
"GTGCAGCGTGAGTATA-1",0
"GTGCAGCTCTTAGAGC-1",4.1551493448084
"GTGCATAAGGCATGGT-1",3.70047510819865
"GTGCATAGTTTGTTGG-1",0
"GTGCATATCAGAGCTT-1",0
"GTGCATATCATCATTC-1",3.07360640050375
"GTGCATATCTGCGTAA-1",0
"GTGCGGTAGCAATCTC-1",0
"GTGCGGTAGGACAGAA-1",0
"GTGCGGTCAAAGGTGC-1",2.8670874628081
"GTGCGGTGTTCAGACT-1",3.80429692425371
"GTGCGGTGTTCTGTTT-1",0
"GTGCGGTTCATCTGCC-1",7.44679666041693
"GTGCGGTTCCAGGGCT-1",0
"GTGCGGTTCGGATGGA-1",3.86817930380397
"GTGCGGTTCTCGTTTA-1",0
"GTGCGGTTCTGCTGTC-1",2.29309641118629
"GTGCTTCAGCCAGTTT-1",2.14693417019908
"GTGCTTCAGGATTCGG-1",1.84492899918773
"GTGCTTCAGTACACCT-1",1.95089811949327
"GTGCTTCCACTTAACG-1",1.66442885886046
"GTGCTTCCAGCTATTG-1",1.74969568161059
"GTGCTTCGTAGAGTGC-1",1.52712153324676
"GTGCTTCTCACAATGC-1",1.71148987556376
"GTGCTTCTCACTTCAT-1",1.23501487044517
"GTGGGTCAGACCGGAT-1",4.55550077592743
"GTGGGTCAGACTGTAA-1",0
"GTGGGTCAGCCGTCGT-1",1.60688281682492
"GTGGGTCCACCAACCG-1",2.79899167503748
"GTGGGTCCACCACCAG-1",14.5358359338838
"GTGTGCGAGACCGGAT-1",0
"GTGTGCGAGACTTGAA-1",0
"GTGTGCGCAGGTCGTC-1",1.95089811949327
"GTGTGCGGTGAGCGAT-1",0
"GTGTGCGTCAGTCAGT-1",0
"GTGTGCGTCCCTTGTG-1",7.74057362917078
"GTGTGCGTCTAACTTC-1",0
"GTGTTAGAGGACAGAA-1",0
"GTGTTAGAGGCATGGT-1",0
"GTGTTAGAGTGGAGAA-1",7.44679666041693
"GTGTTAGAGTTTGCGT-1",4.02694698515241
"GTGTTAGCAATGGAAT-1",1.75521459864998
"GTGTTAGCACCACCAG-1",10.9075496858551
"GTGTTAGGTGCCTGGT-1",1.58339518249613
"GTGTTAGGTGGAAAGA-1",0
"GTGTTAGGTTCCATGA-1",0
"GTGTTAGGTTGGGACA-1",0
"GTTAAGCAGAGCTGCA-1",0
"GTTAAGCAGATAGCAT-1",0
"GTTAAGCAGCTAACAA-1",3.00481228606655
"GTTAAGCAGGCTACGA-1",6.00169294921835
"GTTAAGCAGTGTACCT-1",1.88456240551596
"GTTAAGCAGTTTGCGT-1",1.53165274644865
"GTTAAGCCATTCACTT-1",3.07360640050375
"GTTAAGCGTACTCGCG-1",1.75481895374561
"GTTAAGCGTCTAGGTT-1",0
"GTTAAGCGTGGCAAAC-1",1.71148987556376
"GTTAAGCGTTGCTCCT-1",9.88648656184613
"GTTAAGCTCCTTTCGG-1",0
"GTTACAGAGAGCTATA-1",0
"GTTACAGAGTACGATA-1",3.402501537251
"GTTACAGCAGACGCCT-1",0
"GTTACAGCATCGGTTA-1",1.47511630303706
"GTTACAGGTATGGTTC-1",5.66410289316011
"GTTACAGGTCGACTGC-1",1.40766922070462
"GTTACAGGTCTAGGTT-1",0
"GTTCATTAGCGATGAC-1",1.37677047960864
"GTTCATTCATATACGC-1",1.59959109262016
"GTTCATTCATTGGCGC-1",1.71971756500341
"GTTCATTGTGCACGAA-1",1.80225274494389
"GTTCATTGTGTTAAGA-1",2.1336948960358
"GTTCATTGTTCAGTAC-1",1.84897736262192
"GTTCGGGAGACGACGT-1",0
"GTTCGGGAGCTAAGAT-1",0
"GTTCGGGAGTGTCTCA-1",3.80562253414491
"GTTCGGGGTAGGGTAC-1",0
"GTTCGGGGTGCAGGTA-1",1.58339518249613
"GTTCGGGTCCACGCAG-1",0
"GTTCGGGTCTACTTAC-1",1.78100756679089
"GTTCTCGAGACCACGA-1",1.89074424743067
"GTTCTCGAGCGATGAC-1",1.29967099461141
"GTTCTCGAGGCCATAG-1",0
"GTTCTCGCATCGGACC-1",1.63155982952137
"GTTCTCGGTAAGGGAA-1",0
"GTTCTCGGTAGCGTAG-1",9.55327452424842
"GTTCTCGGTCCGTGAC-1",1.50520617489663
"GTTCTCGGTGTTAAGA-1",4.08620295556952
"GTTCTCGTCAACGCTA-1",0
"GTTCTCGTCCTGTACC-1",1.7360849798154
"GTTTCTACAAACCTAC-1",1.86263667233504
"GTTTCTACAAGAAAGG-1",3.70047510819865
"GTTTCTAGTGTTGGGA-1",5.23554653710572
"GTTTCTATCCCAACGG-1",19.8713943322715
"GTTTCTATCCGTAGTA-1",2.22290078480014
"GTTTCTATCGGCATCG-1",1.3936137675001
"TAAACCGGTACTTAGC-1",0
"TAAACCGTCACTCTTA-1",0
"TAAACCGTCAGGCGAA-1",0
"TAAACCGTCCGTTGTC-1",1.44714843721857
"TAAACCGTCTTCCTTC-1",14.5358359338838
"TAAGAGACAAGTTGTC-1",1.40766922070462
"TAAGAGAGTATATCCG-1",2.8670874628081
"TAAGAGATCAATCACG-1",0
"TAAGAGATCTAACGGT-1",3.22469169903664
"TAAGAGATCTTTCCTC-1",0
"TAAGCGTAGTGGACGT-1",3.33567607243556
"TAAGCGTAGTGTCTCA-1",0
"TAAGCGTCAGCTTCGG-1",0
"TAAGCGTCAGGTGGAT-1",0
"TAAGCGTGTCCTGCTT-1",20.4884526282512
"TAAGCGTGTGCCTGGT-1",0
"TAAGCGTGTTGTTTGG-1",0
"TAAGCGTTCCTCATTA-1",3.82534574450904
"TAAGCGTTCGGCGCAT-1",1.95557205996705
"TAAGCGTTCTCGCATC-1",1.93047041241648
"TAAGTGCAGGCTAGGT-1",1.71971756500341
"TAAGTGCAGTAGCGGT-1",3.80562253414491
"TAAGTGCCAACGCACC-1",0
"TAAGTGCCATACAGCT-1",3.48640782023216
"TAAGTGCGTAAACACA-1",0
"TAAGTGCGTCTCACCT-1",0
"TAAGTGCGTTCAGACT-1",0
"TAAGTGCTCACCCTCA-1",0
"TAAGTGCTCACTGGGC-1",0
"TAAGTGCTCTGGCGTG-1",0
"TACACGACACCCATTC-1",1.78100756679089
"TACACGAGTGATAAAC-1",2.1336948960358
"TACACGATCTGTCTCG-1",5.38726523220608
"TACAGTGAGATGCGAC-1",3.6161931100084
"TACAGTGAGCGTTGCC-1",20.4884526282512
"TACAGTGAGTGTACGG-1",4.00552361445464
"TACAGTGCAGGAATCG-1",0
"TACAGTGCAGGTGCCT-1",1.6827258250093
"TACAGTGGTACTCAAC-1",1.45717390144193
"TACAGTGGTTGGACCC-1",0
"TACCTATAGAGCTGGT-1",19.8713943322715
"TACCTATAGAGTTGGC-1",1.95557205996705
"TACCTATAGGCTCATT-1",0
"TACCTATAGTTAGCGG-1",3.84259801872587
"TACCTATCAAGCTGGA-1",0
"TACCTATGTAAATGAC-1",3.6161931100084
"TACCTATGTAGAGTGC-1",5.77182625838239
"TACCTATGTCACCTAA-1",1.9365404041865
"TACCTATGTGTTGAGG-1",0
"TACCTATGTTAAAGAC-1",3.40470298924731
"TACCTATTCTATGTGG-1",1.75402832933928
"TACCTATTCTTCCTTC-1",3.66566408793362
"TACCTTAAGAGGTTGC-1",0
"TACCTTAAGTCAAGCG-1",3.038955359493
"TACCTTAAGTGGTCCC-1",0
"TACCTTACAACTGGCC-1",0
"TACCTTACAAGGGTCA-1",0
"TACCTTACACTCAGGC-1",0
"TACCTTACATCTACGA-1",2.00619944541362
"TACCTTAGTAGCGTCC-1",4.05141781444364
"TACCTTAGTCTCCACT-1",4.79815744193093
"TACGGATAGATGGCGT-1",1.53165274644865
"TACGGATAGGTACTCT-1",0
"TACGGATCAGGGATTG-1",0
"TACGGATCATCACCCT-1",3.87264032674078
"TACGGATGTCTAGCCG-1",1.44466720250658
"TACGGATTCGGTGTCG-1",4.63981921190245
"TACGGATTCTACTATC-1",0
"TACGGGCAGGATGCGT-1",0
"TACGGGCAGGGAACGG-1",9.67071564482662
"TACGGGCAGTATTGGA-1",3.80562253414491
"TACGGGCAGTCAAGCG-1",0
"TACGGGCCAAGAAGAG-1",15.6125834255361
"TACGGGCCACCAGATT-1",9.55327452424842
"TACGGGCCATCAGTAC-1",1.49788542652835
"TACGGGCGTAAGGGCT-1",1.57879615295133
"TACGGGCGTCTGATTG-1",3.96795091548323
"TACGGGCGTGATGTGG-1",3.86817930380397
"TACGGGCTCACCTTAT-1",1.13267045430356
"TACGGGCTCAGCTCTC-1",0
"TACGGGCTCCACGAAT-1",5.23178764368232
"TACGGGCTCCTATTCA-1",1.95557205996705
"TACGGGCTCGGTGTTA-1",1.78471105495709
"TACGGTAAGATATGGT-1",0
"TACGGTAAGCCGATTT-1",1.66442885886046
"TACGGTAAGTCATGCT-1",0
"TACGGTAAGTGCCATT-1",1.9365404041865
"TACGGTACACAGGCCT-1",1.95401084829981
"TACGGTACATTTCAGG-1",0
"TACGGTAGTATATCCG-1",3.22469169903664
"TACGGTAGTCACTTCC-1",0
"TACGGTAGTGCAGGTA-1",16.1665007783412
"TACGGTAGTGGGTATG-1",19.6726381741252
"TACGGTATCGCAGGCT-1",2.91663050421407
"TACGGTATCGGACAAG-1",5.23554653710572
"TACGGTATCGTTTATC-1",3.48209196207172
"TACTCATAGTCACGCC-1",1.7360849798154
"TACTCATCAATCTACG-1",0
"TACTCATCACGGTAGA-1",9.67071564482662
"TACTCATCACTTCTGC-1",1.57879615295133
"TACTCATCATCCGTGG-1",0
"TACTCATCATGTCGAT-1",5.38726523220608
"TACTCATGTACAGCAG-1",2.14693417019908
"TACTCATGTCTTCAAG-1",1.29967099461141
"TACTCATTCCTTTCTC-1",0
"TACTCGCAGGCGACAT-1",2.8904634961405
"TACTCGCGTCAGAAGC-1",0
"TACTCGCGTCTGATTG-1",2.78821622508214
"TACTCGCGTGTAACGG-1",0
"TACTCGCGTTGAGTTC-1",1.44764588007413
"TACTCGCTCAACGGGA-1",6.91248708103279
"TACTCGCTCCGAATGT-1",0
"TACTTACAGACTAGGC-1",0
"TACTTACAGCTGAACG-1",3.07232207066254
"TACTTACAGTACACCT-1",0
"TACTTACAGTACGCCC-1",2.29309641118629
"TACTTACAGTGATCGG-1",0
"TACTTACCAAGCCGTC-1",0
"TACTTACCACAGGTTT-1",1.45717390144193
"TACTTACTCGCGTTTC-1",0
"TACTTGTAGCGATATA-1",7.6336461581383
"TACTTGTAGTAATCCC-1",3.10476824335327
"TACTTGTCAAACAACA-1",1.84897736262192
"TACTTGTCATGCAACT-1",6.00169294921835
"TACTTGTGTAGCACGA-1",1.86263667233504
"TACTTGTGTATAAACG-1",21.7561210485226
"TACTTGTGTTCCACAA-1",1.44466720250658
"TACTTGTTCTGCAGTA-1",0
"TAGACCAAGAGACGAA-1",14.5358359338838
"TAGACCAAGCCTCGTG-1",4.20629907241897
"TAGACCAAGTCGATAA-1",1.23501487044517
"TAGACCACAACACCCG-1",1.90375129004809
"TAGACCAGTAGATTAG-1",0
"TAGACCAGTTCATGGT-1",0
"TAGACCATCACTTCAT-1",0
"TAGACCATCGTCACGG-1",2.29309641118629
"TAGACCATCTCCAGGG-1",0
"TAGAGCTAGAATTCCC-1",0
"TAGAGCTAGTATTGGA-1",8.48415528826718
"TAGAGCTCACTGAAGG-1",0
"TAGAGCTGTACTTGAC-1",2.22655458198837
"TAGAGCTGTCTAAAGA-1",3.82534574450904
"TAGCCGGAGACTGGGT-1",1.77650710215293
"TAGCCGGAGTCCCACG-1",4.05141781444364
"TAGCCGGAGTGACATA-1",1.53165274644865
"TAGCCGGCAGCAGTTT-1",0
"TAGCCGGGTACAGTGG-1",1.45717390144193
"TAGCCGGGTACCATCA-1",1.94010412181633
"TAGCCGGGTCGCGAAA-1",4.62871766216977
"TAGCCGGTCACGACTA-1",0
"TAGGCATAGAACTGTA-1",0
"TAGGCATAGCTAGGCA-1",3.86817930380397
"TAGGCATAGTCGTACT-1",1.40766922070462
"TAGGCATAGTTTAGGA-1",0
"TAGGCATCAAGCCTAT-1",0
"TAGGCATCAGACGCAA-1",0
"TAGGCATGTACGAAAT-1",0
"TAGGCATGTCCAGTTA-1",0
"TAGGCATGTTCCACTC-1",5.23554653710572
"TAGGCATTCCCTAACC-1",0
"TAGGCATTCGCTAGCG-1",1.30083660875699
"TAGGCATTCGTAGATC-1",0
"TAGGCATTCTTCATGT-1",0
"TAGTGGTAGATCACGG-1",3.00481228606655
"TAGTGGTAGCTGTTCA-1",0
"TAGTGGTCAGTATAAG-1",3.86817930380397
"TAGTGGTGTAGCGTAG-1",0
"TAGTGGTTCAGCATGT-1",0
"TAGTGGTTCGGCGCAT-1",0
"TAGTGGTTCTCAAGTG-1",0
"TAGTGGTTCTGGGCCA-1",3.98251256695536
"TAGTGGTTCTTTAGTC-1",1.9365404041865
"TAGTTGGAGATAGGAG-1",3.07360640050375
"TAGTTGGCAGACGCAA-1",1.6827258250093
"TAGTTGGCATGCGCAC-1",2.47603977637741
"TAGTTGGGTATGGTTC-1",0
"TAGTTGGTCCGAATGT-1",9.55327452424842
"TAGTTGGTCTACTCAT-1",19.6726381741252
"TAGTTGGTCTCTAAGG-1",0
"TAGTTGGTCTGATACG-1",0
"TATCAGGAGAGTAAGG-1",1.9365404041865
"TATCAGGAGATCCGAG-1",0
"TATCAGGAGCAGATCG-1",0
"TATCAGGAGGTGCTTT-1",6.00169294921835
"TATCAGGCAACTTGAC-1",3.22469169903664
"TATCAGGCACGTTGGC-1",1.57879615295133
"TATCAGGGTCCGTTAA-1",1.50520617489663
"TATCAGGGTCTGCAAT-1",3.10835233870886
"TATCAGGGTTAAAGAC-1",3.7847400111522
"TATCAGGTCAAGATCC-1",3.10476824335327
"TATCAGGTCCACTCCA-1",1.47511630303706
"TATCAGGTCGTAGGTT-1",1.75402832933928
"TATCTCAAGAGTTGGC-1",0
"TATCTCAAGCCACCTG-1",1.3936137675001
"TATCTCAAGCGTAATA-1",3.80562253414491
"TATCTCAAGGCTAGCA-1",2.48802906944303
"TATCTCAAGTGGGCTA-1",1.58339518249613
"TATCTCACATGTCCTC-1",7.09000271544109
"TATCTCAGTAACGACG-1",1.38054700437752
"TATCTCAGTACCTACA-1",5.13945272385525
"TATCTCAGTACGACCC-1",1.40766922070462
"TATCTCAGTCAATGTC-1",0
"TATCTCATCAAGCCTA-1",0
"TATGCCCAGAAACCGC-1",0
"TATGCCCAGGTAGCTG-1",0
"TATGCCCCAATGGAAT-1",1.63023814234886
"TATGCCCCACTTAACG-1",21.7561210485226
"TATGCCCCATGTTCCC-1",0
"TATGCCCGTAGCCTCG-1",0
"TATGCCCGTATAGGGC-1",1.77650710215293
"TATGCCCGTATGAAAC-1",0
"TATGCCCGTCGCCATG-1",1.13267045430356
"TATGCCCGTGCCTTGG-1",3.9792350240859
"TATGCCCGTTAAGATG-1",0
"TATGCCCGTTGGTGGA-1",0
"TATGCCCGTTTAGGAA-1",1.88456240551596
"TATTACCAGAGAGCTC-1",1.77650710215293
"TATTACCAGCAAATCA-1",4.57909705182435
"TATTACCAGCCCGAAA-1",0
"TATTACCAGTATCTCG-1",2.1336948960358
"TATTACCCAAAGTGCG-1",0
"TATTACCCAGACAAGC-1",0
"TATTACCCAGTCAGCC-1",7.52684933900808
"TATTACCCATAAAGGT-1",20.4884526282512
"TATTACCCATCTACGA-1",1.63155982952137
"TATTACCGTCCAGTAT-1",7.6336461581383
"TCAACGAAGCCGATTT-1",0
"TCAACGAAGCGATGAC-1",7.13060321968104
"TCAACGAAGGCATGTG-1",0
"TCAACGAAGTAGTGCG-1",0
"TCAACGACACCAGGCT-1",3.82534574450904
"TCAACGACATGCCTTC-1",3.6161931100084
"TCAACGAGTTACCAGT-1",0
"TCAACGAGTTCCATGA-1",0
"TCAACGAGTTCTGGTA-1",0
"TCAACGATCAGTCCCT-1",0
"TCAACGATCTGTGCAA-1",1.86217722080732
"TCAATCTAGATCCCGC-1",0
"TCAATCTCACAAGCCC-1",6.00169294921835
"TCAATCTCACAGCCCA-1",0
"TCAATCTCATGACGGA-1",3.10476824335327
"TCAATCTCATTTGCTT-1",0
"TCAATCTGTAGTGAAT-1",0
"TCAATCTGTTAGATGA-1",1.77650710215293
"TCAATCTTCAGATAAG-1",0
"TCAATCTTCATGTCCC-1",17.3772178793909
"TCACAAGAGACTGGGT-1",4.57909705182435
"TCACAAGAGAGAGCTC-1",3.36127663362806
"TCACAAGAGGCCCTCA-1",3.402501537251
"TCACAAGAGGTGGGTT-1",5.46872726455832
"TCACAAGAGTAGATGT-1",1.77650710215293
"TCACAAGCAGTATGCT-1",0
"TCACAAGCATAACCTG-1",0
"TCACAAGCATGACATC-1",0
"TCACAAGGTCAGATAA-1",0
"TCACAAGGTGTGGTTT-1",1.45666876632877
"TCACAAGTCATCATTC-1",0
"TCACAAGTCATGCATG-1",3.87264032674078
"TCACGAAAGCTCCTTC-1",0
"TCACGAAAGGTGCTTT-1",0
"TCACGAAAGTCTCGGC-1",0
"TCACGAACACAAGACG-1",0
"TCACGAACACTGTCGG-1",1.72386818199627
"TCACGAAGTGGTCCGT-1",10.3811336200612
"TCACGAAGTTGGTGGA-1",1.90375129004809
"TCACGAATCATGCAAC-1",0
"TCACGAATCCCGACTT-1",1.78471105495709
"TCACGAATCCTCGCAT-1",1.37677047960864
"TCACGAATCGTCACGG-1",0
"TCAGATGAGGTGCACA-1",1.75521459864998
"TCAGATGGTCTTGTCC-1",0
"TCAGATGGTGCCTGCA-1",0
"TCAGATGGTGCTGTAT-1",13.9161244624594
"TCAGATGTCAGTTTGG-1",0
"TCAGATGTCGCATGAT-1",0
"TCAGATGTCTCCTATA-1",1.99970061564194
"TCAGCAAAGGAGTCTG-1",1.3936137675001
"TCAGCAAAGGCTCATT-1",0
"TCAGCAAAGTACGACG-1",6.00169294921835
"TCAGCAAAGTGGCACA-1",1.04724759607652
"TCAGCAACACGCATCG-1",0
"TCAGCAAGTACCGGCT-1",1.3936137675001
"TCAGCAATCAGCGATT-1",0
"TCAGCAATCGGAAACG-1",6.13972014271478
"TCAGCAATCTTCAACT-1",3.48209196207172
"TCAGCTCAGGTGTTAA-1",0
"TCAGCTCAGTATGACA-1",2.76719754766386
"TCAGCTCCAATCTGCA-1",3.00481228606655
"TCAGCTCCACGGTTTA-1",1.95557205996705
"TCAGCTCGTAATAGCA-1",3.84259801872587
"TCAGCTCGTCCGTCAG-1",3.07232207066254
"TCAGCTCGTTCACGGC-1",1.75481895374561
"TCAGCTCTCACGATGT-1",6.48430778792738
"TCAGCTCTCATGCATG-1",1.66442885886046
"TCAGCTCTCCTAAGTG-1",1.5087612460887
"TCAGCTCTCTCGTATT-1",14.4374491064999
"TCAGGATAGACAGAGA-1",0
"TCAGGATAGATATGGT-1",1.57879615295133
"TCAGGATCAAACGTGG-1",1.50520617489663
"TCAGGATCAAGTTCTG-1",1.29967099461141
"TCAGGATCACGGTGTC-1",3.70047510819865
"TCAGGATCACTGTGTA-1",3.7847400111522
"TCAGGATCAGCATACT-1",0
"TCAGGATCATCTGGTA-1",1.52712153324676
"TCAGGATGTAAGCACG-1",1.60624557133513
"TCAGGATGTGGCCCTA-1",2.00619944541362
"TCAGGATTCCGATATG-1",0
"TCAGGATTCTCGATGA-1",1.44466720250658
"TCAGGTAAGATGGCGT-1",2.21085096477858
"TCAGGTAAGTGTTTGC-1",0
"TCAGGTACACAAGTAA-1",1.47511630303706
"TCAGGTACACAGAGGT-1",3.7847400111522
"TCAGGTACAGCTGCTG-1",0
"TCAGGTAGTAAACGCG-1",0
"TCATTACAGAAACCAT-1",1.44466720250658
"TCATTACAGGAGTTGC-1",1.84897736262192
"TCATTACAGTTGCAGG-1",1.75481895374561
"TCATTACCACATCCAA-1",1.90375129004809
"TCATTACCAGTCAGCC-1",2.21085096477858
"TCATTACGTACGCACC-1",3.69156580490035
"TCATTACGTCTAGAGG-1",0
"TCATTACGTGAAGGCT-1",0
"TCATTACGTTCTGTTT-1",3.00481228606655
"TCATTACTCATCGATG-1",3.86852712790909
"TCATTTGAGCCAGTTT-1",2.00619944541362
"TCATTTGCACGTCTCT-1",16.2811609258332
"TCATTTGCAGTTAACC-1",0
"TCATTTGTCCAGAGGA-1",2.21085096477858
"TCATTTGTCCCTTGCA-1",0
"TCATTTGTCCGTCAAA-1",0
"TCATTTGTCGCTAGCG-1",5.11166117129906
"TCATTTGTCGTACGGC-1",2.3082263296367
"TCATTTGTCTCTGCTG-1",0
"TCCACACCAAAGAATC-1",1.93704846870536
"TCCACACCACGCCAGT-1",4.20672000600408
"TCCACACGTACAGCAG-1",0
"TCCACACGTAGCCTAT-1",0
"TCCACACGTCATCGGC-1",0
"TCCACACGTGACCAAG-1",2.00619944541362
"TCCACACGTGCGAAAC-1",0
"TCCACACTCAACACCA-1",1.75521459864998
"TCCACACTCCAGTATG-1",1.78471105495709
"TCCACACTCCCATTTA-1",0
"TCCACACTCGAACTGT-1",0
"TCCCGATAGAAGAAGC-1",7.21931976280436
"TCCCGATAGCACAGGT-1",0
"TCCCGATAGCCGGTAA-1",0
"TCCCGATCAAGGTTCT-1",0
"TCCCGATCAGCCAATT-1",1.71148987556376
"TCCCGATCATCCAACA-1",0
"TCCCGATGTAAGGATT-1",0
"TCCCGATGTCAATACC-1",3.86852712790909
"TCCCGATTCAGAAATG-1",20.4884526282512
"TCCCGATTCAGTCCCT-1",2.21085096477858
"TCCCGATTCATCTGTT-1",0
"TCCCGATTCCCTAATT-1",3.10835233870886
"TCCCGATTCTGGAGCC-1",1.95089811949327
"TCGAGGCAGCGATGAC-1",0
"TCGAGGCAGTGTTTGC-1",2.22655458198837
"TCGAGGCCAAAGAATC-1",0
"TCGAGGCCAAGTTCTG-1",1.93704846870536
"TCGAGGCCAGTAACGG-1",2.00619944541362
"TCGAGGCGTATATCCG-1",0
"TCGAGGCTCGCAAGCC-1",7.09000271544109
"TCGAGGCTCTTGAGAC-1",0
"TCGAGGCTCTTTCCTC-1",2.79899167503748
"TCGCGAGAGACAAAGG-1",0
"TCGCGAGAGTGAATTG-1",3.80562253414491
"TCGCGAGCAAGCGTAG-1",1.70704279903129
"TCGCGAGCACCGAATT-1",0
"TCGCGAGCAGTAAGAT-1",20.4884526282512
"TCGCGAGTCCACGAAT-1",3.10835233870886
"TCGCGAGTCTAGCACA-1",7.6336461581383
"TCGCGAGTCTCTAGGA-1",0
"TCGCGAGTCTTCATGT-1",1.75481895374561
"TCGCGTTAGTGGGCTA-1",2.79899167503748
"TCGCGTTCACAGGCCT-1",0
"TCGCGTTCATCACAAC-1",0
"TCGCGTTCATCTCGCT-1",2.1336948960358
"TCGCGTTGTTCACCTC-1",2.22655458198837
"TCGCGTTTCAAGATCC-1",1.7360849798154
"TCGCGTTTCAGGTAAA-1",3.10476824335327
"TCGCGTTTCATTCACT-1",0
"TCGCGTTTCCTGTACC-1",0
"TCGCGTTTCGCCCTTA-1",0
"TCGGGACCACACATGT-1",0
"TCGGGACTCCTTGCCA-1",0
"TCGGGACTCTGCGGCA-1",1.66442885886046
"TCGGGACTCTTGTCAT-1",1.74734361007703
"TCGGTAAAGACAGGCT-1",1.84897736262192
"TCGGTAAAGCTCAACT-1",8.86540234359906
"TCGGTAACAAGCTGAG-1",4.05141781444364
"TCGGTAACAGGAATGC-1",0
"TCGGTAAGTATATGGA-1",7.21931976280436
"TCGGTAAGTCTAGTCA-1",0
"TCGGTAATCCCGGATG-1",6.48430778792738
"TCGTACCAGCAGGCTA-1",0
"TCGTACCAGTTTCCTT-1",0
"TCGTACCGTTTGCATG-1",4.37682539730879
"TCGTACCTCGGGAGTA-1",0
"TCGTAGAAGCTAACTC-1",1.47511630303706
"TCGTAGAAGGCGACAT-1",0
"TCGTAGAAGGGAACGG-1",3.66566408793362
"TCGTAGAAGTCCATAC-1",5.28350923940198
"TCGTAGACAATCCAAC-1",15.6125834255361
"TCGTAGACACTCAGGC-1",1.71148987556376
"TCGTAGAGTATGAATG-1",0
"TCGTAGAGTGAGCGAT-1",0
"TCGTAGAGTGTGTGCC-1",2.76719754766386
"TCGTAGAGTTCAACCA-1",5.44996044723518
"TCGTAGAGTTCCATGA-1",4.63981921190245
"TCGTAGATCCAAGCCG-1",3.18711576060828
"TCGTAGATCTTAGCCC-1",1.59959109262016
"TCTATTGAGCGATTCT-1",0
"TCTATTGAGTGCCATT-1",0
"TCTATTGCACATCTTT-1",2.2906131819356
"TCTATTGGTAAGTGTA-1",1.87281826504998
"TCTATTGGTCCAACTA-1",2.79782606089191
"TCTATTGGTCTGCCAG-1",1.84897736262192
"TCTATTGGTTGCTCCT-1",2.21085096477858
"TCTATTGTCGGCGCTA-1",5.46872726455832
"TCTCATAAGCTAAACA-1",1.49815506628049
"TCTCATAAGCTAGTCT-1",2.95590968330727
"TCTCATAAGTGCCATT-1",2.05151276615483
"TCTCATAGTACCGGCT-1",0
"TCTCATAGTGTAAGTA-1",1.45666876632877
"TCTCATATCAAGCCTA-1",0
"TCTCATATCACCTTAT-1",4.20629907241897
"TCTCATATCCTGTACC-1",3.25259821989236
"TCTCTAAAGACCGGAT-1",0
"TCTCTAAAGGGTGTTG-1",2.81293056446027
"TCTCTAACAGCCTATA-1",5.28350923940198
"TCTCTAAGTCCAGTAT-1",0
"TCTCTAAGTCCATGAT-1",3.25259821989236
"TCTCTAAGTCTCATCC-1",11.20100530661
"TCTCTAAGTGGAAAGA-1",3.8549995327282
"TCTCTAATCAAACCAC-1",0
"TCTCTAATCACAGGCC-1",1.75481895374561
"TCTCTAATCACATACG-1",2.21085096477858
"TCTCTAATCCGTAGGC-1",1.77650710215293
"TCTCTAATCGTATCAG-1",3.6161931100084
"TCTGAGACAAACCTAC-1",3.038955359493
"TCTGAGACAGAGTGTG-1",0
"TCTGAGAGTAAGGGAA-1",1.84897736262192
"TCTGAGATCCTTGACC-1",0
"TCTGAGATCTATCCTA-1",0
"TCTGGAAAGCGATGAC-1",0
"TCTGGAAAGCTCTCGG-1",1.74656133085108
"TCTGGAAAGGAGCGAG-1",0
"TCTGGAACACAAGACG-1",1.58339518249613
"TCTGGAACACACTGCG-1",0
"TCTGGAACACTTCTGC-1",3.21788743381855
"TCTGGAAGTGAGTATA-1",0
"TCTTCGGAGGTTCCTA-1",0
"TCTTCGGAGTTCGATC-1",2.05151276615483
"TCTTCGGCAAAGCAAT-1",0
"TCTTCGGCAAAGGTGC-1",0
"TCTTCGGCAATAGCAA-1",1.30083660875699
"TCTTCGGCAATGTAAG-1",1.5087612460887
"TCTTCGGCACACCGAC-1",0
"TCTTCGGCAGCCAATT-1",2.47870084007854
"TCTTCGGGTCATTAGC-1",1.87049181002277
"TCTTCGGTCGTAGGTT-1",2.05151276615483
"TCTTCGGTCTCTAAGG-1",0
"TCTTTCCAGAGAGCTC-1",4.20629907241897
"TCTTTCCAGTCATCCA-1",0
"TCTTTCCCATCTCCCA-1",1.47511630303706
"TCTTTCCGTAATCACC-1",0
"TCTTTCCGTAGTACCT-1",0
"TCTTTCCTCACAACGT-1",0
"TCTTTCCTCAGCTGGC-1",0
"TCTTTCCTCCAAGTAC-1",0
"TCTTTCCTCCTCGCAT-1",1.53165274644865
"TGAAAGAAGCTAAGAT-1",1.45666876632877
"TGAAAGACAAGCCGTC-1",0
"TGAAAGACACATTCGA-1",5.71250376615223
"TGAAAGACATGAGCGA-1",1.88456240551596
"TGAAAGAGTCTAGCGC-1",6.48430778792738
"TGAAAGAGTCTCATCC-1",2.22290078480014
"TGAAAGATCCCGACTT-1",0
"TGAAAGATCTATGTGG-1",0
"TGACAACCAAGCGAGT-1",0
"TGACAACGTAGGGACT-1",1.21748716206614
"TGACAACGTGCGCTTG-1",0
"TGACAACGTGGTTTCA-1",2.1336948960358
"TGACAACTCACAAACC-1",0
"TGACAACTCCACGTGG-1",1.95089811949327
"TGACAACTCGAATGCT-1",1.49788542652835
"TGACGGCAGCGCCTCA-1",2.22655458198837
"TGACGGCAGGCTCAGA-1",1.85531989622198
"TGACGGCAGTCAAGCG-1",0
"TGACGGCCACAGACTT-1",0
"TGACGGCGTCATCCCT-1",0
"TGACGGCTCAGGCGAA-1",0
"TGACGGCTCCACTGGG-1",0
"TGACTAGAGACCCACC-1",4.67920488748746
"TGACTAGAGGGCATGT-1",1.74734361007703
"TGACTAGAGTCTCAAC-1",3.36127663362806
"TGACTAGAGTTGAGAT-1",15.6125834255361
"TGACTAGCAGCATACT-1",1.3936137675001
"TGACTAGCAGTCAGAG-1",0
"TGACTAGCATTTCACT-1",1.71148987556376
"TGACTAGGTAAATACG-1",3.7847400111522
"TGACTAGGTGAAAGAG-1",2.00619944541362
"TGACTAGGTGCAGTAG-1",3.96795091548323
"TGACTAGTCATGCATG-1",4.83039152173823
"TGACTAGTCCATGCTC-1",0
"TGACTAGTCTGTTGAG-1",0
"TGACTTTAGAACAATC-1",0
"TGACTTTAGTCTCGGC-1",1.95401084829981
"TGACTTTAGTTAGGTA-1",8.24320333732919
"TGACTTTCAGTCCTTC-1",0
"TGACTTTCATTATCTC-1",1.85531989622198
"TGACTTTGTCACACGC-1",2.47603977637741
"TGACTTTTCCTCAATT-1",1.9365404041865
"TGACTTTTCTGCCCTA-1",8.48415528826718
"TGAGAGGAGGCTCATT-1",1.60688281682492
"TGAGAGGCAAAGTCAA-1",0
"TGAGAGGCAAGCCATT-1",0
"TGAGAGGCACCATGTA-1",9.00449152450581
"TGAGAGGGTCACTGGC-1",1.63155982952137
"TGAGAGGGTCTAAACC-1",3.86852712790909
"TGAGAGGTCGAACTGT-1",1.74969568161059
"TGAGAGGTCGCGTTTC-1",0
"TGAGAGGTCTGACCTC-1",1.47511630303706
"TGAGCATAGAAACGAG-1",0
"TGAGCATAGAAGCCCA-1",1.65170237368734
"TGAGCATAGATGTCGG-1",3.70047510819865
"TGAGCATAGGAATGGA-1",3.80429692425371
"TGAGCATCACCAGGCT-1",2.22290078480014
"TGAGCATCAGATGAGC-1",1.49788542652835
"TGAGCATCAGCGTAAG-1",0
"TGAGCATCAGCTGTAT-1",0
"TGAGCATGTGGCCCTA-1",1.59959109262016
"TGAGCATTCCACGTTC-1",8.86540234359906
"TGAGCATTCCGATATG-1",0
"TGAGCATTCGGCCGAT-1",0
"TGAGCCGCATCGGGTC-1",0
"TGAGCCGGTCGAACAG-1",1.66442885886046
"TGAGCCGGTGTAATGA-1",0
"TGAGCCGGTTGATTCG-1",2.42986315757899
"TGAGCCGTCATCTGCC-1",3.86817930380397
"TGAGCCGTCGTCACGG-1",1.93047041241648
"TGAGCCGTCTTGAGGT-1",0
"TGAGGGAAGAGACTAT-1",0
"TGAGGGAAGGAGTACC-1",1.5087612460887
"TGAGGGAAGTCATCCA-1",1.75481895374561
"TGAGGGAAGTCATGCT-1",0
"TGAGGGACACCAGTTA-1",2.14693417019908
"TGAGGGACATAAGACA-1",2.79782606089191
"TGAGGGAGTAAACGCG-1",3.22029669650764
"TGAGGGAGTTAGGGTG-1",3.48209196207172
"TGAGGGATCAACGGGA-1",1.44466720250658
"TGAGGGATCTAGCACA-1",15.6125834255361
"TGAGGGATCTCTTATG-1",0
"TGATTTCCATCCGGGT-1",1.44714843721857
"TGATTTCGTAGGCATG-1",7.21931976280436
"TGATTTCGTTAAGACA-1",0
"TGATTTCTCTGATTCT-1",0
"TGCACCTAGACCTTTG-1",0
"TGCACCTAGGACGAAA-1",2.1336948960358
"TGCACCTCAAGTTGTC-1",2.8904634961405
"TGCACCTCAATAGAGT-1",0
"TGCACCTCATCCGGGT-1",0
"TGCACCTGTAATCACC-1",0
"TGCACCTGTCACACGC-1",2.22655458198837
"TGCACCTTCACGGTTA-1",7.09000271544109
"TGCACCTTCATCGGAT-1",4.67920488748746
"TGCACCTTCCGCGGTA-1",1.75481895374561
"TGCACCTTCGAACTGT-1",1.49788542652835
"TGCACCTTCTCTTGAT-1",0
"TGCCAAACAATGTAAG-1",5.38726523220608
"TGCCAAACAATTCCTT-1",0
"TGCCAAAGTTCGCGAC-1",2.8904634961405
"TGCCAAATCCAAACTG-1",3.038955359493
"TGCCAAATCCCTGACT-1",0
"TGCCAAATCGGCGGTT-1",0
"TGCCCATAGACTAGGC-1",1.23935510409886
"TGCCCATAGCGTCAAG-1",11.20100530661
"TGCCCATAGCGTGAAC-1",1.53165274644865
"TGCCCATAGCTGTTCA-1",0
"TGCCCATAGGATGGAA-1",0
"TGCCCATAGTACGCCC-1",3.18711576060828
"TGCCCATAGTTGAGTA-1",1.74969568161059
"TGCCCATCACCAGGTC-1",7.73487919090858
"TGCCCATCACGAAATA-1",7.74057362917078
"TGCCCATCAGGACGTA-1",0
"TGCCCATCATGGAATA-1",1.78100756679089
"TGCCCATCATGGATGG-1",2.47603977637741
"TGCCCATGTAGCCTCG-1",7.44679666041693
"TGCCCATTCAAACCGT-1",1.74656133085108
"TGCCCATTCAGGCCCA-1",1.63155982952137
"TGCCCATTCCTTCAAT-1",13.3673110964251
"TGCCCATTCGGAAATA-1",1.69568501583596
"TGCCCTAAGGTCGGAT-1",2.1336948960358
"TGCCCTAAGGTTCCTA-1",7.21931976280436
"TGCCCTACACCACCAG-1",2.47870084007854
"TGCCCTACAGCCACCA-1",0
"TGCCCTACAGTGAGTG-1",1.94010412181633
"TGCCCTAGTCCGAGTC-1",10.976450837336
"TGCCCTAGTGGTTTCA-1",5.77182625838239
"TGCCCTAGTTTCGCTC-1",0
"TGCCCTATCGACGGAA-1",0
"TGCCCTATCTTCGGTC-1",3.5120700786789
"TGCGCAGAGACTAGGC-1",5.424619681812
"TGCGCAGAGCACACAG-1",0
"TGCGCAGAGCGTCTAT-1",1.84897736262192
"TGCGCAGAGGAGCGAG-1",0
"TGCGCAGCAAACGTGG-1",3.7847400111522
"TGCGCAGCAGCTCGCA-1",0
"TGCGCAGCAGTAGAGC-1",3.86852712790909
"TGCGCAGTCCTACAGA-1",0
"TGCGGGTAGAGACTTA-1",4.13455808533112
"TGCGGGTAGATCGATA-1",0
"TGCGGGTAGCTCTCGG-1",0
"TGCGGGTAGGTGTGGT-1",1.86217722080732
"TGCGGGTAGTACTTGC-1",9.88648656184613
"TGCGGGTCAATGGAAT-1",1.3936137675001
"TGCGGGTCACACGCTG-1",1.77650710215293
"TGCGGGTCATTGGGCC-1",6.09525346662473
"TGCGGGTGTAGAAAGG-1",4.83039152173823
"TGCGGGTGTCACCTAA-1",3.86817930380397
"TGCGGGTGTCAGATAA-1",1.75521459864998
"TGCGGGTGTTAGAACA-1",3.10476824335327
"TGCGGGTTCAGTTCGA-1",3.80562253414491
"TGCGGGTTCGTAGATC-1",0
"TGCGGGTTCTCTTGAT-1",7.44679666041693
"TGCGTGGAGACGCAAC-1",0
"TGCGTGGAGACTGGGT-1",0
"TGCGTGGCAATTCCTT-1",0
"TGCGTGGGTGCACCAC-1",0
"TGCGTGGTCCGCGCAA-1",3.82534574450904
"TGCGTGGTCGCCCTTA-1",0
"TGCGTGGTCTGGCGAC-1",0
"TGCTACCAGAAAGTGG-1",0
"TGCTACCAGATGGCGT-1",1.59959109262016
"TGCTACCAGCAAATCA-1",3.39031756376718
"TGCTACCAGTCCGTAT-1",3.84259801872587
"TGCTACCCAAGAGGCT-1",0
"TGCTACCCACTTAACG-1",15.6349500001933
"TGCTACCCATCGTCGG-1",0
"TGCTACCCATGGTTGT-1",6.00169294921835
"TGCTACCGTGTGACGA-1",5.46872726455832
"TGCTACCTCCTCGCAT-1",4.57909705182435
"TGCTACCTCTTCTGGC-1",0
"TGCTGCTAGACTAAGT-1",0
"TGCTGCTAGGTGATAT-1",4.05141781444364
"TGCTGCTCAATAGAGT-1",1.86263667233504
"TGCTGCTCACAGACAG-1",1.50520617489663
"TGCTGCTCATCCCATC-1",1.75481895374561
"TGCTGCTCATGGTTGT-1",3.22029669650764
"TGCTGCTGTCATACTG-1",0
"TGCTGCTGTGAAGGCT-1",0
"TGCTGCTTCATTGCGA-1",0
"TGGACGCAGAGGTACC-1",7.73487919090858
"TGGACGCAGTCAAGGC-1",1.86263667233504
"TGGACGCCACAGAGGT-1",0
"TGGACGCCATGGTAGG-1",0
"TGGACGCGTCCGAACC-1",2.29309641118629
"TGGACGCGTCTCCCTA-1",1.95401084829981
"TGGCCAGAGAAGGTGA-1",2.22655458198837
"TGGCCAGAGAGTACAT-1",2.14693417019908
"TGGCCAGAGGCGATAC-1",7.21931976280436
"TGGCCAGAGGCGTACA-1",0
"TGGCCAGCAACTGCGC-1",0
"TGGCCAGCACGACTCG-1",3.27103590868417
"TGGCCAGGTCAATACC-1",4.37682539730879
"TGGCCAGTCGTAGATC-1",3.7847400111522
"TGGCCAGTCTATCCCG-1",1.40766922070462
"TGGCGCAAGCTACCTA-1",1.75402832933928
"TGGCGCAAGCTATGCT-1",1.95089811949327
"TGGCGCAAGTGTGGCA-1",0
"TGGCGCAAGTTACCCA-1",4.25323196765555
"TGGCGCACACAGGCCT-1",0
"TGGCGCACACGGATAG-1",0
"TGGCGCACAGCGATCC-1",14.4074475703633
"TGGCGCACATAGGATA-1",1.95089811949327
"TGGCGCAGTACTCTCC-1",0
"TGGCGCAGTGGACGAT-1",4.63981921190245
"TGGCGCAGTTATGTGC-1",1.47511630303706
"TGGCGCATCAAGAAGT-1",4.37682539730879
"TGGCGCATCATGCTCC-1",19.8713943322715
"TGGCGCATCATGTGGT-1",0
"TGGCGCATCATTATCC-1",1.51982575374441
"TGGCGCATCGTGGTCG-1",0
"TGGCTGGAGCGGATCA-1",0
"TGGCTGGAGTGCAAGC-1",3.10315280718969
"TGGCTGGCAAGTTAAG-1",16.2622452542801
"TGGCTGGCACGGATAG-1",0
"TGGCTGGCAGGAACGT-1",0
"TGGCTGGGTCGAGTTT-1",1.95557205996705
"TGGCTGGGTCGGCATC-1",0
"TGGCTGGGTCTAGCCG-1",0
"TGGCTGGGTTACGCGC-1",0
"TGGCTGGGTTGGACCC-1",0
"TGGCTGGTCTCGTTTA-1",0
"TGGGAAGAGATATACG-1",8.24320333732919
"TGGGAAGAGCCCAATT-1",1.87049181002277
"TGGGAAGAGCGCTCCA-1",0
"TGGGAAGAGGGCTTCC-1",0
"TGGGAAGAGTAAGTAC-1",4.63981921190245
"TGGGAAGAGTTAACGA-1",1.95557205996705
"TGGGAAGCAAGGTGTG-1",11.7196106803552
"TGGGAAGCAGATCCAT-1",1.23935510409886
"TGGGAAGCAGCGAACA-1",0
"TGGGAAGGTAAGTTCC-1",0
"TGGGAAGGTTAGATGA-1",1.95401084829981
"TGGGAAGGTTATTCTC-1",0
"TGGGAAGTCCCAAGAT-1",0
"TGGGAAGTCCTTCAAT-1",0
"TGGGAAGTCGTGGACC-1",3.69156580490035
"TGGGAAGTCTCCTATA-1",1.3936137675001
"TGGGCGTAGTCTCCTC-1",7.10358502211124
"TGGGCGTCAGACGTAG-1",1.86263667233504
"TGGGCGTCAGGGATTG-1",1.53165274644865
"TGGGCGTGTCCAAGTT-1",0
"TGGGCGTGTCTAGAGG-1",1.74734361007703
"TGGGCGTGTGGCTCCA-1",0
"TGGGCGTGTTTCGCTC-1",2.1336948960358
"TGGGCGTTCAGCTTAG-1",3.82092813888912
"TGGTTAGAGCTACCTA-1",1.85531989622198
"TGGTTAGAGTTAGGTA-1",3.80562253414491
"TGGTTAGGTGATGATA-1",11.9158689587314
"TGGTTAGGTTCACGGC-1",0
"TGGTTAGTCCCGACTT-1",1.95557205996705
"TGGTTAGTCTTGTATC-1",7.09000271544109
"TGGTTCCAGCCGTCGT-1",0
"TGGTTCCAGTAATCCC-1",0
"TGGTTCCCAAGTTGTC-1",0
"TGGTTCCCAGACAAAT-1",7.09000271544109
"TGGTTCCCAGACAGGT-1",3.00481228606655
"TGGTTCCCAGCTCGAC-1",4.02694698515241
"TGGTTCCCATGTCCTC-1",1.49626999036477
"TGGTTCCCATTTCACT-1",0
"TGGTTCCGTCCAAGTT-1",0
"TGGTTCCTCACATACG-1",0
"TGGTTCCTCAGCTTAG-1",0
"TGGTTCCTCTAACTTC-1",1.83912088163114
"TGGTTCCTCTAGAGTC-1",3.69156580490035
"TGGTTCCTCTGGGCCA-1",1.94010412181633
"TGTATTCAGCCCGAAA-1",0
"TGTATTCAGCGATCCC-1",5.13945272385525
"TGTATTCCAGGGCATA-1",0
"TGTATTCGTAAGAGAG-1",0
"TGTATTCGTTTGTTTC-1",1.84897736262192
"TGTATTCTCAGCATGT-1",2.22655458198837
"TGTATTCTCATCTGTT-1",3.36127663362806
"TGTCCCAAGCAGATCG-1",4.63981921190245
"TGTCCCAAGCTAGTTC-1",0
"TGTCCCAAGCTGAACG-1",0
"TGTCCCAAGTTGTCGT-1",0
"TGTCCCACAGTAAGCG-1",1.71148987556376
"TGTCCCACATCACGTA-1",0
"TGTCCCAGTAAGAGGA-1",1.30083660875699
"TGTCCCAGTAAGTGGC-1",3.86817930380397
"TGTCCCAGTCGGATCC-1",1.64728693860102
"TGTCCCATCATTTGGG-1",0
"TGTCCCATCTGCAAGT-1",0
"TGTCCCATCTGCGTAA-1",3.00481228606655
"TGTGGTAGTCCCGACA-1",0
"TGTGGTAGTGTGAAAT-1",0
"TGTGGTAGTGTGACGA-1",0
"TGTGGTATCCAGGGCT-1",0
"TGTGGTATCTTGCATT-1",2.42986315757899
"TGTGTTTAGAGGTTAT-1",1.3936137675001
"TGTGTTTAGCGTGAGT-1",0
"TGTGTTTAGTGCGTGA-1",0
"TGTGTTTCATGCGCAC-1",3.83984593064674
"TGTGTTTTCTCATTCA-1",0
"TGTGTTTTCTTTCCTC-1",1.51982575374441
"TGTTCCGAGAGCAATT-1",15.3648062336973
"TGTTCCGAGCAACGGT-1",1.49788542652835
"TGTTCCGAGGAATTAC-1",4.55550077592743
"TGTTCCGAGGACTGGT-1",0
"TGTTCCGCAGTGAGTG-1",0
"TGTTCCGGTGAGTATA-1",0
"TGTTCCGTCAAGCCTA-1",2.47870084007854
"TGTTCCGTCAGTTCGA-1",1.45717390144193
"TGTTCCGTCGGCGGTT-1",2.2906131819356
"TGTTCCGTCTGAAAGA-1",0
"TGTTCCGTCTGGTATG-1",1.66756079844358
"TTAACTCAGTGTACGG-1",2.61556187482269
"TTAACTCCAAGCGCTC-1",3.00481228606655
"TTAACTCCAGGCAGTA-1",1.71971756500341
"TTAACTCGTTCCACAA-1",1.58339518249613
"TTAACTCTCATAAAGG-1",1.74734361007703
"TTAACTCTCCCTCAGT-1",2.1336948960358
"TTAGGACAGCAGGCTA-1",3.31674213315032
"TTAGGACAGCTCTCGG-1",0
"TTAGGACCAAGCCATT-1",1.95089811949327
"TTAGGACCAGTCAGAG-1",0
"TTAGGACGTTTGTTTC-1",0
"TTAGGCAAGAAGATTC-1",0
"TTAGGCAAGAGCCCAA-1",0
"TTAGGCAAGAGTGACC-1",0
"TTAGGCAAGGTTCCTA-1",0
"TTAGGCAAGTCGTTTG-1",0
"TTAGGCAAGTGTACCT-1",2.8904634961405
"TTAGGCACAGACGCTC-1",15.6125834255361
"TTAGGCACATGTTCCC-1",7.73487919090858
"TTAGGCAGTAAGGATT-1",0
"TTAGGCAGTAAGTAGT-1",1.78100756679089
"TTAGGCAGTCTTGATG-1",0
"TTAGGCATCACGCATA-1",1.38054700437752
"TTAGGCATCAGTCAGT-1",2.8904634961405
"TTAGGCATCCAGTATG-1",15.6125834255361
"TTAGGCATCGTTACGA-1",0
"TTAGTTCAGGTGCAAC-1",0
"TTAGTTCCAATGTAAG-1",1.65170237368734
"TTAGTTCCATCCTTGC-1",1.30083660875699
"TTAGTTCGTAGCCTAT-1",0
"TTAGTTCGTGCAGACA-1",3.86852712790909
"TTAGTTCGTGTCAATC-1",4.20672000600408
"TTAGTTCGTTGCCTCT-1",2.78651413297186
"TTAGTTCTCAGGCCCA-1",2.00619944541362
"TTAGTTCTCGCAGGCT-1",2.22290078480014
"TTAGTTCTCTACTATC-1",13.9161244624594
"TTATGCTAGAATGTGT-1",17.8733930860823
"TTATGCTAGCACACAG-1",8.86540234359906
"TTATGCTAGCAGCCTC-1",1.44764588007413
"TTATGCTAGTCCCACG-1",2.22655458198837
"TTATGCTCAGCCAGAA-1",1.74734361007703
"TTATGCTCATACCATG-1",1.86217722080732
"TTATGCTCATGTAGTC-1",1.87281826504998
"TTATGCTGTCCGAGTC-1",1.69568501583596
"TTATGCTTCGATAGAA-1",1.63023814234886
"TTCCCAGAGAATTCCC-1",0
"TTCCCAGAGACTAGAT-1",1.52712153324676
"TTCCCAGAGTATCGAA-1",8.48415528826718
"TTCCCAGCAGATGGGT-1",3.27103590868417
"TTCCCAGCATCAGTAC-1",0
"TTCCCAGCATCTCCCA-1",3.66566408793362
"TTCCCAGCATTACCTT-1",1.66756079844358
"TTCCCAGTCAACACTG-1",1.934005246549
"TTCCCAGTCGAGAGCA-1",5.46872726455832
"TTCGAAGAGTCTCAAC-1",0
"TTCGAAGCAAGCGCTC-1",3.40470298924731
"TTCGAAGCACATTAGC-1",0
"TTCGAAGCACGGTGTC-1",9.88648656184613
"TTCGGTCAGAGGACGG-1",0
"TTCGGTCAGCACACAG-1",0
"TTCGGTCAGGCCCTCA-1",3.10835233870886
"TTCGGTCAGTGAATTG-1",0
"TTCGGTCAGTTGAGAT-1",3.87023972708973
"TTCGGTCCAAGGGTCA-1",9.67071564482662
"TTCGGTCCACGTCAGC-1",0
"TTCGGTCGTAACGTTC-1",0
"TTCGGTCGTAGAGTGC-1",0
"TTCGGTCGTTCATGGT-1",0
"TTCGGTCGTTCTGTTT-1",0
"TTCGGTCTCAAAGACA-1",0
"TTCGGTCTCCAGTATG-1",1.3936137675001
"TTCGGTCTCGCGTTTC-1",1.37677047960864
"TTCGGTCTCGTCTGAA-1",0
"TTCTACAAGACTAAGT-1",4.08620295556952
"TTCTACAAGCAGCCTC-1",3.86817930380397
"TTCTACAAGCCTTGAT-1",0
"TTCTACAAGGCAGGTT-1",0
"TTCTACAAGGTAAACT-1",3.54200973952745
"TTCTACAAGTTAGGTA-1",3.21788743381855
"TTCTACACACGTGAGA-1",1.40766922070462
"TTCTACACAGCTGTTA-1",0
"TTCTACACATCGATTG-1",1.87281826504998
"TTCTACACATTACGAC-1",3.18711576060828
"TTCTACAGTACCGTTA-1",0
"TTCTACAGTATATGAG-1",3.22469169903664
"TTCTACAGTGGCTCCA-1",1.71971756500341
"TTCTACATCAACGGGA-1",0
"TTCTACATCCGCGTTT-1",2.02366296411885
"TTCTCAAAGAAAGTGG-1",2.76719754766386
"TTCTCAAAGAATCTCC-1",3.87023972708973
"TTCTCAAAGAGGTTAT-1",7.21931976280436
"TTCTCAAAGCAGCCTC-1",0
"TTCTCAAAGCCGCCTA-1",1.78100756679089
"TTCTCAAAGTCAATAG-1",0
"TTCTCAAAGTTGAGAT-1",3.22029669650764
"TTCTCAACACCCAGTG-1",0
"TTCTCAACATTGTGCA-1",2.8670874628081
"TTCTCAAGTATAAACG-1",0
"TTCTCAAGTCCCTTGT-1",3.34995570735227
"TTCTCAAGTCGAGATG-1",1.44714843721857
"TTCTCAATCATCGCTC-1",0
"TTCTCAATCCCTAACC-1",2.47870084007854
"TTCTCAATCGTAGGAG-1",3.83984593064674
"TTCTCCTAGAGTAAGG-1",0
"TTCTCCTAGCGACGTA-1",3.70047510819865
"TTCTCCTAGCGTGAGT-1",3.21788743381855
"TTCTCCTAGTCTCGGC-1",0
"TTCTCCTCAACACGCC-1",0
"TTCTCCTCAATAACGA-1",2.24786575859805
"TTCTCCTGTTAAGAAC-1",7.74057362917078
"TTCTCCTTCAGTTCGA-1",1.77650710215293
"TTCTCCTTCCGTAGGC-1",3.22029669650764
"TTCTCCTTCCTTTCTC-1",1.45717390144193
"TTCTCCTTCTGCAAGT-1",1.87281826504998
"TTCTCCTTCTTCAACT-1",0
"TTCTCCTTCTTGTACT-1",0
"TTCTTAGAGGACTGGT-1",0
"TTCTTAGCAAGGTGTG-1",1.75521459864998
"TTCTTAGCATCGGAAG-1",0
"TTCTTAGGTAGAAGGA-1",0
"TTCTTAGGTCATATGC-1",1.95557205996705
"TTCTTAGTCAGTTCGA-1",3.07232207066254
"TTGAACGGTCACTTCC-1",0
"TTGAACGTCATGTCCC-1",0
"TTGACTTAGCCACGTC-1",0
"TTGACTTAGCGACGTA-1",0
"TTGACTTAGTTAACGA-1",0
"TTGACTTCACTTACGA-1",4.83039152173823
"TTGACTTGTCTCTCTG-1",1.95401084829981
"TTGACTTGTGCGATAG-1",8.48415528826718
"TTGACTTTCCAGAGGA-1",1.50520617489663
"TTGACTTTCTGTCCGT-1",0
"TTGCCGTAGGAGCGTT-1",0
"TTGCCGTAGGTGGGTT-1",1.9365404041865
"TTGCCGTCATGGTCAT-1",1.71148987556376
"TTGCGTCAGACAGAGA-1",0
"TTGCGTCAGCTCCTTC-1",2.42986315757899
"TTGCGTCAGTCCATAC-1",8.86540234359906
"TTGCGTCAGTGAATTG-1",0
"TTGCGTCCAAATTGCC-1",0
"TTGCGTCCACTGTGTA-1",0
"TTGCGTCCAGTCACTA-1",6.48430778792738
"TTGCGTCGTCTGATTG-1",2.00619944541362
"TTGGAACAGCCCAATT-1",9.67071564482662
"TTGGAACAGCGTCTAT-1",4.62871766216977
"TTGGAACAGGCGTACA-1",1.9365404041865
"TTGGAACGTATTACCG-1",0
"TTGGAACTCCCATTAT-1",7.44679666041693
"TTGGAACTCCGTAGTA-1",1.90375129004809
"TTGGAACTCGTCCAGG-1",1.93147865920373
"TTGGCAAAGTTAGGTA-1",2.76719754766386
"TTGGCAAGTATAGGTA-1",1.37677047960864
"TTGGCAATCACATGCA-1",0
"TTGGCAATCAGAGCTT-1",0
"TTGGCAATCGCATGAT-1",1.49815506628049
"TTGGCAATCTAGAGTC-1",3.27103590868417
"TTGTAGGAGGTGCTAG-1",3.07360640050375
"TTGTAGGCACACGCTG-1",0
"TTGTAGGGTCTCCCTA-1",7.10358502211124
"TTGTAGGGTGGTAACG-1",1.77650710215293
"TTGTAGGTCGGCGCTA-1",0
"TTGTAGGTCTGCCAGG-1",2.05151276615483
"TTTACTGAGATCACGG-1",1.72386818199627
"TTTACTGCAAAGCAAT-1",1.95557205996705
"TTTACTGCACATGGGA-1",1.7360849798154
"TTTACTGCACCACGTG-1",7.73487919090858
"TTTACTGCATGGGACA-1",0
"TTTACTGCATGTCCTC-1",1.95557205996705
"TTTACTGGTAACGTTC-1",0
"TTTACTGGTGGTGTAG-1",3.97846054023424
"TTTACTGGTTCGCTAA-1",0
"TTTACTGTCTGGAGCC-1",4.04410077735364
"TTTATGCAGACTGTAA-1",10.2702408365644
"TTTATGCAGATGCGAC-1",0
"TTTATGCAGGCAAAGA-1",0
"TTTATGCAGGCCCGTT-1",3.36127663362806
"TTTATGCAGTTCCACA-1",0
"TTTATGCCAAACGCGA-1",1.95401084829981
"TTTATGCCAATCTGCA-1",1.45717390144193
"TTTATGCCACAGGTTT-1",7.21931976280436
"TTTATGCCAGCCAATT-1",0
"TTTATGCCAGGTCGTC-1",4.04410077735364
"TTTATGCCATGGTCAT-1",0
"TTTATGCTCACATAGC-1",0
"TTTATGCTCACCTTAT-1",1.40766922070462
"TTTATGCTCGGCGGTT-1",3.22842196851333
"TTTATGCTCTCGCTTG-1",1.50520617489663
"TTTCCTCAGCGTGAAC-1",0
"TTTCCTCAGGACTGGT-1",0
"TTTCCTCCAAAGTGCG-1",3.83984593064674
"TTTCCTCCAGGAATGC-1",0
"TTTCCTCCATTAGCCA-1",0
"TTTCCTCGTCCGAAGA-1",7.6336461581383
"TTTCCTCGTCGCTTTC-1",3.33567607243556
"TTTCCTCTCGGCCGAT-1",0
"TTTCCTCTCGTGTAGT-1",1.9365404041865
"TTTGCGCAGCTAAACA-1",1.90375129004809
"TTTGCGCAGCTAGTCT-1",3.86852712790909
"TTTGCGCAGGCCGAAT-1",0
"TTTGCGCAGTCAAGGC-1",0
"TTTGCGCCAAGTAGTA-1",3.86852712790909
"TTTGCGCCAGGTGCCT-1",1.45717390144193
"TTTGCGCGTCTAAACC-1",3.86852712790909
"TTTGCGCTCAAAGTAG-1",1.74734361007703
"TTTGCGCTCATGTAGC-1",7.6336461581383
"TTTGGTTAGAATGTGT-1",0
"TTTGGTTAGACAATAC-1",9.67071564482662
"TTTGGTTAGCGATTCT-1",1.47511630303706
"TTTGGTTAGGCTCAGA-1",10.134263753685
"TTTGGTTAGTTACCCA-1",1.75481895374561
"TTTGGTTCAAACTGCT-1",2.22290078480014
"TTTGGTTCAAGCTGTT-1",2.47603977637741
"TTTGGTTCAGATCGGA-1",1.75481895374561
"TTTGGTTCATCACAAC-1",2.79782606089191
"TTTGGTTGTACTTCTT-1",2.22290078480014
"TTTGGTTGTATGCTTG-1",0
"TTTGGTTGTGCTTCTC-1",18.6258913506905
"TTTGGTTTCATGCTCC-1",1.21748716206614
"TTTGGTTTCCCTGACT-1",1.59959109262016
"TTTGTCAAGAGTCGGT-1",0
"TTTGTCACAAGTTCTG-1",3.88357617531639
"TTTGTCACAAGTTGTC-1",2.21085096477858
"TTTGTCATCACCTTAT-1",0
"TTTGTCATCCATTCTA-1",1.53165274644865
"TTTGTCATCCTTAATC-1",14.4128166801567
"TTTGTCATCTTATCTG-1",0
