"cell_barcode","expression"
"AAACCTGAGACAGAGA-1",4.94575210349894
"AAACCTGAGACTTTCG-1",8.87826341841751
"AAACCTGAGAGTAAGG-1",6.47324432447391
"AAACCTGAGAGTCGGT-1",9.79950955744326
"AAACCTGAGGATGGAA-1",0
"AAACCTGAGTAGATGT-1",0
"AAACCTGCAATCAGAA-1",6.46544519877353
"AAACCTGCACCGATAT-1",0
"AAACCTGCAGACGTAG-1",1.2672350011039
"AAACCTGCAGTATCTG-1",2.83762653462923
"AAACCTGCATAGTAAG-1",0
"AAACCTGCATGAACCT-1",8.15718100161618
"AAACCTGGTAAGAGGA-1",4.23373063524973
"AAACCTGGTCCAACTA-1",1.95226897900981
"AAACCTGTCCGTAGTA-1",1.20851858622415
"AAACCTGTCGAGAGCA-1",0
"AAACGGGAGTACGACG-1",2.54560039204683
"AAACGGGCAAGGTTTC-1",1.52627547128452
"AAACGGGCACGTCAGC-1",6.16595900364689
"AAACGGGCAGCGTTCG-1",6.16595900364689
"AAACGGGGTAGCCTCG-1",0
"AAACGGGGTCTACCTC-1",3.35968020847517
"AAACGGGGTGCGGTAA-1",6.92699796674891
"AAACGGGGTTGTCGCG-1",1.2672350011039
"AAACGGGTCCATGAGT-1",0
"AAACGGGTCCCAACGG-1",0
"AAACGGGTCCCATTAT-1",6.84477527290054
"AAAGATGCAGTCAGCC-1",0
"AAAGATGCATCTACGA-1",1.93908418398491
"AAAGCAAAGCGTCTAT-1",6.59896674942295
"AAAGCAACATGTCGAT-1",3.67435110143523
"AAAGCAAGTAGCTGCC-1",5.80797850703296
"AAAGCAAGTAGGCATG-1",5.82165964988428
"AAAGCAAGTGCGCTTG-1",1.73301070682149
"AAAGCAAGTTATTCTC-1",1.59300264994819
"AAAGCAATCCGTAGTA-1",4.68475305907221
"AAAGTAGAGATGTGTA-1",8.85260782564993
"AAAGTAGAGTGGGCTA-1",0
"AAAGTAGGTATATGGA-1",0
"AAAGTAGGTGAGCGAT-1",11.6002888013944
"AAAGTAGGTTGAGGTG-1",14.9090452898787
"AAATGCCAGCCCTAAT-1",3.02900673037218
"AAATGCCAGCGTGTCC-1",0
"AAATGCCCAACACCTA-1",3.09101684079267
"AAATGCCGTAGGAGTC-1",4.21114626136754
"AAATGCCGTCTTTCAT-1",1.74188585581586
"AAATGCCGTGGTCCGT-1",10.1133296715622
"AAATGCCGTTCCCGAG-1",1.86493826954485
"AAATGCCTCATAGCAC-1",0
"AAATGCCTCGCTTAGA-1",0
"AACACGTAGAATTCCC-1",0.960461950187293
"AACACGTAGCCCTAAT-1",3.62218111578261
"AACACGTAGGGTGTGT-1",1.75600655495005
"AACACGTCACTGTCGG-1",0
"AACACGTCATCCCATC-1",0
"AACACGTGTGCAACGA-1",0
"AACACGTGTGTCGCTG-1",0
"AACCATGAGCGCTTAT-1",3.77361754587793
"AACCATGGTCCGTTAA-1",5.80797850703296
"AACCATGTCAGTTCGA-1",0
"AACCATGTCATCGATG-1",4.25832436456228
"AACCATGTCCCAAGTA-1",1.59300264994819
"AACCGCGAGAAGCCCA-1",0
"AACCGCGAGACTGGGT-1",1.59300264994819
"AACCGCGAGAGGTACC-1",6.10379623725766
"AACCGCGAGTTAGGTA-1",6.47673436800633
"AACCGCGAGTTGCAGG-1",8.21550226755191
"AACCGCGCACGGTAGA-1",12.9916675743294
"AACCGCGCAGCATGAG-1",1.56698711140539
"AACCGCGCAGCCTGTG-1",4.32666293096585
"AACCGCGCAGCTGTGC-1",3.90325902427199
"AACCGCGCAGTATGCT-1",0
"AACCGCGGTACTTGAC-1",5.14237984438119
"AACCGCGGTCTGCAAT-1",1.52066335423564
"AACCGCGTCACATGCA-1",0
"AACCGCGTCACCGTAA-1",5.47047244332028
"AACCGCGTCCAGAGGA-1",9.655045937533
"AACCGCGTCCGAAGAG-1",15.672068203532
"AACGTTGAGCGATAGC-1",0
"AACGTTGAGCGATCCC-1",2.06042627556635
"AACGTTGAGCTTATCG-1",3.90325902427199
"AACGTTGCAAGTTGTC-1",1.62661684555831
"AACGTTGCAATAGAGT-1",1.95226897900981
"AACGTTGCAATGGATA-1",1.77528463202455
"AACGTTGCATGGATGG-1",0
"AACGTTGCATTCTCAT-1",2.98782108258746
"AACGTTGTCAACACGT-1",1.47226247772145
"AACGTTGTCGAGGTAG-1",2.68565277363507
"AACGTTGTCGGTCCGA-1",1.52627547128452
"AACTCAGAGAGCTATA-1",4.79416915428882
"AACTCAGAGAGTCGGT-1",1.52627547128452
"AACTCAGAGCCACCTG-1",3.46273295695836
"AACTCAGAGCCCAATT-1",0
"AACTCAGCAAACAACA-1",4.79716690628091
"AACTCAGCACAAGCCC-1",0
"AACTCAGCACGGTTTA-1",3.01641767783144
"AACTCAGCAGGATCGA-1",0
"AACTCAGCATAAAGGT-1",1.81763797610274
"AACTCAGGTTCCACAA-1",6.73537995023514
"AACTCAGTCGTACCGG-1",0
"AACTCCCAGCCCAGCT-1",1.81763797610274
"AACTCCCAGCTAAGAT-1",6.73537995023514
"AACTCCCCATGGTCTA-1",1.52066335423564
"AACTCCCGTTGCGCAC-1",11.6002888013944
"AACTCCCTCAAGAAGT-1",3.36709521235664
"AACTCCCTCAAGCCTA-1",5.19347472449711
"AACTCCCTCATCGCTC-1",0
"AACTCCCTCTGCAGTA-1",1.46749198114847
"AACTCCCTCTGGCGTG-1",0
"AACTCTTAGCAGACTG-1",0
"AACTCTTAGTCCGGTC-1",2.1091374238726
"AACTCTTCATGCTAGT-1",9.42589007726579
"AACTCTTGTCGAATCT-1",5.06188273391226
"AACTCTTGTCGGGTCT-1",6.92699796674891
"AACTCTTTCTCAAACG-1",4.96382047890509
"AACTCTTTCTCCAGGG-1",1.23466912725005
"AACTCTTTCTCTGCTG-1",3.47519541334045
"AACTGGTAGAAGATTC-1",5.85926046452264
"AACTGGTAGAGACTAT-1",0
"AACTGGTAGCCAACAG-1",9.79950955744326
"AACTGGTAGTGTACTC-1",6.63713006006345
"AACTGGTCACTGAAGG-1",1.67246144572645
"AACTGGTGTCCGAACC-1",1.91996529756053
"AACTGGTTCGGAGCAA-1",4.21114626136754
"AACTGGTTCGTGGGAA-1",5.22343029539466
"AACTGGTTCTGCTTGC-1",8.04404645609202
"AACTTTCAGCGTGAAC-1",8.42746381660257
"AACTTTCAGTATCTCG-1",4.41366696662209
"AACTTTCAGTTTCCTT-1",3.82699913329832
"AACTTTCCATCCTTGC-1",2.03862302633411
"AACTTTCGTCTAGAGG-1",8.43432059569411
"AACTTTCGTCTCTTTA-1",5.85926046452264
"AACTTTCGTTTGTTTC-1",0
"AAGACCTAGGGCTTCC-1",9.42589007726579
"AAGACCTAGTACACCT-1",5.58480494265941
"AAGACCTGTATATGAG-1",1.86678477415487
"AAGACCTGTATCAGTC-1",1.97136480093404
"AAGACCTGTCCGTGAC-1",5.12524578589663
"AAGACCTGTCGAAAGC-1",6.47324432447391
"AAGACCTTCGCCATAA-1",0
"AAGCCGCAGATCTGAA-1",5.8990676557085
"AAGCCGCAGGGTGTTG-1",5.80797850703296
"AAGCCGCAGTGGACGT-1",5.3286549487423
"AAGCCGCAGTGTACTC-1",1.87561978493154
"AAGCCGCCACGCTTTC-1",2.57506183776122
"AAGCCGCCAGGACGTA-1",2.7523085483578
"AAGCCGCGTACAGTTC-1",1.62661684555831
"AAGCCGCGTCATTAGC-1",3.09101684079267
"AAGCCGCTCACGAAGG-1",3.05812082563435
"AAGCCGCTCAGTTAGC-1",0
"AAGCCGCTCGCAAACT-1",9.95474078638653
"AAGCCGCTCGTCGTTC-1",4.23958542152754
"AAGCCGCTCTTACCGC-1",0
"AAGGAGCAGAAACCGC-1",8.77200424198525
"AAGGAGCAGGCATGTG-1",1.52066335423564
"AAGGAGCAGGCGCTCT-1",5.71503276698014
"AAGGAGCAGTTGAGTA-1",2.68565277363507
"AAGGAGCCACGGCGTT-1",3.71937816479703
"AAGGAGCGTCTGCAAT-1",8.6319213377094
"AAGGAGCTCGTCTGCT-1",14.5912586669496
"AAGGCAGAGAACTGTA-1",1.23466912725005
"AAGGCAGAGAGATGAG-1",3.90325902427199
"AAGGCAGAGGTGATAT-1",6.15099985693946
"AAGGCAGCATAGTAAG-1",4.16342973535429
"AAGGCAGGTACTTCTT-1",2.57506183776122
"AAGGCAGGTGTGCCTG-1",0
"AAGGCAGTCAGATAAG-1",0
"AAGGCAGTCGGAATCT-1",0
"AAGGTTCAGTATCTCG-1",0
"AAGGTTCCATCACGTA-1",0
"AAGGTTCGTATATGGA-1",0
"AAGGTTCGTCCGAATT-1",2.23845135518417
"AAGGTTCGTCGACTAT-1",4.28004021190118
"AAGGTTCGTGTGACCC-1",7.31483046828159
"AAGGTTCTCCGTCATC-1",0
"AAGGTTCTCCTCGCAT-1",1.52066335423564
"AAGGTTCTCTGCGGCA-1",1.81763797610274
"AAGTCTGAGCCATCGC-1",0
"AAGTCTGAGTCAAGCG-1",6.63713006006345
"AAGTCTGCAAAGGAAG-1",3.35968020847517
"AAGTCTGGTCAGCTAT-1",3.38868055026287
"AAGTCTGTCAAACAAG-1",8.77200424198525
"AAGTCTGTCACTGGGC-1",5.12524578589663
"AAGTCTGTCAGCAACT-1",5.50104551234126
"AATCCAGCAAAGTGCG-1",3.62218111578261
"AATCCAGCAGCATACT-1",0
"AATCCAGGTAGGCATG-1",3.46273295695836
"AATCCAGGTCTCCCTA-1",12.9697810627829
"AATCCAGTCCGAATGT-1",0.960461950187293
"AATCGGTAGGCATGGT-1",0
"AATCGGTTCCTGTACC-1",4.75203144559449
"AATCGGTTCGCCGTGA-1",2.99268431400609
"ACACCAAAGATGAGAG-1",4.57097260439952
"ACACCAAAGCCCTAAT-1",3.69776819065941
"ACACCAAAGGATGGTC-1",0
"ACACCAAAGTGTCCAT-1",1.46326769867346
"ACACCAACACTTCGAA-1",6.46544519877353
"ACACCAACAGACGCTC-1",1.86493826954485
"ACACCAACAGCCTATA-1",1.20851858622415
"ACACCAAGTCGCGTGT-1",3.22321444264246
"ACACCAAGTCTAAACC-1",4.79716690628091
"ACACCAAGTTATGTGC-1",7.57012733242481
"ACACCAATCGCGTTTC-1",1.74188585581586
"ACACCCTAGCCAGGAT-1",0.960461950187293
"ACACCCTAGTACTTGC-1",0
"ACACCCTCAAGCGCTC-1",8.43432059569411
"ACACCCTCATCACAAC-1",11.3162557944014
"ACACCCTCATGCCCGA-1",11.8797137718825
"ACACCCTGTCTGGTCG-1",1.79468210501893
"ACACCCTTCCGCAAGC-1",2.86655990156431
"ACACCCTTCCTTGCCA-1",3.09101684079267
"ACACCCTTCTATCCTA-1",4.26522707961582
"ACACCCTTCTGGCGTG-1",1.86493826954485
"ACACCGGAGGCTCAGA-1",5.82165964988428
"ACACCGGAGTGACATA-1",8.06385656908813
"ACACCGGAGTTACCCA-1",2.52677652961616
"ACACCGGCACCAGATT-1",1.23466912725005
"ACACCGGCACCGAAAG-1",0
"ACACCGGCATCACAAC-1",0
"ACACCGGTCCGCATAA-1",0
"ACACCGGTCTCGGACG-1",0
"ACACCGGTCTCTGTCG-1",4.493588403658
"ACACTGAAGCACGCCT-1",8.77200424198525
"ACACTGAAGGTGATTA-1",2.89127948768423
"ACACTGACAATAGAGT-1",0
"ACACTGACAGACTCGC-1",3.33991533259042
"ACACTGACATCCAACA-1",6.42625429150684
"ACACTGAGTCCGAAGA-1",1.77528463202455
"ACACTGAGTGTTTGTG-1",3.09101684079267
"ACACTGAGTTTGACTG-1",0
"ACAGCCGAGGAATGGA-1",7.57012733242481
"ACAGCCGAGGCCCGTT-1",1.76799370265536
"ACAGCCGAGGTGCTTT-1",1.46326769867346
"ACAGCCGAGTGGTAGC-1",1.73301070682149
"ACAGCCGCATATACGC-1",1.77650710215293
"ACAGCCGCATGCAACT-1",1.28227877722513
"ACAGCCGGTAGGGTAC-1",7.91210163855404
"ACAGCCGGTCGAATCT-1",3.335133367815
"ACAGCCGGTTCACCTC-1",1.28227877722513
"ACAGCCGGTTCCACTC-1",0
"ACAGCCGTCCAGAAGG-1",2.83762653462923
"ACAGCCGTCTTTACAC-1",1.26504015021883
"ACAGCTAAGCACCGCT-1",8.06385656908813
"ACAGCTAAGTATCTCG-1",0
"ACAGCTAAGTGTTGAA-1",11.1315902107244
"ACAGCTACATCGTCGG-1",4.29284717463135
"ACAGCTAGTCGACTAT-1",8.45488946071357
"ACAGCTAGTGGTACAG-1",4.79716690628091
"ACAGCTATCACCACCT-1",9.72214313708898
"ACAGCTATCTGCTTGC-1",5.50104551234126
"ACATACGAGAGCTTCT-1",1.74656133085108
"ACATACGAGCGTAGTG-1",3.335133367815
"ACATACGAGCTTCGCG-1",0
"ACATACGAGCTTTGGT-1",1.73301070682149
"ACATACGCAAACGTGG-1",0
"ACATACGCAAGCCTAT-1",3.58257537539579
"ACATACGCATCTCCCA-1",6.44368752865336
"ACATACGCATTCTCAT-1",2.57506183776122
"ACATACGGTAGGAGTC-1",1.86125918309788
"ACATACGGTGCACCAC-1",0
"ACATACGGTGGTTTCA-1",1.16397646005212
"ACATACGTCGTATCAG-1",4.28004021190118
"ACATCAGAGCCACTAT-1",1.52234184406307
"ACATCAGAGCCTTGAT-1",0
"ACATCAGCAACACCCG-1",2.99268431400609
"ACATCAGCAACGATGG-1",1.46326769867346
"ACATCAGCAATTGCTG-1",9.18689724599824
"ACATCAGCACCGGAAA-1",4.79416915428882
"ACATCAGCATAAAGGT-1",5.82165964988428
"ACATCAGCATCCCACT-1",4.493588403658
"ACATCAGCATTTGCCC-1",1.46749198114847
"ACATCAGGTAAGGATT-1",0
"ACATCAGGTCCGTGAC-1",5.11591394811963
"ACATCAGGTTAAGTAG-1",11.4352533925287
"ACATCAGTCAAACCGT-1",6.84477527290053
"ACATGGTAGCATGGCA-1",5.8990676557085
"ACATGGTAGCTGTTCA-1",10.7558732720073
"ACATGGTCACTTGGAT-1",5.86154057900725
"ACATGGTGTCAGATAA-1",0
"ACATGGTGTCTGCGGT-1",12.9697810627829
"ACATGGTGTGCAACTT-1",13.7235083166743
"ACATGGTTCCGCAAGC-1",1.67457252647143
"ACATGGTTCCTCCTAG-1",4.18807843565441
"ACATGGTTCTGGAGCC-1",4.28004021190118
"ACATGGTTCTTCTGGC-1",3.06246286027403
"ACCAGTAAGATCACGG-1",1.97136480093404
"ACCAGTAAGCTTCGCG-1",5.88939351770544
"ACCAGTACACAGATTC-1",5.4361550064127
"ACCAGTACACAGGCCT-1",0
"ACCAGTACAGTATGCT-1",0
"ACCAGTACAGTCAGAG-1",4.23958542152754
"ACCAGTACAGTTTACG-1",1.52066335423564
"ACCAGTAGTCACCCAG-1",5.19347472449711
"ACCAGTAGTCCATCCT-1",0
"ACCAGTAGTCTTCAAG-1",6.46544519877353
"ACCAGTAGTGGACGAT-1",3.30108120301863
"ACCAGTATCTGCGACG-1",1.86125918309788
"ACCAGTATCTGCTTGC-1",3.88539305508974
"ACCAGTATCTGTTTGT-1",11.1315902107244
"ACCCACTAGAGGTTAT-1",3.02900673037218
"ACCCACTAGATCCCGC-1",2.43306232984437
"ACCCACTAGATGTGTA-1",2.70451323198122
"ACCCACTAGCCCAATT-1",1.49519531482676
"ACCCACTCAAGGGTCA-1",3.67435110143523
"ACCCACTCAAGGTTCT-1",5.8990676557085
"ACCCACTGTAAATGAC-1",12.9916675743294
"ACCCACTGTAGCCTCG-1",2.1091374238726
"ACCCACTGTCAAAGAT-1",1.46326769867346
"ACCCACTGTCAATACC-1",1.89553501908368
"ACCCACTGTGTGGTTT-1",9.78076366447516
"ACCCACTTCGCAAACT-1",0
"ACCCACTTCTGCCAGG-1",0
"ACCGTAACAATCGGTT-1",17.4116914059055
"ACCGTAACAATCTACG-1",1.52627547128452
"ACCGTAACAGGTCCAC-1",8.11230912304786
"ACCGTAAGTACAGCAG-1",3.6497649503903
"ACCGTAAGTCATGCAT-1",11.1904691532123
"ACCGTAAGTGAGTGAC-1",11.5095691869658
"ACCGTAAGTTAAGAAC-1",1.52627547128452
"ACCGTAAGTTCCGTCT-1",7.75460249612496
"ACCGTAATCACATAGC-1",5.85926046452264
"ACCGTAATCATGTGGT-1",4.493588403658
"ACCGTAATCTGAAAGA-1",0
"ACCTTTACAATCGGTT-1",0
"ACCTTTACACGGACAA-1",5.88993348474265
"ACCTTTACAGCAGTTT-1",9.93667548517373
"ACCTTTACATGCAACT-1",1.84897736262192
"ACCTTTACATTTCAGG-1",1.46890644327991
"ACCTTTAGTGAACCTT-1",7.57012733242481
"ACCTTTAGTTCCACTC-1",2.52677652961616
"ACCTTTATCTCTAGGA-1",0
"ACGAGCCAGGCAGGTT-1",3.27182731022575
"ACGAGCCCACAGGCCT-1",4.28004021190118
"ACGAGCCCATGGAATA-1",8.77200424198525
"ACGAGCCGTGCACGAA-1",0
"ACGAGCCGTGTGACCC-1",6.59896674942295
"ACGAGCCGTTGGTTTG-1",1.74188585581586
"ACGAGCCTCAGTCCCT-1",9.18195784973587
"ACGAGCCTCGCAAACT-1",10.2240931243985
"ACGAGGACACTACAGT-1",2.83762653462923
"ACGAGGACATGTAGTC-1",2.99268431400609
"ACGAGGAGTACACCGC-1",1.86678477415487
"ACGAGGAGTGCCTGCA-1",7.31483046828159
"ACGAGGAGTTCTGAAC-1",0
"ACGAGGATCTGCGGCA-1",5.19347472449711
"ACGATACAGAGTGACC-1",4.32666293096585
"ACGATACAGCGCCTTG-1",8.96225085645332
"ACGATACCACGTTGGC-1",7.31483046828159
"ACGATACCATTGGGCC-1",2.70930041855765
"ACGATACGTCGAATCT-1",7.21391475144321
"ACGATACTCTGACCTC-1",2.99268431400609
"ACGATGTAGTGCGATG-1",1.56698711140539
"ACGATGTAGTTGAGAT-1",1.59300264994819
"ACGATGTCAACGCACC-1",3.92059056284167
"ACGATGTCACACGCTG-1",0
"ACGATGTGTATTCTCT-1",1.39429742384286
"ACGATGTGTCAGTGGA-1",8.77200424198525
"ACGATGTGTGACTACT-1",10.3414920707583
"ACGATGTGTGTCGCTG-1",9.59565950025231
"ACGATGTTCGCGTAGC-1",0
"ACGATGTTCTCTTATG-1",3.58257537539579
"ACGCAGCAGCGGCTTC-1",7.86564539045319
"ACGCAGCAGCTGCGAA-1",3.05812082563435
"ACGCAGCAGTGTACGG-1",1.49626999036477
"ACGCAGCCACCTCGTT-1",7.22108690915052
"ACGCAGCCATCGACGC-1",0
"ACGCAGCCATTACCTT-1",3.38637878326698
"ACGCAGCGTCCATGAT-1",0
"ACGCAGCGTCTACCTC-1",1.86493826954485
"ACGCAGCGTCTGGTCG-1",3.05812082563435
"ACGCAGCGTGCGATAG-1",4.63365987158338
"ACGCCAGCAAAGCAAT-1",0
"ACGCCAGCAACGCACC-1",4.10398364261105
"ACGCCAGCACGAGAGT-1",9.655045937533
"ACGCCAGCAGTGAGTG-1",0
"ACGCCAGGTGCACTTA-1",1.26504015021883
"ACGCCAGGTGTGCGTC-1",3.65920212275153
"ACGCCAGTCACAGGCC-1",1.81763797610274
"ACGCCAGTCAGTGTTG-1",3.35968020847517
"ACGCCGAAGAAACGCC-1",5.28796466964367
"ACGCCGAAGATCTGCT-1",4.28004021190118
"ACGCCGACAGCCTGTG-1",3.335133367815
"ACGCCGAGTTCCAACA-1",0
"ACGCCGATCCTATGTT-1",0
"ACGCCGATCGCAGGCT-1",4.23958542152754
"ACGCCGATCTTGTATC-1",9.3651877071707
"ACGGAGAAGCCAGTTT-1",1.93908418398491
"ACGGAGACACACATGT-1",1.16397646005212
"ACGGAGACAGCCTGTG-1",1.86125918309788
"ACGGAGACAGCGTAAG-1",4.32666293096585
"ACGGAGACAGTAAGCG-1",4.493588403658
"ACGGAGAGTGTGACGA-1",0
"ACGGAGATCCACGAAT-1",5.58480494265941
"ACGGCCACACATCCAA-1",2.51237107000617
"ACGGCCACACATTCGA-1",2.99268431400609
"ACGGCCAGTACCGTAT-1",0
"ACGGCCAGTGTATGGG-1",0
"ACGGCCATCACGGTTA-1",8.45417433926586
"ACGGCCATCAGTGTTG-1",5.22343029539466
"ACGGCCATCTACTATC-1",3.33991533259042
"ACGGGCTAGGATCGCA-1",4.84795879644684
"ACGGGCTAGGTTCCTA-1",1.46326769867346
"ACGGGCTAGTGGCACA-1",0
"ACGGGCTCATCTGGTA-1",1.97136480093404
"ACGGGCTGTGAGGCTA-1",0
"ACGGGCTTCCGAACGC-1",9.79950955744326
"ACGGGTCAGATGCCAG-1",1.74656133085108
"ACGGGTCCATGATCCA-1",0
"ACGGGTCCATTAGGCT-1",14.549121768527
"ACGGGTCCATTTCACT-1",11.8797137718825
"ACGGGTCGTTAGGGTG-1",2.29301136085359
"ACGGGTCTCAACACCA-1",1.77528463202455
"ACGGGTCTCCACGCAG-1",0
"ACGTCAAAGGGCTTCC-1",1.93908418398491
"ACGTCAAAGTGGTAAT-1",1.59300264994819
"ACGTCAACAACTGCGC-1",8.87331113485995
"ACGTCAACACAAGACG-1",6.07670597906602
"ACGTCAAGTAGCTCCG-1",3.02900673037218
"ACGTCAAGTGTCGCTG-1",1.46749198114847
"ACGTCAAGTTATGCGT-1",2.83762653462923
"ACGTCAATCAACCAAC-1",2.83762653462923
"ACGTCAATCATAACCG-1",0
"ACGTCAATCCAGAAGG-1",2.23845135518417
"ACGTCAATCTAACTCT-1",10.2144595372803
"ACTATCTAGAGGTTAT-1",5.86154057900725
"ACTATCTAGATACACA-1",8.77200424198525
"ACTATCTAGGAGTAGA-1",10.7786004374269
"ACTATCTAGGCATGTG-1",10.5667547808547
"ACTATCTCAAATACAG-1",12.1604861667902
"ACTATCTCAAATTGCC-1",0
"ACTATCTGTAGGGACT-1",1.86678477415487
"ACTATCTGTCGCGTGT-1",1.52627547128452
"ACTATCTGTGCACGAA-1",3.07332205314633
"ACTATCTGTGGTTTCA-1",2.03862302633411
"ACTATCTTCGCCGTGA-1",12.1422388118109
"ACTGAACAGAGTGAGA-1",12.1361294946833
"ACTGAACAGATCCCGC-1",9.78505899628682
"ACTGAACAGGTGATAT-1",8.34226431457212
"ACTGAACCAAAGCGGT-1",12.1422388118109
"ACTGAACCAAGCGAGT-1",0
"ACTGAACCAATTCCTT-1",0
"ACTGAACCAGCTGGCT-1",1.87561978493154
"ACTGAACCAGTCTTCC-1",1.20851858622415
"ACTGAACCATTACCTT-1",4.96748311034993
"ACTGAACGTAAGCACG-1",3.05812082563435
"ACTGAACGTAATCGTC-1",3.35261996131931
"ACTGAACGTCCAGTAT-1",0
"ACTGAACGTCTGATCA-1",3.92059056284167
"ACTGAACTCCCACTTG-1",1.49626999036477
"ACTGAGTAGCCGGTAA-1",0
"ACTGAGTCAGTGGGAT-1",3.33991533259042
"ACTGAGTCATTTGCCC-1",1.95226897900981
"ACTGAGTGTAGAGCTG-1",2.11188975909573
"ACTGAGTGTTGTGGCC-1",9.72214313708898
"ACTGAGTTCAGGTTCA-1",4.32666293096585
"ACTGATGAGACAGACC-1",7.55533741647687
"ACTGATGAGCGGATCA-1",2.51237107000617
"ACTGATGAGGTGCTTT-1",1.23484197164666
"ACTGATGCAGCAGTTT-1",0
"ACTGATGCATCACAAC-1",0
"ACTGATGGTCATGCAT-1",3.35968020847517
"ACTGATGTCACAATGC-1",1.62661684555831
"ACTGATGTCACTCCTG-1",2.06042627556635
"ACTGATGTCCCTGACT-1",0
"ACTGATGTCCGCTGTT-1",6.63713006006345
"ACTGATGTCCGGCACA-1",4.36958816378029
"ACTGATGTCCTATTCA-1",7.11880913512727
"ACTGCTCAGAGCTTCT-1",0
"ACTGCTCAGATGCCTT-1",9.18689724599824
"ACTGCTCCACACCGCA-1",4.57097260439952
"ACTGCTCCAGATGGGT-1",10.5214999708213
"ACTGCTCCATGCCTAA-1",4.28004021190118
"ACTGCTCGTAGGCATG-1",4.79716690628091
"ACTGCTCGTATCACCA-1",2.57506183776122
"ACTGCTCGTCCGAAGA-1",8.45417433926586
"ACTGCTCTCCGAGCCA-1",4.68475305907221
"ACTGTCCAGAGGGCTT-1",9.655045937533
"ACTGTCCAGCAGCGTA-1",2.31368499175886
"ACTGTCCAGGCATGGT-1",1.26504015021883
"ACTGTCCCAAGGTTTC-1",0
"ACTGTCCCAAGTACCT-1",0
"ACTGTCCCAGTATCTG-1",7.37416463524721
"ACTGTCCCATAGAAAC-1",3.62218111578261
"ACTGTCCGTTGAGGTG-1",3.10429630521152
"ACTGTCCTCCACGTGG-1",8.77200424198525
"ACTGTCCTCCTTGGTC-1",6.63713006006345
"ACTGTCCTCTCTGTCG-1",5.90429660759596
"ACTTACTAGCGATAGC-1",12.1422388118109
"ACTTACTAGGGATGGG-1",0
"ACTTACTCACAGACAG-1",2.92437407173017
"ACTTACTCACATTTCT-1",0
"ACTTACTGTACTCAAC-1",8.87826341841751
"ACTTACTGTTCCACAA-1",8.03064994703714
"ACTTACTTCATCGGAT-1",5.32077579204166
"ACTTGTTAGACAAGCC-1",0
"ACTTGTTAGCTAGCCC-1",1.93908418398491
"ACTTGTTAGTTACCCA-1",2.99268431400609
"ACTTGTTCACGACGAA-1",9.3651877071707
"ACTTGTTCACGGCTAC-1",5.19347472449711
"ACTTGTTGTATCGCAT-1",10.2144595372803
"ACTTGTTGTGGTAACG-1",1.46890644327991
"ACTTGTTGTTGTGGAG-1",1.26504015021883
"ACTTGTTTCATCACCC-1",1.81763797610274
"ACTTTCACATGGTCAT-1",1.62661684555831
"ACTTTCAGTGACTACT-1",5.49466279682158
"ACTTTCATCGCCAGCA-1",7.11880913512727
"AGAATAGAGCTGAACG-1",4.33047321679965
"AGAATAGAGCTGTCTA-1",3.63168124108423
"AGAATAGAGGTAGCTG-1",11.1315902107244
"AGAATAGCATGGTCTA-1",0
"AGAATAGGTATTCTCT-1",6.84477527290054
"AGAATAGGTGCGGTAA-1",1.8409030527332
"AGAATAGGTTAAGAAC-1",5.4361550064127
"AGAATAGTCAGGCCCA-1",0
"AGACGTTAGAATGTGT-1",7.91210163855404
"AGACGTTAGCTCCTCT-1",5.96290747519231
"AGACGTTAGTGCCAGA-1",7.57012733242481
"AGACGTTCAGGATCGA-1",1.67246144572645
"AGACGTTGTAGCTGCC-1",1.78801928284575
"AGACGTTGTCTGCAAT-1",2.03862302633411
"AGACGTTGTTCTGTTT-1",2.68565277363507
"AGACGTTTCGCATGGC-1",0
"AGACGTTTCGCTTAGA-1",1.67457252647143
"AGAGCGACAACTTGAC-1",1.73531514495429
"AGAGCGACAAGTACCT-1",1.38998065455509
"AGAGCGACACAACGTT-1",3.33991533259042
"AGAGCGACATGAGCGA-1",0
"AGAGCGAGTCAGTGGA-1",0
"AGAGCGAGTCGACTGC-1",4.57097260439952
"AGAGCGAGTTGAGTTC-1",4.70516637493
"AGAGCGATCGCGTAGC-1",2.1091374238726
"AGAGCGATCTATCCTA-1",9.93667548517373
"AGAGCGATCTCGCTTG-1",0
"AGAGCTTAGCCGTCGT-1",0
"AGAGCTTAGTACACCT-1",2.21085096477858
"AGAGCTTAGTCATGCT-1",8.91330142516346
"AGAGCTTGTAGAGCTG-1",0
"AGAGCTTGTATCACCA-1",3.13726194384262
"AGAGCTTTCACTATTC-1",8.44098478770694
"AGAGCTTTCCTGCAGG-1",1.59300264994819
"AGAGCTTTCGCAAACT-1",7.31483046828159
"AGAGCTTTCGCTTAGA-1",0
"AGAGTGGAGAGCCTAG-1",3.73378214519389
"AGAGTGGAGGCCCTTG-1",3.63168124108423
"AGAGTGGAGGTACTCT-1",6.9025558919269
"AGAGTGGCACAAGACG-1",2.75363536010626
"AGAGTGGCACCTCGTT-1",6.9025558919269
"AGAGTGGCATCCGGGT-1",1.28227877722513
"AGAGTGGCATCTGGTA-1",3.4322219087122
"AGAGTGGGTCAGCTAT-1",0
"AGAGTGGGTCCTCCAT-1",2.68565277363507
"AGAGTGGGTCTAGTCA-1",2.98782108258746
"AGAGTGGGTTACCGAT-1",3.65285464311575
"AGATCTGAGGTGGGTT-1",7.91210163855404
"AGATCTGAGTCAAGGC-1",1.52234184406307
"AGATCTGCAATGTTGC-1",1.73301070682149
"AGATCTGTCGAATCCA-1",7.03632683077892
"AGATCTGTCTGCAGTA-1",5.86154057900725
"AGATTGCAGGCTACGA-1",0
"AGATTGCCACGACGAA-1",1.73301070682149
"AGATTGCCAGATGGGT-1",17.4116914059055
"AGATTGCGTAGAGCTG-1",4.87395920528611
"AGATTGCGTGATGTCT-1",2.57506183776122
"AGATTGCGTGTTCGAT-1",13.1131139946334
"AGATTGCGTTCACGGC-1",3.92059056284167
"AGATTGCTCACTGGGC-1",11.6002888013944
"AGATTGCTCATCTGTT-1",4.05494257047593
"AGCAGCCAGCTGATAA-1",7.31483046828159
"AGCAGCCCACCGAAAG-1",8.21550226755191
"AGCAGCCGTCGACTGC-1",3.53972471891693
"AGCAGCCGTCGCTTTC-1",2.99268431400609
"AGCAGCCGTCTAACGT-1",3.06246286027403
"AGCAGCCGTGTGAAAT-1",0
"AGCAGCCGTTTGTTGG-1",3.90512857445664
"AGCAGCCTCCAAACAC-1",12.5627979458226
"AGCATACAGTGGTAGC-1",1.16397646005212
"AGCATACAGTTGTCGT-1",9.72214313708898
"AGCATACGTCTTCTCG-1",4.0338047975732
"AGCATACGTTAAGTAG-1",0
"AGCATACTCCGTTGCT-1",5.10646598948
"AGCCTAAAGATATGGT-1",4.56150489347689
"AGCCTAACAAAGCGGT-1",1.86125918309788
"AGCCTAACAGATAATG-1",3.659138401451
"AGCCTAAGTACGAAAT-1",6.00513078059844
"AGCCTAAGTCACCTAA-1",4.02910272143313
"AGCCTAAGTGTGCCTG-1",2.02938239688531
"AGCCTAATCACCCGAG-1",1.67457252647143
"AGCCTAATCCAATGGT-1",9.42589007726579
"AGCCTAATCCTTGGTC-1",2.07429610670219
"AGCCTAATCTGTGCAA-1",0
"AGCCTAATCTGTTTGT-1",0
"AGCGGTCAGCGAAGGG-1",8.04404645609202
"AGCGGTCAGGTACTCT-1",0.960461950187293
"AGCGGTCAGTGACTCT-1",1.14362476388531
"AGCGGTCCAGCCTTGG-1",1.75600655495005
"AGCGGTCGTCCTAGCG-1",0
"AGCGGTCGTGGTGTAG-1",1.93908418398491
"AGCGGTCGTTAAGGGC-1",3.13726194384262
"AGCGGTCGTTTGCATG-1",0
"AGCGGTCTCCGAAGAG-1",1.59300264994819
"AGCGGTCTCCTCAATT-1",0
"AGCGGTCTCTGGGCCA-1",4.28004021190118
"AGCGTATAGAACTGTA-1",4.41366696662209
"AGCGTATAGCGATGAC-1",0
"AGCGTATAGGTACTCT-1",1.59300264994819
"AGCGTATGTTGAGGTG-1",6.59896674942295
"AGCGTATTCCAGAGGA-1",12.2006463295798
"AGCGTCGAGTTGAGTA-1",5.58480494265941
"AGCGTCGCAGGGATTG-1",4.93601469691287
"AGCGTCGTCTGAAAGA-1",7.91210163855404
"AGCTCCTAGACCTAGG-1",7.34155088651056
"AGCTCCTAGCGTTTAC-1",1.8409030527332
"AGCTCCTGTGTTTGTG-1",0
"AGCTCCTGTTGTCTTT-1",5.80797850703296
"AGCTCCTTCCGAATGT-1",2.83762653462923
"AGCTCCTTCTTGACGA-1",2.02938239688531
"AGCTCTCAGCGGATCA-1",4.43062918457741
"AGCTCTCAGCTGTTCA-1",2.99268431400609
"AGCTCTCAGGTGCTAG-1",1.62661684555831
"AGCTCTCCATACAGCT-1",12.2006463295798
"AGCTCTCGTCAGAGGT-1",2.75363536010626
"AGCTCTCGTGGGTCAA-1",3.06246286027403
"AGCTCTCTCACAACGT-1",0
"AGCTCTCTCTTGACGA-1",8.78162550972678
"AGCTTGAAGCATCATC-1",0
"AGCTTGAAGTAGCGGT-1",0
"AGCTTGAAGTTGTCGT-1",1.28227877722513
"AGCTTGACAATCCAAC-1",0
"AGCTTGACACCGATAT-1",0
"AGCTTGAGTCTACCTC-1",5.99013651095523
"AGCTTGAGTGCGCTTG-1",3.46359798888604
"AGCTTGAGTTACGCGC-1",4.27628752996304
"AGCTTGATCCTGCCAT-1",4.223538545434
"AGCTTGATCTGCAAGT-1",5.58480494265941
"AGGCCACAGAGTAAGG-1",0
"AGGCCACAGGGTCTCC-1",4.44224412095667
"AGGCCACAGTACTTGC-1",4.93601469691287
"AGGCCACCAGGACCCT-1",1.86493826954485
"AGGCCACCATCAGTCA-1",5.10646598948
"AGGCCACTCATGCTCC-1",17.4116914059055
"AGGCCACTCATTGCGA-1",5.50104551234126
"AGGCCGTAGGATCGCA-1",0
"AGGCCGTCACGTAAGG-1",1.82545566694945
"AGGCCGTCAGCTCGAC-1",11.3920024039165
"AGGCCGTCATCGTCGG-1",8.30473093254219
"AGGCCGTTCACGGTTA-1",3.07332205314633
"AGGCCGTTCGAACTGT-1",4.16463937640157
"AGGCCGTTCTCAAGTG-1",3.31178388446108
"AGGCCGTTCTGCTTGC-1",8.87826341841751
"AGGGAGTAGCCCAACC-1",3.73378214519389
"AGGGAGTAGGAGTACC-1",0
"AGGGAGTAGGCAGGTT-1",2.80011233976516
"AGGGAGTCACGAGAGT-1",3.08932895546846
"AGGGAGTCAGAAGCAC-1",3.67435110143523
"AGGGAGTCAGATCCAT-1",4.29284717463135
"AGGGAGTCATCGACGC-1",0
"AGGGAGTCATGCTAGT-1",8.93322273110938
"AGGGAGTGTCCATGAT-1",4.79716690628091
"AGGGAGTTCATAACCG-1",12.9697810627829
"AGGGATGAGCTCTCGG-1",1.20851858622415
"AGGGATGAGGAGTAGA-1",9.655045937533
"AGGGATGAGTAGCGGT-1",0
"AGGGATGCAATGAATG-1",1.39429742384286
"AGGGATGCAATGGAGC-1",1.28227877722513
"AGGGATGCACAAGACG-1",10.7786004374269
"AGGGATGCACATTTCT-1",1.86493826954485
"AGGGATGCATGGTCTA-1",4.05494257047593
"AGGGATGGTTAAAGTG-1",4.11787849426577
"AGGGATGGTTATGCGT-1",4.16463937640157
"AGGGATGTCGTGACAT-1",3.39522085196871
"AGGGTGAAGATGGCGT-1",0
"AGGGTGAAGATGGGTC-1",1.75600655495005
"AGGGTGAAGGCTCAGA-1",4.44224412095667
"AGGGTGACACGAGAGT-1",0
"AGGGTGACAGATGGCA-1",1.26504015021883
"AGGGTGACAGATTGCT-1",5.86154057900725
"AGGGTGAGTACTCTCC-1",0
"AGGGTGAGTTATCGGT-1",3.47519541334045
"AGGGTGAGTTCTGAAC-1",1.95226897900981
"AGGGTGATCTCGCTTG-1",1.52627547128452
"AGGTCATAGAGCCCAA-1",4.79416915428882
"AGGTCATAGCCAGAAC-1",6.73537995023514
"AGGTCATAGGCATGGT-1",5.81147288859325
"AGGTCATAGGGAGTAA-1",5.4361550064127
"AGGTCATCACTCAGGC-1",8.43432059569411
"AGGTCATCACTCTGTC-1",3.71139486275597
"AGGTCATGTTCCACTC-1",1.16397646005212
"AGGTCATTCTCGTTTA-1",0
"AGGTCCGAGGATGCGT-1",0
"AGGTCCGGTGATGCCC-1",5.86154057900725
"AGGTCCGTCCATGAAC-1",0
"AGGTCCGTCGCCCTTA-1",6.44368752865336
"AGGTCCGTCTGCGTAA-1",1.75600655495005
"AGTAGTCAGACTGTAA-1",1.81763797610274
"AGTAGTCAGTACGACG-1",5.89605409329106
"AGTAGTCAGTTTAGGA-1",8.77200424198525
"AGTAGTCCAACTGGCC-1",8.87826341841751
"AGTAGTCGTGCAGACA-1",4.16463937640157
"AGTAGTCTCACCCGAG-1",4.63409275640538
"AGTCTTTAGGCAGTCA-1",7.72748678502645
"AGTCTTTCAAATCCGT-1",1.82545566694945
"AGTCTTTCATATACCG-1",1.52122236300469
"AGTCTTTGTGCTTCTC-1",2.11188975909573
"AGTCTTTGTGTCCTCT-1",0
"AGTCTTTTCGCAGGCT-1",8.44098478770694
"AGTCTTTTCGCGTAGC-1",3.63168124108423
"AGTCTTTTCGCTAGCG-1",0
"AGTCTTTTCGCTTGTC-1",5.12524578589663
"AGTCTTTTCTGACCTC-1",0
"AGTGAGGAGATAGCAT-1",0
"AGTGAGGCAGGTGCCT-1",7.91210163855404
"AGTGAGGGTATGAAAC-1",5.50104551234126
"AGTGAGGGTCACTTCC-1",6.57958798997378
"AGTGAGGGTCGCGAAA-1",1.61910760905206
"AGTGAGGGTTATGTGC-1",4.493588403658
"AGTGAGGTCTACTATC-1",4.28004021190118
"AGTGGGAAGCAGACTG-1",5.85926046452264
"AGTGGGACAAACGCGA-1",4.75203144559449
"AGTGGGACAAGCCGTC-1",5.22343029539466
"AGTGGGACACAGGAGT-1",3.77361754587793
"AGTGGGACACGAGAGT-1",1.52122236300469
"AGTGGGATCATCGATG-1",3.02900673037218
"AGTGGGATCCACGAAT-1",0
"AGTGGGATCCTGCAGG-1",2.43306232984437
"AGTGTCAAGAAGCCCA-1",5.82081588426464
"AGTGTCAAGCTAGTCT-1",1.2133165770732
"AGTGTCAAGTACGACG-1",7.86564539045319
"AGTGTCAAGTGAACAT-1",1.77650710215293
"AGTGTCACACCATCCT-1",3.4322219087122
"AGTGTCACAGTAAGCG-1",1.85441043418972
"AGTGTCACAGTGGAGT-1",7.75460249612496
"AGTGTCAGTAAACCTC-1",0
"AGTGTCAGTACAGCAG-1",7.22108690915052
"AGTGTCAGTCTCCACT-1",2.70930041855765
"AGTGTCAGTTTGACTG-1",0
"AGTGTCATCAAAGTAG-1",0
"AGTGTCATCCGTCAAA-1",1.52627547128452
"AGTGTCATCGTTACAG-1",0
"AGTGTCATCTGTCAAG-1",2.03862302633411
"AGTTGGTAGACTGTAA-1",0
"AGTTGGTAGTACGCGA-1",0.960461950187293
"AGTTGGTCAAATTGCC-1",5.4361550064127
"AGTTGGTCAGGAATGC-1",5.85926046452264
"AGTTGGTCATGCGCAC-1",2.57506183776122
"AGTTGGTGTACCGTAT-1",1.95226897900981
"AGTTGGTGTATGCTTG-1",8.44098478770694
"AGTTGGTGTCAGGACA-1",3.35968020847517
"AGTTGGTGTTCAGACT-1",13.3904840576695
"AGTTGGTTCAGTACGT-1",8.78162550972678
"AGTTGGTTCCTCAACC-1",1.2133165770732
"AGTTGGTTCGTACCGG-1",2.02938239688531
"AGTTGGTTCTGTCCGT-1",0
"ATAACGCAGTTGAGTA-1",0
"ATAACGCCACGTGAGA-1",4.79416915428882
"ATAACGCGTGAACCTT-1",2.23845135518417
"ATAACGCGTGTCCTCT-1",7.88962093940333
"ATAACGCGTGTGAAAT-1",8.77200424198525
"ATAACGCTCTCCGGTT-1",2.23845135518417
"ATAAGAGAGTCCGGTC-1",1.75600655495005
"ATAAGAGCAACTGCGC-1",5.80797850703296
"ATAAGAGCAGTATCTG-1",11.138073064766
"ATAAGAGGTGACGCCT-1",0
"ATAAGAGGTTAAAGTG-1",4.18681069252344
"ATAAGAGTCAGCACAT-1",0
"ATAAGAGTCAGTGCAT-1",3.38637878326698
"ATAGACCAGAGAGCTC-1",5.19347472449711
"ATAGACCAGCCCAATT-1",2.57506183776122
"ATAGACCCAAGCCATT-1",0
"ATAGACCCATCTGGTA-1",5.8990676557085
"ATAGACCGTATATGGA-1",7.85429388548772
"ATAGACCGTGGACGAT-1",4.84795879644684
"ATAGACCGTGGCGAAT-1",1.46480049811618
"ATAGACCGTTTCGCTC-1",5.10646598948
"ATCACGAAGAACTCGG-1",1.84897736262192
"ATCACGAAGACACGAC-1",1.62661684555831
"ATCACGAAGTTACCCA-1",11.3162557944014
"ATCACGACAAGACACG-1",3.06246286027403
"ATCACGACAAGCGTAG-1",0
"ATCACGACACACATGT-1",1.91996529756053
"ATCACGACACCACCAG-1",10.2144595372803
"ATCACGACACGGTAAG-1",0
"ATCACGACAGCGAACA-1",4.87395920528611
"ATCACGATCCCGACTT-1",4.70054386928155
"ATCACGATCGGTGTCG-1",3.6497649503903
"ATCATCTAGCCTATGT-1",10.5667547808547
"ATCATCTAGGCCATAG-1",1.95226897900981
"ATCATCTAGTACTTGC-1",4.11787849426577
"ATCATCTCAGACGCCT-1",9.95474078638653
"ATCATCTCATCCGTGG-1",0
"ATCATCTGTATTACCG-1",0
"ATCATCTGTCACTTCC-1",7.89603453439912
"ATCATCTTCAGCGACC-1",3.65920212275153
"ATCATCTTCCTCAACC-1",0
"ATCATGGCAAGCGTAG-1",6.9025558919269
"ATCATGGCAAGGTTCT-1",3.13726194384262
"ATCATGGCACTACAGT-1",0
"ATCATGGGTAAGGGAA-1",0
"ATCATGGGTTGTGGCC-1",9.93667548517373
"ATCATGGTCAATAAGG-1",12.1422388118109
"ATCATGGTCCAATGGT-1",6.63713006006345
"ATCATGGTCGCCATAA-1",1.47381749987807
"ATCATGGTCGGTTAAC-1",0
"ATCCACCAGCTAGTCT-1",4.18807843565441
"ATCCACCAGGCTCTTA-1",3.71937816479703
"ATCCACCCAAACGTGG-1",1.8409030527332
"ATCCACCCAGTTAACC-1",11.1315902107244
"ATCCACCGTCCGAAGA-1",0
"ATCCACCGTTTGTTTC-1",7.27199518480675
"ATCCACCTCCTGCTTG-1",7.55533741647687
"ATCCACCTCCTTAATC-1",0
"ATCCACCTCTGGTATG-1",1.62661684555831
"ATCCGAAAGCGATGAC-1",4.56150489347689
"ATCCGAAAGCTAGGCA-1",1.52066335423564
"ATCCGAACAAACGTGG-1",12.9697810627829
"ATCCGAACAACAACCT-1",0
"ATCCGAACAAGGACTG-1",3.63168124108423
"ATCCGAACACCCATTC-1",7.57012733242481
"ATCCGAACACGGTAGA-1",0
"ATCCGAAGTAGCGCTC-1",0
"ATCCGAAGTCATTAGC-1",11.8797137718825
"ATCCGAAGTCTCTTAT-1",4.70054386928155
"ATCCGAATCCAACCAA-1",1.86125918309788
"ATCCGAATCCTTGACC-1",5.59716492287705
"ATCCGAATCTTGTCAT-1",5.4361550064127
"ATCGAGTAGACTTTCG-1",9.42589007726579
"ATCGAGTCATCCGGGT-1",14.549121768527
"ATCGAGTGTCCCTTGT-1",1.87561978493154
"ATCGAGTGTCTCCCTA-1",8.77200424198525
"ATCGAGTTCATGCATG-1",1.49626999036477
"ATCGAGTTCCTGCCAT-1",9.42589007726579
"ATCTACTAGGTGTGGT-1",1.52627547128452
"ATCTACTCAGCTGTAT-1",1.49492693042676
"ATCTACTCAGTACACT-1",1.7118617553295
"ATCTACTCATGACATC-1",3.13726194384262
"ATCTACTGTAAGTAGT-1",3.69776819065941
"ATCTACTGTGTCGCTG-1",0
"ATCTACTTCCGCGTTT-1",1.81763797610274
"ATCTACTTCGCAAGCC-1",2.80898614128728
"ATCTACTTCTATCGCC-1",4.28004021190118
"ATCTACTTCTCTAAGG-1",8.35389136393676
"ATCTGCCAGGCTCAGA-1",15.5567674312541
"ATCTGCCGTACAGTTC-1",14.9090452898787
"ATCTGCCGTTGTGGAG-1",2.83762653462923
"ATCTGCCTCAGAGACG-1",4.79716690628091
"ATCTGCCTCAGCTGGC-1",1.7118617553295
"ATCTGCCTCGTACGGC-1",1.93908418398491
"ATCTGCCTCTCGAGTA-1",4.6935633478295
"ATCTGCCTCTGAGTGT-1",15.5567674312541
"ATCTGCCTCTTGTATC-1",15.672068203532
"ATGAGGGAGGTCGGAT-1",2.98782108258746
"ATGAGGGCATGACGGA-1",0
"ATGAGGGCATTAGGCT-1",1.85441043418972
"ATGAGGGTCACATGCA-1",2.1091374238726
"ATGAGGGTCAGTCCCT-1",3.47519541334045
"ATGCGATAGTCAATAG-1",1.73301070682149
"ATGCGATCATGTTGAC-1",3.26336685257264
"ATGCGATGTGCAGTAG-1",0
"ATGCGATGTGCATCTA-1",1.28227877722513
"ATGCGATTCCCAAGAT-1",2.83762653462923
"ATGCGATTCGCCATAA-1",3.36709521235664
"ATGGGAGAGCAATATG-1",9.655045937533
"ATGGGAGAGCCACGCT-1",3.67757934626502
"ATGGGAGAGGTGATAT-1",4.75203144559449
"ATGGGAGCACCAGGTC-1",0
"ATGGGAGCACTATCTT-1",1.52627547128452
"ATGGGAGCAGCATACT-1",9.88806359044238
"ATGGGAGCATAGAAAC-1",0
"ATGGGAGCATTACCTT-1",6.47324432447391
"ATGTGTGAGCGAAGGG-1",0
"ATGTGTGAGGGTTTCT-1",7.31483046828159
"ATGTGTGAGTTGAGTA-1",0
"ATGTGTGCACGGCGTT-1",5.28796466964367
"ATGTGTGCACGGTTTA-1",6.95983822824142
"ATGTGTGCAGTATAAG-1",1.20851858622415
"ATGTGTGTCACGCGGT-1",11.8797137718825
"ATTACTCAGATGTGTA-1",1.49519531482676
"ATTACTCAGCGTAATA-1",0
"ATTACTCAGGTGCACA-1",6.16595900364689
"ATTACTCAGTGAAGTT-1",0
"ATTACTCCAAACTGTC-1",14.0994245420286
"ATTACTCCACCATCCT-1",2.75363536010626
"ATTACTCCAGACTCGC-1",7.11880913512727
"ATTACTCCATATGCTG-1",0
"ATTACTCCATCGGTTA-1",3.62218111578261
"ATTACTCCATTGCGGC-1",6.57958798997378
"ATTACTCGTTAAAGAC-1",3.33991533259042
"ATTACTCTCCGAACGC-1",2.80440877793571
"ATTATCCAGAGTACCG-1",0
"ATTATCCAGCTTATCG-1",0
"ATTATCCCACAAGCCC-1",7.54326079415674
"ATTATCCCATATGAGA-1",4.08416786660577
"ATTATCCCATCTGGTA-1",4.23958542152754
"ATTATCCGTCGTTGTA-1",4.86302446419052
"ATTATCCGTCTCTCTG-1",3.06246286027403
"ATTATCCTCAACGGGA-1",7.31483046828159
"ATTATCCTCCGCGCAA-1",0
"ATTATCCTCTCCGGTT-1",0
"ATTCTACGTCACTTCC-1",14.549121768527
"ATTCTACGTCTAGTCA-1",11.1904691532123
"ATTCTACGTTGTCGCG-1",12.1422388118109
"ATTGGACAGCAGATCG-1",0
"ATTGGACAGGGCATGT-1",0
"ATTGGACAGTGGACGT-1",0
"ATTGGACCAAGACACG-1",0.960461950187293
"ATTGGACGTAATAGCA-1",3.36709521235664
"ATTGGACTCCTGCTTG-1",5.53318670069325
"ATTGGACTCGGCGCAT-1",0
"ATTGGACTCGTTTGCC-1",7.1646341200403
"ATTGGTGAGAATGTTG-1",1.67246144572645
"ATTGGTGCAAGCTGAG-1",9.71940935519288
"ATTGGTGCAGCAGTTT-1",3.659138401451
"ATTGGTGGTTGAGTTC-1",5.22343029539466
"ATTGGTGTCAAAGTAG-1",9.3651877071707
"ATTGGTGTCGGAAACG-1",0
"ATTTCTGAGGGATACC-1",0
"ATTTCTGAGGGATCTG-1",4.32666293096585
"ATTTCTGAGGTGTTAA-1",3.35261996131931
"ATTTCTGAGTCGAGTG-1",0
"ATTTCTGAGTTCGCAT-1",4.96656073968391
"ATTTCTGCAAGGTGTG-1",6.9025558919269
"ATTTCTGGTAGCTCCG-1",0
"ATTTCTGGTGCACGAA-1",0
"ATTTCTGGTTGCCTCT-1",6.59842654724279
"ATTTCTGTCAAAGTAG-1",1.23466912725005
"ATTTCTGTCAGCTCGG-1",0
"ATTTCTGTCTTGGGTA-1",13.19665445934
"CAACCAAAGAAACGCC-1",6.9025558919269
"CAACCAAAGAGGGCTT-1",0
"CAACCAAAGCTGAAAT-1",4.18807843565441
"CAACCAAAGGACAGCT-1",1.67246144572645
"CAACCAAAGGGAGTAA-1",0
"CAACCAACATACGCTA-1",0
"CAACCTCAGTAATCCC-1",0
"CAACCTCCAGACGCAA-1",9.46078373937968
"CAACCTCGTGAGTGAC-1",3.91142511074477
"CAACCTCGTTCCACGG-1",3.35968020847517
"CAACCTCTCATACGGT-1",14.0874580477738
"CAACCTCTCCGATATG-1",0
"CAACCTCTCCTTTACA-1",1.26504015021883
"CAACCTCTCTCTAGGA-1",3.27182731022575
"CAACTAGAGAATAGGG-1",2.70451323198122
"CAACTAGAGGATGCGT-1",2.4572235330968
"CAACTAGCACCATCCT-1",0
"CAACTAGCAGACTCGC-1",3.659138401451
"CAACTAGCAGTTCATG-1",1.73301070682149
"CAACTAGGTACGCACC-1",9.46078373937968
"CAACTAGTCAGGCCCA-1",4.94575210349894
"CAAGAAAAGAAGGACA-1",6.40600473774846
"CAAGAAAAGACGCACA-1",12.7878659741446
"CAAGAAAAGGCCCTTG-1",1.73301070682149
"CAAGAAAAGGTGATAT-1",0
"CAAGAAAAGTCGATAA-1",3.90325902427199
"CAAGAAAAGTGGAGTC-1",0
"CAAGAAAAGTGTACCT-1",2.7523085483578
"CAAGAAACACGGTGTC-1",10.7709974949246
"CAAGAAATCTGCTTGC-1",2.23845135518417
"CAAGATCAGCTGAAAT-1",9.97767814600752
"CAAGATCGTAAGAGGA-1",3.06246286027403
"CAAGATCGTGCCTTGG-1",5.28796466964367
"CAAGATCTCAACACCA-1",1.85441043418972
"CAAGATCTCTCGATGA-1",3.63168124108423
"CAAGGCCAGGAGTCTG-1",2.07429610670219
"CAAGGCCAGGCTATCT-1",0
"CAAGGCCCACGGTAAG-1",0
"CAAGGCCCATGTTCCC-1",5.86154057900725
"CAAGGCCGTCCGTCAG-1",0
"CAAGGCCTCAACGGGA-1",1.28227877722513
"CAAGGCCTCCTTGACC-1",0
"CAAGGCCTCGTGACAT-1",1.75600655495005
"CAAGTTGAGACAGGCT-1",8.10322830658939
"CAAGTTGAGATGTCGG-1",9.93667548517373
"CAAGTTGAGCGTCAAG-1",10.1133296715622
"CAAGTTGAGCGTTTAC-1",10.2144595372803
"CAAGTTGCACATTAGC-1",4.27127724034493
"CAAGTTGCACGCTTTC-1",1.79468210501893
"CAAGTTGCACGGTGTC-1",3.66549483336112
"CAAGTTGCATTCTTAC-1",1.16397646005212
"CAAGTTGGTACTCAAC-1",0
"CAAGTTGGTCAGGACA-1",9.3651877071707
"CAAGTTGGTCGGCACT-1",2.54560039204683
"CAAGTTGTCAACGAAA-1",1.49519531482676
"CAAGTTGTCACCACCT-1",0
"CAAGTTGTCATTGCCC-1",3.31178388446108
"CAAGTTGTCGAATCCA-1",5.61298835565076
"CAAGTTGTCTACTTAC-1",10.3414920707583
"CACAAACAGGGCTCTC-1",0
"CACAAACAGGGCTTGA-1",8.34226431457212
"CACAAACAGTGACATA-1",1.31921310141975
"CACAAACCAACTGCGC-1",0
"CACAAACCAATAAGCA-1",1.49626999036477
"CACAAACCAATCAGAA-1",1.86125918309788
"CACAAACCACTTAACG-1",0
"CACAAACCATGAACCT-1",4.70516637493
"CACAAACCATGGTCAT-1",0
"CACAAACGTCAACTGT-1",3.71937816479703
"CACAAACGTCAGAATA-1",7.89603453439912
"CACAAACTCTTCGGTC-1",4.11787849426577
"CACAAACTCTTGGGTA-1",2.23845135518417
"CACACAAAGCGACGTA-1",5.47047244332028
"CACACAAAGGGAGTAA-1",15.5567674312541
"CACACAACAAACGTGG-1",5.37604282920492
"CACACAACACATGACT-1",3.44531949108154
"CACACAACATCGATTG-1",0
"CACACAACATTGGGCC-1",1.74656133085108
"CACACAAGTACGACCC-1",0
"CACACAAGTCAGTGGA-1",0
"CACACAAGTCATCGGC-1",0
"CACACAAGTTTACTCT-1",1.59300264994819
"CACACAATCCACGTGG-1",2.02938239688531
"CACACAATCCACGTTC-1",0
"CACACAATCGGCGCAT-1",6.9025558919269
"CACACCTAGAGACTAT-1",1.49626999036477
"CACACCTAGGACATTA-1",11.7904740199757
"CACACCTAGTGTGAAT-1",1.76799370265536
"CACACCTCACTGAAGG-1",1.46890644327991
"CACACCTCATAGGATA-1",0
"CACACCTCATAGTAAG-1",1.84897736262192
"CACACCTCATTGGGCC-1",0
"CACACCTGTACAGCAG-1",0
"CACACCTGTACCGCTG-1",5.80797850703296
"CACACCTGTCCAAGTT-1",8.04404645609202
"CACACCTGTGGACGAT-1",3.90512857445664
"CACACCTGTGGTCTCG-1",1.81763797610274
"CACACCTTCATGTCTT-1",11.6002888013943
"CACACCTTCTGGCGAC-1",0
"CACACTCAGGGAAACA-1",1.84897736262192
"CACACTCCAACACCTA-1",0
"CACACTCCAAGGGTCA-1",7.89603453439912
"CACACTCGTGACGCCT-1",1.73301070682149
"CACACTCGTTTGTGTG-1",12.7590383292822
"CACAGGCAGCCATCGC-1",8.15718100161618
"CACAGGCAGGGATGGG-1",3.97863429814046
"CACAGGCCAAGAGTCG-1",13.1131139946334
"CACAGGCCAATGGAGC-1",0
"CACAGGCGTCTAGGTT-1",12.1422388118109
"CACAGGCGTTACGCGC-1",0
"CACAGGCTCGGGAGTA-1",11.0298272868561
"CACAGGCTCTATGTGG-1",4.94575210349894
"CACAGTAAGACGCAAC-1",5.80797850703296
"CACAGTAAGACGCACA-1",1.7118617553295
"CACAGTAAGTGGGCTA-1",0
"CACAGTACAACTGGCC-1",17.4116914059055
"CACAGTACATCGGACC-1",4.94575210349894
"CACAGTAGTTCCATGA-1",1.95226897900981
"CACATAGAGCCCAATT-1",8.45488946071357
"CACATAGAGTGTACTC-1",0
"CACATAGCACTTCTGC-1",11.6002888013943
"CACATAGCAGGGTATG-1",4.23373063524973
"CACATAGTCCTTGCCA-1",4.16342973535429
"CACATAGTCGGCGCAT-1",1.46326769867346
"CACATTTAGCAGATCG-1",11.1904691532123
"CACATTTAGGGCACTA-1",0
"CACATTTCACGGCGTT-1",3.45107962862436
"CACATTTCATTACCTT-1",4.70516637493
"CACATTTGTCGAACAG-1",3.71139486275597
"CACATTTGTGTTGAGG-1",2.6661473382878
"CACATTTTCCAGAGGA-1",0
"CACATTTTCCGCATCT-1",3.90512857445664
"CACATTTTCTACTATC-1",4.13457456395983
"CACATTTTCTGTGCAA-1",5.99013651095523
"CACCACTAGCCACGTC-1",0
"CACCACTAGTGGTAAT-1",3.47519541334045
"CACCACTAGTTACCCA-1",1.75600655495005
"CACCACTCAAGCCCAC-1",9.42589007726579
"CACCACTCAGTTCATG-1",8.45417433926586
"CACCACTGTTATTCTC-1",1.49626999036477
"CACCACTTCACCGGGT-1",12.0359774668148
"CACCACTTCGAATCCA-1",0.960461950187293
"CACCACTTCGACCAGC-1",0
"CACCACTTCTAACCGA-1",3.35968020847517
"CACCACTTCTTTAGTC-1",0
"CACCAGGCACATTAGC-1",1.95226897900981
"CACCAGGCACTGCCAG-1",7.91210163855404
"CACCAGGCATAAAGGT-1",0
"CACCAGGCATGAACCT-1",3.67435110143523
"CACCAGGGTGAAATCA-1",1.59300264994819
"CACCAGGGTGTTTGGT-1",0
"CACCAGGGTTATCACG-1",1.85441043418972
"CACCAGGTCATGTAGC-1",0
"CACCAGGTCTGCTTGC-1",1.75600655495005
"CACCTTGAGACTTGAA-1",4.44224412095667
"CACCTTGAGTCAATAG-1",0
"CACCTTGCAGGCGATA-1",3.60629894431429
"CACCTTGCATTCCTGC-1",0
"CACCTTGGTCATTAGC-1",0
"CACCTTGGTGATGTCT-1",3.67757934626502
"CACCTTGGTTATGTGC-1",0
"CACCTTGTCAACCATG-1",12.220847861621
"CACCTTGTCATTATCC-1",4.93601469691287
"CACCTTGTCCAAAGTC-1",0
"CACCTTGTCTCACATT-1",8.96225085645332
"CACTCCAAGACAAGCC-1",18.0366899348794
"CACTCCAAGGTACTCT-1",8.2346263361017
"CACTCCACAATGGACG-1",10.2144595372803
"CACTCCAGTACATGTC-1",3.81721620757483
"CACTCCAGTTGTCGCG-1",2.11188975909573
"CACTCCATCAACACAC-1",0
"CACTCCATCCCAGGTG-1",0
"CAGAATCAGAAACCTA-1",0
"CAGAATCAGCCAACAG-1",2.68565277363507
"CAGAATCAGCTGGAAC-1",5.19347472449711
"CAGAATCAGGACTGGT-1",3.91593786950957
"CAGAATCAGTATCGAA-1",1.95226897900981
"CAGAATCCACAGAGGT-1",6.73537995023514
"CAGAATCCAGGGTACA-1",3.71937816479703
"CAGAATCGTAAGTGTA-1",10.7558732720073
"CAGAATCGTAATCACC-1",1.4699371549693
"CAGAATCTCAGTTTGG-1",10.2134379372353
"CAGAATCTCGCAAGCC-1",9.97767814600752
"CAGAATCTCGGTCCGA-1",3.35968020847517
"CAGAATCTCTTGCAAG-1",12.7590383292822
"CAGAATCTCTTGTACT-1",2.59347982111894
"CAGAGAGAGAATTGTG-1",1.52627547128452
"CAGAGAGAGCAATATG-1",6.25897614779468
"CAGAGAGCAAGAAGAG-1",0
"CAGAGAGCACCAGATT-1",4.79416915428882
"CAGAGAGGTAATCACC-1",15.5567674312541
"CAGAGAGGTAGCTGCC-1",5.86154057900725
"CAGAGAGGTAGGACAC-1",9.655045937533
"CAGAGAGGTATAGGGC-1",1.86493826954485
"CAGAGAGGTCCGAATT-1",0
"CAGAGAGGTTGAGGTG-1",5.19347472449711
"CAGAGAGTCACCCGAG-1",4.16463937640157
"CAGAGAGTCATAACCG-1",1.87561978493154
"CAGAGAGTCCGAACGC-1",2.11188975909573
"CAGAGAGTCTGGTATG-1",2.89127948768423
"CAGATCAAGAGACGAA-1",2.70930041855765
"CAGATCAAGCACCGTC-1",2.59347982111894
"CAGATCAAGCTTCGCG-1",2.54560039204683
"CAGATCAAGGATTCGG-1",4.16463937640157
"CAGATCAAGTGTACCT-1",5.4361550064127
"CAGATCAAGTTTAGGA-1",1.31921310141975
"CAGATCACAATAACGA-1",1.73531514495429
"CAGATCACACACCGAC-1",3.62218111578261
"CAGATCACACGGTAAG-1",2.02938239688531
"CAGATCACACTCTGTC-1",3.92059056284167
"CAGATCACAGCATACT-1",1.81763797610274
"CAGATCACAGTGGGAT-1",4.28004021190118
"CAGATCAGTACCAGTT-1",6.57958798997378
"CAGATCAGTGCGGTAA-1",6.5178185679192
"CAGATCATCTGATTCT-1",0
"CAGCAGCAGATGCCAG-1",0
"CAGCAGCAGGGAACGG-1",0
"CAGCAGCCACCTATCC-1",5.8990676557085
"CAGCAGCCATCACAAC-1",1.67246144572645
"CAGCAGCTCAACACTG-1",2.23845135518417
"CAGCAGCTCGAACTGT-1",5.58480494265941
"CAGCAGCTCGCCGTGA-1",1.28227877722513
"CAGCATAAGAGACGAA-1",4.29284717463135
"CAGCATAGTCTAGGTT-1",2.84926588863053
"CAGCATAGTTTACTCT-1",9.72214313708898
"CAGCATATCACGAAGG-1",5.86154057900725
"CAGCATATCAGGCAAG-1",1.72084710114249
"CAGCATATCCTTAATC-1",0
"CAGCCGAAGCATCATC-1",1.23466912725005
"CAGCCGAAGTTTCCTT-1",12.1422388118109
"CAGCCGACACGTGAGA-1",0
"CAGCCGACATCAGTCA-1",0
"CAGCCGAGTGATGTCT-1",5.4361550064127
"CAGCCGATCACCAGGC-1",1.74656133085108
"CAGCCGATCCTCAATT-1",9.48860391993645
"CAGCGACAGAAACGCC-1",3.06246286027403
"CAGCGACAGCGTCAAG-1",0
"CAGCGACCAAACGTGG-1",3.62218111578261
"CAGCGACCAAAGCGGT-1",3.13726194384262
"CAGCGACCACGTCAGC-1",4.94575210349894
"CAGCGACCATGGGACA-1",1.77650710215293
"CAGCGACGTCTGATTG-1",10.3414920707583
"CAGCGACGTGGACGAT-1",2.23845135518417
"CAGCGACGTGGTTTCA-1",0
"CAGCGACGTTCGGCAC-1",3.90325902427199
"CAGCGACTCCGCAAGC-1",0
"CAGCGACTCTGGGCCA-1",8.87826341841751
"CAGCTAAAGATGTGTA-1",6.16595900364689
"CAGCTAAAGCAGACTG-1",0
"CAGCTAAAGCTGTTCA-1",3.77052791549506
"CAGCTAAAGGAGCGTT-1",1.86678477415487
"CAGCTAACACAGATTC-1",7.87330349582431
"CAGCTAACATCAGTAC-1",7.31483046828159
"CAGCTAAGTAATCGTC-1",13.5679144185479
"CAGCTAAGTCTCACCT-1",10.7558732720073
"CAGCTAAGTTCGTCTC-1",1.49519531482676
"CAGCTAATCCACGCAG-1",1.26504015021883
"CAGCTAATCCCTAACC-1",3.07332205314633
"CAGCTAATCTGGTTCC-1",1.74188585581586
"CAGCTAATCTTAGCCC-1",1.62661684555831
"CAGCTAATCTTCGGTC-1",5.11591394811963
"CAGCTGGAGACACTAA-1",1.16397646005212
"CAGCTGGAGATCCTGT-1",6.51343426432468
"CAGCTGGCACCAACCG-1",5.19347472449711
"CAGCTGGCAGTGGAGT-1",1.2133165770732
"CAGCTGGCATGCATGT-1",1.49519531482676
"CAGCTGGTCTACCTGC-1",6.9025558919269
"CAGGTGCAGAGACGAA-1",6.84477527290053
"CAGGTGCAGATCCTGT-1",1.23466912725005
"CAGGTGCAGGCATGTG-1",1.8409030527332
"CAGGTGCCAGGAACGT-1",0
"CAGGTGCCATAGTAAG-1",8.34226431457212
"CAGGTGCCATCGGAAG-1",4.70516637493
"CAGGTGCTCAGTTGAC-1",14.9090452898787
"CAGGTGCTCCAAGTAC-1",1.74188585581586
"CAGGTGCTCTTGTATC-1",9.93928852792537
"CAGTAACAGATATGGT-1",5.80797850703296
"CAGTAACAGATGGCGT-1",0
"CAGTAACCAATCACAC-1",1.52234184406307
"CAGTAACCACTCGACG-1",0
"CAGTAACGTGATAAGT-1",0
"CAGTAACGTGCACCAC-1",0
"CAGTAACTCAGAGGTG-1",1.61910760905206
"CAGTAACTCGTACGGC-1",6.16595900364689
"CAGTAACTCGTGACAT-1",0
"CAGTAACTCTGCCAGG-1",8.67049144912152
"CAGTCCTAGAATCTCC-1",5.88939351770544
"CAGTCCTAGATCTGCT-1",11.1904691532123
"CAGTCCTCAGTATAAG-1",9.79950955744326
"CAGTCCTTCAACACGT-1",5.88993348474265
"CAGTCCTTCCATGAGT-1",0
"CAGTCCTTCCCGACTT-1",0
"CAGTCCTTCCCTTGTG-1",12.1422388118109
"CAGTCCTTCGAACGGA-1",1.52627547128452
"CAGTCCTTCGGTTCGG-1",0
"CAGTCCTTCTACTTAC-1",4.63365987158338
"CATATGGAGAGATGAG-1",0
"CATATGGAGGCATGGT-1",8.87826341841751
"CATATGGAGTATTGGA-1",3.36709521235664
"CATATGGCAAGCGTAG-1",3.90512857445664
"CATATGGGTCGCATAT-1",0
"CATATGGTCATTATCC-1",1.86125918309788
"CATATGGTCATTGCGA-1",1.84897736262192
"CATATTCCACCACCAG-1",2.1091374238726
"CATATTCGTGACTACT-1",1.52066335423564
"CATATTCGTGGTACAG-1",1.93908418398491
"CATATTCGTGTGACGA-1",7.84252493809981
"CATATTCTCACAGGCC-1",2.52677652961616
"CATATTCTCGCAAACT-1",1.74188585581586
"CATCAAGAGAACTCGG-1",0
"CATCAAGAGATGGCGT-1",1.93908418398491
"CATCAAGAGCCGCCTA-1",6.31558696170562
"CATCAAGCACGAAACG-1",3.36709521235664
"CATCAAGCAGCCTTTC-1",10.1035870455473
"CATCAAGCATGGAATA-1",1.77528463202455
"CATCAAGGTTACTGAC-1",8.06385656908813
"CATCAAGGTTCCATGA-1",12.2006463295798
"CATCAAGTCTAAGCCA-1",1.80606827324287
"CATCAAGTCTGACCTC-1",0
"CATCAGAAGCTAGTCT-1",2.58028571756343
"CATCAGACAAGCCATT-1",5.57880472491529
"CATCAGACAATGACCT-1",1.46749198114847
"CATCAGACACGGCCAT-1",10.444936638724
"CATCAGACAGACAGGT-1",4.57097260439952
"CATCAGACATAACCTG-1",12.7590383292822
"CATCAGAGTAATTGGA-1",4.05494257047593
"CATCAGAGTACATGTC-1",0
"CATCAGAGTGTTAAGA-1",2.54560039204683
"CATCAGAGTTCAACCA-1",3.35968020847517
"CATCAGATCGTTGACA-1",1.77650710215293
"CATCCACGTAAAGTCA-1",4.18807843565441
"CATCCACGTACCGTAT-1",0
"CATCCACGTGCCTGTG-1",2.43306232984437
"CATCCACGTTTAAGCC-1",6.46738785602168
"CATCGAAAGAGTACAT-1",0
"CATCGAAAGCTGTCTA-1",3.35968020847517
"CATCGAACAAGAGGCT-1",2.70451323198122
"CATCGAACAAGCTGAG-1",0
"CATCGAACACATTTCT-1",5.50104551234126
"CATCGAACATAAAGGT-1",3.67757934626502
"CATCGAAGTAGTACCT-1",4.75203144559449
"CATCGAAGTCCGACGT-1",3.33991533259042
"CATCGAAGTGCACTTA-1",1.49626999036477
"CATCGAATCAAACCAC-1",6.10379623725766
"CATCGAATCCGCGGTA-1",1.82545566694945
"CATCGAATCCGTAGTA-1",8.99426748869174
"CATCGGGAGAAGCCCA-1",1.73301070682149
"CATCGGGAGCGAGAAA-1",4.96748311034993
"CATCGGGAGGGTGTGT-1",4.75203144559449
"CATCGGGAGGTGTTAA-1",1.59300264994819
"CATCGGGAGTGACTCT-1",7.89603453439912
"CATCGGGCACTCAGGC-1",1.23466912725005
"CATCGGGCAGACGCTC-1",7.57012733242481
"CATCGGGCATCACAAC-1",3.90325902427199
"CATCGGGGTCCTCTTG-1",0
"CATCGGGGTGAGGGAG-1",12.9916675743294
"CATCGGGGTTCGAATC-1",2.54560039204683
"CATCGGGTCAGGATCT-1",0
"CATCGGGTCCACGAAT-1",6.59896674942295
"CATCGGGTCGATGAGG-1",1.23466912725005
"CATGACAAGACCACGA-1",9.3651877071707
"CATGACAAGCTCCTCT-1",4.16463937640157
"CATGACAAGTAACCCT-1",1.52627547128452
"CATGACAAGTATCTCG-1",0
"CATGACAGTCGTCTTC-1",1.46749198114847
"CATGACAGTGAACCTT-1",6.57273439664748
"CATGACATCAATAAGG-1",6.63713006006345
"CATGACATCTAACTGG-1",0
"CATGCCTAGACCTAGG-1",5.88993348474265
"CATGCCTAGAGTCTGG-1",0
"CATGCCTCACCACCAG-1",3.95151348462112
"CATGCCTGTCAAAGCG-1",3.92059056284167
"CATGCCTGTCGATTGT-1",7.87330349582431
"CATGCCTTCCACGACG-1",7.31483046828159
"CATGCCTTCCTCATTA-1",9.18195784973587
"CATGCCTTCGCATGAT-1",9.42589007726579
"CATGGCGAGAGCTGGT-1",0
"CATGGCGAGTACGACG-1",8.03064994703714
"CATGGCGTCCAAAGTC-1",2.99268431400609
"CATGGCGTCCCTTGTG-1",0
"CATGGCGTCGGCCGAT-1",6.92667123243696
"CATGGCGTCTCAAACG-1",0
"CATGGCGTCTGCCCTA-1",0
"CATTATCAGACCCACC-1",12.9697810627829
"CATTATCAGTCCCACG-1",10.2144595372803
"CATTATCCAAGTCTGT-1",0
"CATTATCCAGGGCATA-1",0
"CATTATCGTCAATGTC-1",0
"CATTATCTCACAAACC-1",6.10379623725766
"CATTATCTCAGATAAG-1",1.26504015021883
"CATTATCTCGCGTTTC-1",0
"CATTATCTCGTTGCCT-1",3.26336685257264
"CATTATCTCTATCCCG-1",12.1604861667902
"CATTATCTCTTAACCT-1",0
"CATTCGCAGGTGCTAG-1",1.74188585581586
"CATTCGCCAAGGGTCA-1",1.52627547128452
"CATTCGCCAGCCTATA-1",11.1315902107244
"CATTCGCCATACAGCT-1",2.80898614128728
"CATTCGCCATGGATGG-1",8.85260782564993
"CATTCGCCATGTCTCC-1",1.81763797610274
"CATTCGCCATTCACTT-1",3.35968020847517
"CATTCGCGTAGCACGA-1",0
"CATTCGCTCATCACCC-1",11.4982137824905
"CCAATCCAGACCACGA-1",9.78505899628682
"CCAATCCAGATATGGT-1",1.52627547128452
"CCAATCCAGTCGAGTG-1",5.86154057900725
"CCAATCCAGTCGTTTG-1",8.93322273110938
"CCAATCCAGTTTAGGA-1",1.8409030527332
"CCAATCCCAAGCGAGT-1",5.8990676557085
"CCAATCCTCGGACAAG-1",1.59300264994819
"CCACCTAAGGATGGTC-1",5.3853717815723
"CCACCTAAGTCGAGTG-1",1.97136480093404
"CCACCTAAGTGGGATC-1",1.85441043418972
"CCACCTAAGTGTGGCA-1",8.45417433926586
"CCACCTACAACAACCT-1",1.78801928284575
"CCACCTACAAGCCGCT-1",2.57506183776122
"CCACCTACAATCTACG-1",14.0874580477738
"CCACCTAGTAGTACCT-1",0
"CCACCTAGTCGCGTGT-1",0
"CCACCTAGTGGGTCAA-1",2.02938239688531
"CCACCTATCAGTTGAC-1",9.48860391993645
"CCACCTATCTGATACG-1",0
"CCACGGAAGGGAACGG-1",1.62661684555831
"CCACGGACATGTCGAT-1",1.23484197164666
"CCACGGAGTAAGGGCT-1",1.74656133085108
"CCACGGAGTCAGATAA-1",3.92059056284167
"CCACGGAGTCCGTGAC-1",0
"CCACGGAGTGTAATGA-1",6.59842654724279
"CCACGGAGTTCTGAAC-1",4.57097260439952
"CCACGGATCACATAGC-1",3.81721620757483
"CCACGGATCCACGTGG-1",5.50104551234126
"CCACGGATCTACTATC-1",6.82844861548886
"CCACGGATCTAGAGTC-1",8.85260782564993
"CCACTACAGAGTACCG-1",1.86678477415487
"CCACTACAGCTTTGGT-1",15.5567674312541
"CCACTACCAGCAGTTT-1",1.28227877722513
"CCACTACCAGTAGAGC-1",1.86125918309788
"CCACTACGTCCGAATT-1",5.8990676557085
"CCACTACGTCTCAACA-1",3.33991533259042
"CCACTACGTGACAAAT-1",1.16397646005212
"CCACTACGTGACCAAG-1",8.45417433926586
"CCACTACGTGCACGAA-1",2.03862302633411
"CCACTACTCACTCTTA-1",0
"CCACTACTCCGCATCT-1",8.4343205956941
"CCACTACTCGGAAATA-1",0
"CCACTACTCTCGTATT-1",0
"CCACTACTCTCGTTTA-1",6.9025558919269
"CCAGCGAAGCCCAACC-1",9.15322347271418
"CCAGCGACATCGGGTC-1",2.84926588863053
"CCAGCGACATGTCCTC-1",7.55533741647687
"CCAGCGAGTAGGCATG-1",5.86154057900725
"CCAGCGAGTCCGTTAA-1",11.6002888013943
"CCAGCGATCAGAAATG-1",2.06042627556635
"CCATGTCAGCGATCCC-1",5.28796466964367
"CCATGTCAGGTCGGAT-1",2.59347982111894
"CCATGTCAGGTTACCT-1",6.40600473774846
"CCATGTCCAAGCTGGA-1",5.8990676557085
"CCATGTCCACATCCGG-1",3.91593786950957
"CCATGTCGTCCAGTAT-1",9.44368919042117
"CCATGTCTCCAAGTAC-1",6.66304226846869
"CCATGTCTCTTGTATC-1",3.90512857445664
"CCATTCGCAGTACACT-1",1.95226897900981
"CCATTCGCAGTTTACG-1",1.86125918309788
"CCATTCGGTAATCGTC-1",4.23373063524973
"CCATTCGGTATTACCG-1",0
"CCCAATCAGTCACGCC-1",3.66549483336112
"CCCAATCCAGGTGGAT-1",1.73531514495429
"CCCAATCGTGAAGGCT-1",7.31483046828159
"CCCAATCGTTGGAGGT-1",9.18689724599824
"CCCAATCTCACATGCA-1",2.1091374238726
"CCCAATCTCCAGTATG-1",1.85441043418972
"CCCAATCTCGGAGCAA-1",0
"CCCAGTTAGAATAGGG-1",4.79416915428882
"CCCAGTTAGATCCCGC-1",5.32077579204166
"CCCAGTTAGCGTGAAC-1",1.73301070682149
"CCCAGTTAGGAATCGC-1",6.46426528002366
"CCCAGTTAGTCCGGTC-1",0
"CCCAGTTAGTTTGCGT-1",1.8409030527332
"CCCAGTTGTACATGTC-1",6.40600473774846
"CCCAGTTGTCTGCAAT-1",1.36082041988671
"CCCAGTTTCTGAAAGA-1",0
"CCCATACAGGGTTCCC-1",2.02938239688531
"CCCATACAGTGTTTGC-1",15.4501129396209
"CCCATACCAAAGGTGC-1",1.86125918309788
"CCCATACCAACACCCG-1",11.1315902107244
"CCCATACCAGCAGTTT-1",7.32382699196168
"CCCATACGTATTACCG-1",5.10646598948
"CCCATACGTCAATACC-1",10.465633262971
"CCCATACGTCTAGTCA-1",6.9025558919269
"CCCATACGTTGAGTTC-1",10.3414920707583
"CCCATACTCAATAAGG-1",2.99012224525351
"CCCATACTCAGCGACC-1",14.549121768527
"CCCATACTCATCACCC-1",0
"CCCATACTCCGTAGGC-1",3.31178388446108
"CCCTCCTAGGAATCGC-1",2.43306232984437
"CCCTCCTCAGCTTAAC-1",0
"CCCTCCTCATATGAGA-1",0
"CCCTCCTCATCACGTA-1",1.62661684555831
"CCCTCCTGTATGGTTC-1",1.2672350011039
"CCCTCCTGTTAGATGA-1",6.84477527290054
"CCCTCCTTCAATCACG-1",0
"CCCTCCTTCCGCAGTG-1",8.4343205956941
"CCGGGATAGCTTCGCG-1",4.02910272143313
"CCGGGATAGGCGACAT-1",3.65920212275153
"CCGGGATAGGCTAGGT-1",9.93667548517373
"CCGGGATCACAGTCGC-1",2.07429610670219
"CCGGGATGTATAGGTA-1",4.15558992860437
"CCGGGATTCAGAGCTT-1",0
"CCGGGATTCGCTAGCG-1",5.19347472449711
"CCGGGATTCGCTTGTC-1",0
"CCGGTAGAGCGTCTAT-1",0
"CCGGTAGAGTACGCCC-1",3.38637878326698
"CCGGTAGCACATAACC-1",4.93601469691287
"CCGGTAGCACGCATCG-1",0
"CCGGTAGGTACTTCTT-1",3.67435110143523
"CCGGTAGGTCAAACTC-1",4.36958816378029
"CCGGTAGTCGTCCGTT-1",12.8009413324596
"CCGTACTAGAGAACAG-1",5.22343029539466
"CCGTACTAGTCCGTAT-1",0
"CCGTACTCAAGCCCAC-1",3.33991533259042
"CCGTACTCAAGCGAGT-1",1.93908418398491
"CCGTACTCATCCCACT-1",2.02938239688531
"CCGTACTGTACAGCAG-1",4.08416786660577
"CCGTACTGTGCGGTAA-1",0
"CCGTACTTCGTTACAG-1",0
"CCGTGGAAGACGCACA-1",0
"CCGTGGAAGAGTTGGC-1",14.0994245420286
"CCGTGGAAGGTGATAT-1",7.75460249612496
"CCGTGGAAGGTTCCTA-1",2.23845135518417
"CCGTGGACAGCCTTGG-1",9.79950955744326
"CCGTGGAGTTCCATGA-1",0
"CCGTGGATCTAACTTC-1",1.86493826954485
"CCGTTCAAGCGTAATA-1",4.23958542152754
"CCGTTCAAGTACGATA-1",3.27182731022575
"CCGTTCAAGTAGATGT-1",5.37604282920492
"CCGTTCACAGGATCGA-1",8.30473093254219
"CCGTTCAGTATAGGGC-1",2.83762653462923
"CCGTTCAGTCGCGAAA-1",1.93299358606497
"CCGTTCATCGTACCGG-1",5.88993348474265
"CCTAAAGAGAGTTGGC-1",1.62661684555831
"CCTAAAGCAAACCTAC-1",1.75600655495005
"CCTAAAGCATGTCTCC-1",1.86125918309788
"CCTAAAGGTACTCAAC-1",1.2672350011039
"CCTAAAGGTCGGCACT-1",2.7523085483578
"CCTAAAGGTGTAATGA-1",4.19037031633334
"CCTAAAGTCACCGTAA-1",8.87826341841751
"CCTAAAGTCAGCGATT-1",11.4902963655921
"CCTAAAGTCGGCGCTA-1",3.00263421487283
"CCTAAAGTCGGTCCGA-1",0
"CCTACACAGGACCACA-1",1.73531514495429
"CCTACACAGGGTGTTG-1",2.31368499175886
"CCTACACCAGTAAGAT-1",3.71139486275597
"CCTACACGTATAGTAG-1",3.659138401451
"CCTACACGTCCGAACC-1",0
"CCTACACGTGGGTCAA-1",5.49466279682158
"CCTACACGTTTGACTG-1",5.4361550064127
"CCTACACTCGGCGCTA-1",13.1896589211515
"CCTACACTCGTGACAT-1",1.47226247772145
"CCTACCAAGATAGGAG-1",2.06042627556635
"CCTACCAAGCAAATCA-1",11.8797137718825
"CCTACCAAGCGTAGTG-1",9.18195784973587
"CCTACCAAGTGCGATG-1",0
"CCTACCAGTATCAGTC-1",7.57012733242481
"CCTACCAGTCTCTCTG-1",0
"CCTACCAGTCTTTCAT-1",1.73531514495429
"CCTACCATCAGCACAT-1",3.05812082563435
"CCTACCATCGCCAGCA-1",12.9697810627829
"CCTAGCTAGCAAATCA-1",6.62193116904323
"CCTAGCTAGCTCCTCT-1",5.8990676557085
"CCTAGCTAGGTTACCT-1",10.2134379372353
"CCTAGCTAGTACGCGA-1",1.78801928284575
"CCTAGCTCAATGAATG-1",3.71937816479703
"CCTAGCTCAATGGTCT-1",0
"CCTAGCTCACATCCAA-1",1.78801928284575
"CCTAGCTCAGCCAGAA-1",1.93908418398491
"CCTAGCTGTAGAAAGG-1",1.81763797610274
"CCTAGCTGTCACCCAG-1",3.81721620757483
"CCTAGCTGTCTGATTG-1",1.62661684555831
"CCTAGCTTCACGATGT-1",1.76799370265536
"CCTAGCTTCGTAGGAG-1",1.62661684555831
"CCTATTAAGAATTCCC-1",0
"CCTATTAAGCAGGCTA-1",1.31921310141975
"CCTATTAAGCAGGTCA-1",5.8990676557085
"CCTATTAAGGGAGTAA-1",2.11188975909573
"CCTATTAAGGTAGCCA-1",4.24865263329041
"CCTATTACACAACTGT-1",4.23958542152754
"CCTATTACACATCCGG-1",6.97777611577627
"CCTATTAGTCAATACC-1",2.57506183776122
"CCTATTATCATCACCC-1",3.335133367815
"CCTATTATCTGCGACG-1",0
"CCTCAGTAGCTAACTC-1",6.92667123243696
"CCTCAGTCAGGTGGAT-1",8.87826341841751
"CCTCAGTGTCCATCCT-1",6.92699796674891
"CCTCAGTGTCCGACGT-1",1.28227877722513
"CCTCAGTGTCTTGTCC-1",4.23958542152754
"CCTCAGTGTGGGTATG-1",0
"CCTCTGAAGTATCGAA-1",4.14366891738026
"CCTCTGAAGTGGGTTG-1",12.4113739419026
"CCTCTGACAAGCTGTT-1",8.96225085645332
"CCTCTGACACCGATAT-1",1.31921310141975
"CCTCTGACAGATGAGC-1",1.46480049811618
"CCTCTGAGTCAATACC-1",7.75460249612496
"CCTCTGAGTCCGAACC-1",0
"CCTCTGAGTCGTGGCT-1",0
"CCTCTGAGTCTGATTG-1",5.86154057900725
"CCTTACGCAAGCGTAG-1",0
"CCTTACGCACCAACCG-1",4.16463937640157
"CCTTACGGTCATCCCT-1",2.02938239688531
"CCTTACGGTCCTCTTG-1",1.46749198114847
"CCTTACGTCACAACGT-1",4.70516637493
"CCTTACGTCATCTGCC-1",3.46359798888604
"CCTTACGTCGGAGGTA-1",1.67246144572645
"CCTTCCCAGAGACTAT-1",1.47381749987807
"CCTTCCCAGCTAGGCA-1",0
"CCTTCCCAGGACGAAA-1",11.8797137718825
"CCTTCCCAGGGCATGT-1",1.57605208029777
"CCTTCCCAGGTACTCT-1",0
"CCTTCCCCATGATCCA-1",1.46749198114847
"CCTTCCCTCAAGGCTT-1",0
"CCTTCCCTCTATCCTA-1",9.95474078638653
"CCTTCCCTCTATCGCC-1",9.655045937533
"CCTTCGAAGGCGCTCT-1",0
"CCTTCGACAACACCCG-1",6.59842654724279
"CCTTCGACAGCGATCC-1",4.68475305907221
"CCTTCGAGTAAGCACG-1",3.71139486275597
"CCTTCGAGTCCATGAT-1",4.23958542152754
"CCTTCGAGTGTGACCC-1",4.57097260439952
"CCTTCGAGTTGGTGGA-1",0
"CCTTCGATCACAGTAC-1",6.57273439664748
"CCTTCGATCCTATGTT-1",4.19037031633334
"CCTTCGATCGCACTCT-1",2.99268431400609
"CCTTTCTAGACGCTTT-1",1.52066335423564
"CCTTTCTAGGGCACTA-1",0
"CCTTTCTAGTGGAGTC-1",3.47519541334045
"CCTTTCTCAGACAAGC-1",3.15302011806327
"CCTTTCTCATCACGAT-1",3.71937816479703
"CCTTTCTCATGCCCGA-1",0
"CCTTTCTTCCCACTTG-1",13.1329126129311
"CCTTTCTTCTTTACGT-1",8.96225085645332
"CGAACATCACATGACT-1",3.31178388446108
"CGAACATCACTTGGAT-1",2.03862302633411
"CGAACATCAGTCCTTC-1",0
"CGAACATGTCTGATTG-1",1.73301070682149
"CGAACATGTGCTGTAT-1",7.86564539045319
"CGAACATTCTCAAACG-1",12.0359774668148
"CGAATGTAGAGGTTAT-1",6.92667123243696
"CGAATGTAGCGATAGC-1",0
"CGAATGTAGTTCGCAT-1",3.30108120301863
"CGAATGTCAATGCCAT-1",10.2144595372803
"CGAATGTGTCTAGTCA-1",5.86665213751381
"CGAATGTGTCTCACCT-1",0
"CGAATGTTCAACACAC-1",7.84252493809981
"CGAATGTTCATCACCC-1",4.75203144559449
"CGAATGTTCTGTACGA-1",12.9697810627829
"CGACCTTAGCTACCGC-1",5.4361550064127
"CGACCTTAGCTAGTCT-1",10.7786004374269
"CGACCTTCAAAGTGCG-1",2.68565277363507
"CGACCTTCACGAAATA-1",1.93299358606497
"CGACCTTGTAAGTGTA-1",6.07670597906602
"CGACCTTGTCAGAATA-1",5.22343029539466
"CGACCTTGTCTCCCTA-1",3.27182731022575
"CGACCTTGTCTCTTAT-1",11.1315902107244
"CGACCTTTCCGCGTTT-1",9.66817017689458
"CGACCTTTCGTTTATC-1",9.3651877071707
"CGACCTTTCTCCAGGG-1",1.28227877722513
"CGACTTCAGACACGAC-1",3.31178388446108
"CGACTTCAGGTAGCCA-1",1.86493826954485
"CGACTTCAGTCTTGCA-1",3.69776819065941
"CGACTTCCAATGGACG-1",5.8990676557085
"CGACTTCGTGGTGTAG-1",1.49519531482676
"CGACTTCGTTGAGTTC-1",0
"CGACTTCTCACTTACT-1",1.39429742384286
"CGACTTCTCTCGCTTG-1",0
"CGAGAAGAGAAACGCC-1",6.15099985693946
"CGAGAAGAGCCAACAG-1",8.6319213377094
"CGAGAAGAGCGTGTCC-1",0
"CGAGAAGCAAGTTCTG-1",7.31483046828159
"CGAGAAGCACATCCGG-1",0
"CGAGAAGCAGGCTGAA-1",3.33991533259042
"CGAGAAGTCGGATGGA-1",3.65920212275153
"CGAGCACAGCCAGAAC-1",13.4352622511959
"CGAGCACCACATGTGT-1",1.73301070682149
"CGAGCACGTAGCGTCC-1",3.92059056284167
"CGAGCACGTAGCGTGA-1",3.31178388446108
"CGAGCACGTCAGATAA-1",3.34975108337724
"CGAGCACGTGCCTTGG-1",1.16397646005212
"CGAGCACTCCCGGATG-1",6.10379623725766
"CGAGCACTCCGCTGTT-1",1.73301070682149
"CGAGCACTCGTGACAT-1",1.78801928284575
"CGAGCCAAGCTAGCCC-1",4.63365987158338
"CGAGCCAGTATATCCG-1",0
"CGAGCCAGTCAAGCGA-1",3.92059056284167
"CGATCGGAGAGCCTAG-1",0
"CGATCGGAGTACGATA-1",1.97136480093404
"CGATCGGCAAACGCGA-1",2.80011233976516
"CGATCGGCAAGCGATG-1",0
"CGATCGGCAATACGCT-1",0
"CGATCGGCAGTTAACC-1",1.2672350011039
"CGATCGGCATACTCTT-1",11.8797137718825
"CGATCGGGTCGACTGC-1",0
"CGATCGGTCAACGGGA-1",15.5567674312541
"CGATCGGTCTAGCACA-1",0
"CGATGGCAGCCGTCGT-1",6.16595900364689
"CGATGGCAGTCCAGGA-1",0
"CGATGGCCACTTAACG-1",1.52627547128452
"CGATGGCCAGCGTAAG-1",1.46890644327991
"CGATGGCCATCATCCC-1",0
"CGATGGCTCCTAGAAC-1",3.65920212275153
"CGATGGCTCGCTAGCG-1",4.79716690628091
"CGATGGCTCTGACCTC-1",1.86125918309788
"CGATGTAAGGCAATTA-1",0
"CGATGTAAGTTTGCGT-1",0
"CGATGTACACAGGCCT-1",3.07332205314633
"CGATGTACAGGTCTCG-1",9.78076366447516
"CGATGTAGTCCAGTGC-1",5.89605409329106
"CGATGTAGTCTAGGTT-1",6.18667837637237
"CGATGTAGTGTGCCTG-1",5.96827679082997
"CGATGTAGTTTGCATG-1",1.7118617553295
"CGATTGAAGATGTGGC-1",5.50104551234126
"CGATTGACAGACGCAA-1",0
"CGATTGAGTATGGTTC-1",6.92699796674891
"CGATTGAGTTCAGACT-1",8.45417433926586
"CGATTGATCATGGTCA-1",4.56150489347689
"CGATTGATCTGCGGCA-1",1.93299358606497
"CGCCAAGAGAATGTTG-1",12.1422388118109
"CGCCAAGAGACCTTTG-1",8.96225085645332
"CGCCAAGAGATCGGGT-1",0
"CGCCAAGAGATCTGAA-1",0
"CGCCAAGAGCGTGTCC-1",3.10429630521152
"CGCCAAGGTCTAGGTT-1",9.66817017689458
"CGCCAAGTCAGGATCT-1",6.92699796674891
"CGCCAAGTCCACTCCA-1",5.11591394811963
"CGCCAAGTCTTGTTTG-1",2.02938239688531
"CGCGGTAAGCTAGCCC-1",3.20416425633273
"CGCGGTAAGGGTTCCC-1",6.63713006006345
"CGCGGTACAAACTGCT-1",1.97136480093404
"CGCGGTACAATGGAAT-1",0
"CGCGGTACAGCTGTTA-1",1.59300264994819
"CGCGGTAGTCAAGCGA-1",2.54560039204683
"CGCGGTAGTGAGGCTA-1",5.47047244332028
"CGCGGTAGTTTGCATG-1",8.93322273110938
"CGCGTTTAGTTATCGC-1",9.3651877071707
"CGCGTTTCAACAACCT-1",1.62661684555831
"CGCGTTTCAAGCGAGT-1",0
"CGCGTTTCAATGGACG-1",5.88993348474265
"CGCGTTTCACGGTGTC-1",6.13744823214744
"CGCGTTTGTGCTGTAT-1",8.76373040215345
"CGCGTTTGTGGACGAT-1",1.49492693042676
"CGCGTTTTCAAACCGT-1",10.2240931243985
"CGCGTTTTCAGCCTAA-1",8.43432059569411
"CGCGTTTTCCTATGTT-1",9.42589007726579
"CGCGTTTTCGTGGTCG-1",0
"CGCTATCAGAAACCGC-1",3.63168124108423
"CGCTATCAGTCATCCA-1",1.52234184406307
"CGCTATCCAAGCGAGT-1",4.27353091136249
"CGCTATCCAGTCGATT-1",0
"CGCTATCCATCGACGC-1",4.94575210349894
"CGCTATCCATTTCAGG-1",1.26504015021883
"CGCTATCGTACCGAGA-1",0
"CGCTATCGTTCGAATC-1",2.51237107000617
"CGCTATCGTTTCGCTC-1",1.52627547128452
"CGCTATCTCGTTACAG-1",0
"CGCTGGAAGGACATTA-1",1.74656133085108
"CGCTGGAAGGGCACTA-1",5.86665213751381
"CGCTGGAAGGTGATAT-1",8.99068701159216
"CGCTGGACAGACTCGC-1",1.87561978493154
"CGCTGGAGTGTAATGA-1",5.4361550064127
"CGCTGGAGTTCTGGTA-1",1.52627547128452
"CGCTGGATCCGAAGAG-1",2.03746185594607
"CGCTGGATCCGTTGCT-1",5.4361550064127
"CGCTGGATCGTAGGAG-1",0
"CGCTGGATCGTTACAG-1",1.73301070682149
"CGCTTCAAGAAGGGTA-1",8.34226431457212
"CGCTTCAAGGTCGGAT-1",3.91142511074477
"CGCTTCACACGGTGTC-1",2.85324835322855
"CGCTTCACAGACAAGC-1",1.26504015021883
"CGCTTCACATCACCCT-1",1.39429742384286
"CGCTTCAGTCGCGGTT-1",2.23845135518417
"CGCTTCATCTTAGAGC-1",6.73537995023514
"CGGACACAGCGATATA-1",6.47324432447391
"CGGACACAGCGATGAC-1",0
"CGGACACAGCTTCGCG-1",10.2240931243985
"CGGACACAGGTAAACT-1",3.63168124108423
"CGGACACAGTAGCCGA-1",3.99070677562225
"CGGACACCACAGGAGT-1",1.82545566694945
"CGGACACCATTCACTT-1",11.1904691532123
"CGGACACGTGAGCGAT-1",8.06385656908813
"CGGACACGTGCTCTTC-1",0
"CGGACACGTGTGACCC-1",9.18195784973587
"CGGACGTAGGTTACCT-1",1.47019509827015
"CGGACGTCATGGGACA-1",2.68565277363507
"CGGACGTGTGAAAGAG-1",1.92595008179954
"CGGACGTGTTGGTAAA-1",3.54061998732902
"CGGACGTTCATGTGGT-1",8.45417433926586
"CGGACGTTCTGTCCGT-1",5.85926046452264
"CGGACTGAGGAGCGAG-1",6.92699796674891
"CGGACTGAGGAGTCTG-1",0
"CGGACTGAGTGGTAGC-1",3.90325902427199
"CGGACTGCAACTTGAC-1",2.11188975909573
"CGGACTGCAATGACCT-1",1.78801928284575
"CGGACTGCACAACGTT-1",4.93601469691287
"CGGACTGCACGCCAGT-1",1.82545566694945
"CGGACTGCAGTATGCT-1",3.62218111578261
"CGGACTGGTAAAGGAG-1",5.88993348474265
"CGGACTGGTATAAACG-1",1.86125918309788
"CGGACTGGTGTAAGTA-1",1.52627547128452
"CGGACTGGTGTGGTTT-1",1.61910760905206
"CGGACTGGTTGACGTT-1",6.25897614779468
"CGGACTGTCCATGCTC-1",2.52677652961616
"CGGACTGTCCGTCAAA-1",0
"CGGACTGTCGTTTGCC-1",14.549121768527
"CGGAGCTAGTTTAGGA-1",8.87826341841751
"CGGAGCTGTAGAAAGG-1",0
"CGGAGCTTCACTTATC-1",4.18807843565441
"CGGAGCTTCATGTAGC-1",1.78801928284575
"CGGAGCTTCCACGAAT-1",4.63409275640538
"CGGAGTCAGTGCGATG-1",1.49492693042676
"CGGAGTCAGTGTGAAT-1",0
"CGGAGTCCAGTGGGAT-1",6.16595900364689
"CGGAGTCCATTATCTC-1",4.44224412095667
"CGGAGTCGTAGCTGCC-1",3.63168124108423
"CGGAGTCGTGTTCGAT-1",5.37604282920492
"CGGAGTCTCCCAGGTG-1",1.73531514495429
"CGGAGTCTCCGTAGTA-1",1.85441043418972
"CGGCTAGAGAAACGCC-1",1.78801928284575
"CGGCTAGAGCACCGTC-1",1.82545566694945
"CGGCTAGAGCTAAACA-1",6.65842007812478
"CGGCTAGCAGACAAAT-1",12.1604861667902
"CGGCTAGGTAACGCGA-1",5.80797850703296
"CGGCTAGGTTCATGGT-1",8.87826341841751
"CGGCTAGTCAAAGACA-1",10.7786004374269
"CGGCTAGTCGTGGGAA-1",5.19347472449711
"CGGCTAGTCTTGTTTG-1",1.73531514495429
"CGGGTCAAGAGTCGGT-1",2.77842071916518
"CGGGTCAAGCACACAG-1",0
"CGGGTCAAGCTAACTC-1",3.71139486275597
"CGGGTCAAGGACACCA-1",2.03862302633411
"CGGGTCAAGTATGACA-1",8.21550226755191
"CGGGTCACAATGACCT-1",6.40600473774846
"CGGGTCACACCGAAAG-1",8.4343205956941
"CGGGTCACAGCCACCA-1",8.04404645609202
"CGGGTCACATACAGCT-1",12.1422388118109
"CGGGTCACATCCTTGC-1",1.78801928284575
"CGGGTCAGTAGCGCTC-1",3.09101684079267
"CGGGTCAGTCGATTGT-1",0
"CGGGTCAGTGCAACTT-1",8.45488946071357
"CGGGTCAGTTGTTTGG-1",0
"CGGGTCATCAACACCA-1",0.960461950187293
"CGGGTCATCACCTTAT-1",1.81763797610274
"CGGGTCATCCACGACG-1",2.9392158587407
"CGGTTAACAGGACCCT-1",1.57120184588599
"CGGTTAACATGTCCTC-1",1.91996529756053
"CGGTTAACATTCCTGC-1",0
"CGGTTAAGTCGACTGC-1",8.44098478770694
"CGGTTAATCCGGCACA-1",0
"CGGTTAATCCTTTCGG-1",13.5679144185479
"CGGTTAATCTTATCTG-1",1.52627547128452
"CGTAGCGAGATGTAAC-1",1.16397646005212
"CGTAGCGAGGCAATTA-1",4.75203144559449
"CGTAGCGCAAGCGCTC-1",9.42589007726579
"CGTAGCGTCCAACCAA-1",0
"CGTAGCGTCGGCGGTT-1",9.655045937533
"CGTAGGCAGGGCTCTC-1",7.86685397776172
"CGTAGGCCAAGCGATG-1",3.09101684079267
"CGTAGGCCACTAAGTC-1",10.7709974949246
"CGTAGGCCAGAGTGTG-1",7.03632683077892
"CGTAGGCCATCCCATC-1",0.960461950187293
"CGTAGGCGTATTAGCC-1",13.7235083166743
"CGTAGGCGTCAATACC-1",1.86125918309788
"CGTAGGCGTGGCGAAT-1",1.77650710215293
"CGTAGGCTCCAGAAGG-1",0
"CGTCACTAGTCATGCT-1",5.65416626717772
"CGTCACTCAAAGCGGT-1",1.85942656011826
"CGTCACTCAGGTCCAC-1",8.87826341841751
"CGTCACTCAGTCACTA-1",4.57097260439952
"CGTCACTTCCTTGACC-1",1.75600655495005
"CGTCACTTCGGTGTTA-1",2.02938239688531
"CGTCACTTCTGTGCAA-1",1.16397646005212
"CGTCACTTCTTGAGAC-1",2.92437407173017
"CGTCAGGAGCTGTTCA-1",4.57097260439952
"CGTCAGGCAAAGCAAT-1",0
"CGTCAGGCAAAGCGGT-1",0
"CGTCAGGCAACACGCC-1",4.63365987158338
"CGTCAGGCATCCGCGA-1",11.4902963655921
"CGTCAGGGTCAGCTAT-1",14.0874580477738
"CGTCAGGGTCGTTGTA-1",5.18927529461857
"CGTCAGGGTGTAAGTA-1",1.85441043418972
"CGTCAGGTCCACTGGG-1",6.40600473774846
"CGTCAGGTCGACAGCC-1",1.49519531482676
"CGTCAGGTCGGGAGTA-1",3.09101684079267
"CGTCCATAGACCACGA-1",0
"CGTCCATAGCGATTCT-1",6.40600473774846
"CGTCCATAGGCTATCT-1",0
"CGTCCATAGTCTCAAC-1",3.65920212275153
"CGTCCATCACGACTCG-1",6.66304226846869
"CGTCCATCATTCACTT-1",1.73531514495429
"CGTCCATGTCTAGCGC-1",0
"CGTCCATGTGATAAAC-1",4.07288482171964
"CGTCCATGTTTGGGCC-1",14.0874580477738
"CGTCCATGTTTGTGTG-1",6.25897614779468
"CGTCCATTCAACACCA-1",0
"CGTCCATTCATTCACT-1",0
"CGTCTACAGTGCGTGA-1",4.75203144559449
"CGTCTACGTAGTAGTA-1",2.1091374238726
"CGTCTACTCGAGCCCA-1",0
"CGTCTACTCGCCATAA-1",0
"CGTCTACTCGGCCGAT-1",1.36082041988671
"CGTCTACTCGTCCAGG-1",6.16595900364689
"CGTGAGCAGATCTGAA-1",3.36709521235664
"CGTGAGCAGCAATCTC-1",12.220847861621
"CGTGAGCAGCGGATCA-1",1.77528463202455
"CGTGAGCAGCTAGTGG-1",2.23845135518417
"CGTGAGCAGCTTCGCG-1",10.1133296715622
"CGTGAGCAGGGCACTA-1",7.91210163855404
"CGTGAGCAGGGTGTGT-1",0
"CGTGAGCAGTGGAGAA-1",0
"CGTGAGCCAAGCCGCT-1",2.52677652961616
"CGTGAGCCACGTAAGG-1",1.57605208029777
"CGTGAGCCATACGCCG-1",5.19347472449711
"CGTGAGCGTAGATTAG-1",0
"CGTGAGCGTCTCTTAT-1",4.6935633478295
"CGTGAGCTCACAAACC-1",1.52066335423564
"CGTGAGCTCCAAATGC-1",1.85441043418972
"CGTGAGCTCCGAGCCA-1",1.23466912725005
"CGTGAGCTCGTTGCCT-1",0
"CGTGAGCTCTGGGCCA-1",4.0338047975732
"CGTGTAAAGATAGTCA-1",15.5567674312541
"CGTGTAAAGGTGTTAA-1",4.11787849426577
"CGTGTAAAGTACATGA-1",12.9697810627829
"CGTGTAACATGGGACA-1",5.85926046452264
"CGTGTAAGTGTCTGAT-1",1.49519531482676
"CGTGTAATCTACTATC-1",6.59896674942295
"CGTGTAATCTCGATGA-1",4.26522707961582
"CGTGTAATCTTTAGTC-1",1.84897736262192
"CGTGTCTAGGCGCTCT-1",0
"CGTGTCTAGGGATGGG-1",2.30849248841011
"CGTGTCTCAGACAAAT-1",4.27127724034493
"CGTGTCTCAGACACTT-1",7.11880913512727
"CGTGTCTGTAAGAGGA-1",1.79468210501893
"CGTGTCTGTATATGAG-1",0
"CGTGTCTGTCAAAGCG-1",3.56225755586203
"CGTGTCTGTTCCGTCT-1",8.45417433926586
"CGTGTCTTCAATCACG-1",1.16397646005212
"CGTGTCTTCAGAGGTG-1",4.15622034802094
"CGTGTCTTCATAGCAC-1",4.32666293096585
"CGTGTCTTCCGAACGC-1",1.93299358606497
"CGTGTCTTCGGCATCG-1",3.46273295695836
"CGTGTCTTCGTGGACC-1",0
"CGTGTCTTCTACTTAC-1",12.220847861621
"CGTGTCTTCTGAGTGT-1",1.52627547128452
"CGTTAGAAGATCTGAA-1",12.7590383292822
"CGTTAGAAGGCCCTTG-1",6.9025558919269
"CGTTAGACACGAAAGC-1",5.22343029539466
"CGTTAGACAGCTTCGG-1",3.92059056284167
"CGTTAGAGTTTAAGCC-1",6.07670597906602
"CGTTAGATCACTTATC-1",4.16342973535429
"CGTTAGATCAGCCTAA-1",1.20851858622415
"CGTTCTGAGAAGGGTA-1",1.75600655495005
"CGTTCTGAGTGAACAT-1",5.82165964988428
"CGTTCTGCAGCTCGCA-1",1.23466912725005
"CGTTCTGCATTGGCGC-1",3.7511264775348
"CGTTCTGGTGAGGGTT-1",4.19037031633334
"CGTTCTGTCTGATTCT-1",0
"CGTTGGGAGCTAGTTC-1",6.92699796674891
"CGTTGGGAGGATGCGT-1",0
"CGTTGGGCACATTAGC-1",2.02938239688531
"CGTTGGGCAGACAGGT-1",3.90325902427199
"CGTTGGGGTTCCCGAG-1",3.67435110143523
"CGTTGGGTCATGCTCC-1",4.87077723055911
"CGTTGGGTCCATGAAC-1",0
"CGTTGGGTCTACCAGA-1",2.52677652961616
"CTAACTTAGTCCTCCT-1",2.83762653462923
"CTAACTTCAATAGCAA-1",1.86125918309788
"CTAACTTCAATCGGTT-1",2.70930041855765
"CTAACTTGTGAGGCTA-1",1.93908418398491
"CTAACTTTCGTACGGC-1",3.51181645813849
"CTAACTTTCTGGCGTG-1",0
"CTAAGACAGGGAAACA-1",7.02163624420081
"CTAAGACAGTACATGA-1",6.85918928145036
"CTAAGACAGTTCGCGC-1",2.70930041855765
"CTAAGACCAAGTAATG-1",12.9697810627829
"CTAAGACCAGTAAGAT-1",3.91593786950957
"CTAAGACCATGCAATC-1",0
"CTAAGACGTAAGGATT-1",4.70516637493
"CTAAGACGTATCAGTC-1",0
"CTAAGACGTCACCTAA-1",4.28004021190118
"CTAAGACTCGTTGCCT-1",2.23845135518417
"CTAAGACTCTTACCGC-1",4.63365987158338
"CTAAGACTCTTGAGGT-1",5.19347472449711
"CTAATGGAGCAATCTC-1",0
"CTAATGGAGCGCTCCA-1",1.46480049811618
"CTAATGGAGCTCCCAG-1",0
"CTAATGGAGCTGAAAT-1",1.08831924450702
"CTAATGGAGTTAGGTA-1",12.6361989608565
"CTAATGGCATGGAATA-1",0
"CTAATGGGTACCGCTG-1",4.23958542152754
"CTAATGGGTCTAGCGC-1",13.1329126129311
"CTAATGGGTGAGGGAG-1",5.86154057900725
"CTAATGGGTTGGTGGA-1",10.2144595372803
"CTAATGGTCATGCTCC-1",5.19347472449711
"CTAATGGTCCACTGGG-1",8.87826341841751
"CTAATGGTCCGTTGCT-1",5.28796466964367
"CTAATGGTCCTAGAAC-1",1.77528463202455
"CTACACCAGTGCGATG-1",1.77528463202455
"CTACACCCACGGACAA-1",9.63401472091505
"CTACACCGTAATAGCA-1",0
"CTACACCGTCTGATTG-1",1.75600655495005
"CTACACCGTTCGTCTC-1",4.19037031633334
"CTACACCTCAGAAATG-1",0
"CTACACCTCGGCTTGG-1",2.75363536010626
"CTACACCTCGGTCCGA-1",3.71139486275597
"CTACACCTCTCGCATC-1",0
"CTACACCTCTCTGCTG-1",1.39429742384286
"CTACATTAGATCACGG-1",4.02910272143313
"CTACATTCACTCGACG-1",5.80797850703296
"CTACATTCATTTCACT-1",1.39429742384286
"CTACATTGTGATGATA-1",6.66304226846869
"CTACATTGTTCGAATC-1",6.66304226846869
"CTACATTTCAACGCTA-1",3.66549483336112
"CTACATTTCGCCATAA-1",9.63401472091505
"CTACATTTCTAGCACA-1",4.28004021190118
"CTACCCACACAGAGGT-1",0
"CTACCCACACGACGAA-1",1.73531514495429
"CTACCCACATGGTTGT-1",5.80821168166757
"CTACCCAGTATCTGCA-1",0
"CTACCCAGTATGAATG-1",6.59842654724279
"CTACCCAGTCAGAAGC-1",12.0026423618898
"CTACCCAGTGTGACCC-1",0
"CTACCCAGTTATGTGC-1",11.3162557944014
"CTACCCATCTACGAGT-1",8.15718100161618
"CTACGTCAGGTGCAAC-1",5.8990676557085
"CTACGTCAGTGCGATG-1",2.83762653462923
"CTACGTCAGTTGTCGT-1",0
"CTACGTCCATATACCG-1",1.20851858622415
"CTACGTCGTATATGGA-1",3.69973368508135
"CTACGTCGTGTGGTTT-1",5.86154057900725
"CTACGTCTCAAAGTAG-1",5.19347472449711
"CTACGTCTCACGACTA-1",0
"CTACGTCTCACGGTTA-1",6.84477527290054
"CTACGTCTCCTAGAAC-1",3.659138401451
"CTAGAGTAGCTGTCTA-1",1.16397646005212
"CTAGAGTAGGATCGCA-1",1.62138413570584
"CTAGAGTAGTCCATAC-1",3.6497649503903
"CTAGAGTCACATTAGC-1",4.493588403658
"CTAGAGTCAGTATGCT-1",2.68565277363507
"CTAGAGTCATACTCTT-1",1.16397646005212
"CTAGAGTCATGTAAGA-1",0
"CTAGAGTGTGACCAAG-1",9.655045937533
"CTAGAGTTCAACACCA-1",0
"CTAGAGTTCCGTCAAA-1",0
"CTAGAGTTCCTAAGTG-1",0
"CTAGAGTTCGCCAGCA-1",4.27127724034493
"CTAGAGTTCGCTTAGA-1",1.16397646005212
"CTAGAGTTCGTGACAT-1",3.90512857445664
"CTAGAGTTCTGATTCT-1",2.98782108258746
"CTAGCCTCACCAGATT-1",5.33138057255424
"CTAGCCTGTATATCCG-1",2.83762653462923
"CTAGCCTGTGATGCCC-1",3.05812082563435
"CTAGCCTTCGGGAGTA-1",0
"CTAGTGAAGCTGGAAC-1",9.72214313708898
"CTAGTGAAGTGTACCT-1",8.30278827529405
"CTAGTGACAAGTCTAC-1",5.82165964988428
"CTAGTGACAGGATCGA-1",2.23845135518417
"CTAGTGAGTTATGCGT-1",1.85942656011826
"CTAGTGATCAGTTGAC-1",1.62661684555831
"CTAGTGATCCAGTAGT-1",0
"CTCACACAGCTAAGAT-1",1.67246144572645
"CTCACACAGCTGCCCA-1",8.87826341841751
"CTCACACAGGATGCGT-1",0
"CTCACACCACGTAAGG-1",7.91210163855404
"CTCACACCACTGTTAG-1",3.58257537539579
"CTCACACCATATACGC-1",1.86125918309788
"CTCACACGTGCTGTAT-1",4.66060808799666
"CTCACACGTTCCATGA-1",3.56225755586203
"CTCACACGTTTGGGCC-1",10.3414920707583
"CTCACACTCACCGGGT-1",0
"CTCACACTCATCGGAT-1",3.75838948842376
"CTCACACTCCGCGCAA-1",0
"CTCACACTCTAACCGA-1",1.84897736262192
"CTCAGAAAGAGCTGCA-1",5.22343029539466
"CTCAGAAAGGAGTAGA-1",4.84795879644684
"CTCAGAACAACGCACC-1",1.59300264994819
"CTCAGAACAAGCGATG-1",1.93299358606497
"CTCAGAACAGGGCATA-1",1.74656133085108
"CTCAGAAGTGACGGTA-1",3.06246286027403
"CTCAGAATCTTAACCT-1",6.00513078059844
"CTCATTAAGAACTGTA-1",8.77200424198525
"CTCATTACATGGTCAT-1",5.85926046452264
"CTCATTAGTGTAACGG-1",0
"CTCATTAGTTTACTCT-1",1.77528463202455
"CTCCTAGCAAGTACCT-1",3.71139486275597
"CTCCTAGCAATTCCTT-1",4.36958816378029
"CTCCTAGCACTGTCGG-1",5.37604282920492
"CTCCTAGCAGTCCTTC-1",4.493588403658
"CTCCTAGCATAACCTG-1",11.1315902107244
"CTCCTAGCATGCGCAC-1",4.32666293096585
"CTCCTAGGTAGAAAGG-1",1.73301070682149
"CTCCTAGGTCCGAGTC-1",8.08496027033208
"CTCCTAGGTCTAGCCG-1",8.4343205956941
"CTCCTAGGTGTTTGTG-1",8.44098478770694
"CTCCTAGGTTCGTGAT-1",9.42589007726579
"CTCCTAGGTTGTTTGG-1",4.76108347072228
"CTCCTAGTCACTTACT-1",2.59347982111894
"CTCCTAGTCTCATTCA-1",3.71937816479703
"CTCGAAAAGCCCAACC-1",3.38868055026287
"CTCGAAAAGCTATGCT-1",2.86655990156431
"CTCGAAAAGGCCCTTG-1",1.2672350011039
"CTCGAAAAGGGCTTCC-1",1.77650710215293
"CTCGAAACAAGCCGTC-1",4.02910272143313
"CTCGAAACACATTAGC-1",1.39429742384286
"CTCGAAACACCGAAAG-1",5.32077579204166
"CTCGAAACACGGCTAC-1",0
"CTCGAAACAGTAAGAT-1",11.8797137718825
"CTCGAGGAGCCATCGC-1",1.75600655495005
"CTCGAGGAGGGCTTCC-1",3.06246286027403
"CTCGAGGCAGATAATG-1",1.95226897900981
"CTCGAGGGTATTCTCT-1",0
"CTCGAGGGTGCCTGGT-1",1.78801928284575
"CTCGGAGAGTCCCACG-1",3.47519541334045
"CTCGGAGCACTTCTGC-1",10.3414920707583
"CTCGGAGCAGCTGCAC-1",1.49519531482676
"CTCGGAGCAGGATCGA-1",0
"CTCGGAGGTAGCCTAT-1",0
"CTCGGAGGTCATGCCG-1",1.59300264994819
"CTCGGAGTCAAACGGG-1",1.91996529756053
"CTCGGAGTCACATACG-1",9.72214313708898
"CTCGGAGTCAGCTTAG-1",0
"CTCGGGAAGACCTAGG-1",1.39429742384286
"CTCGGGACACAGCCCA-1",0
"CTCGGGACATAAAGGT-1",8.45417433926586
"CTCGGGACATCCCACT-1",5.11591394811963
"CTCGGGACATGTCGAT-1",3.01641767783144
"CTCGGGAGTCGCGTGT-1",3.46359798888604
"CTCGGGAGTGACTACT-1",2.11188975909573
"CTCGGGAGTTACGACT-1",8.43432059569411
"CTCGGGATCCGTACAA-1",5.28796466964367
"CTCGGGATCCTTGACC-1",9.95474078638653
"CTCGGGATCTTGTTTG-1",1.77650710215293
"CTCGTACAGCGATAGC-1",0
"CTCGTACCAGCGTAAG-1",5.19347472449711
"CTCGTACCATAGTAAG-1",5.99013651095523
"CTCGTACGTAGAGTGC-1",0
"CTCGTACGTATCACCA-1",2.89127948768423
"CTCGTACGTGCAGTAG-1",10.2144595372803
"CTCGTACTCAAAGTAG-1",5.22343029539466
"CTCGTACTCAATCTCT-1",1.84897736262192
"CTCGTACTCGTTGCCT-1",0
"CTCGTACTCTGGTTCC-1",12.1422388118109
"CTCGTCAAGATGCCTT-1",0
"CTCGTCAAGTGGAGTC-1",0.960461950187293
"CTCGTCAAGTTTGCGT-1",0
"CTCGTCACAACGATCT-1",11.1904691532123
"CTCGTCACACATCCGG-1",7.03632683077892
"CTCGTCACAGTCGTGC-1",1.49492693042676
"CTCGTCAGTCTCATCC-1",4.32666293096585
"CTCGTCAGTCTCCATC-1",4.16342973535429
"CTCGTCAGTGAGCGAT-1",6.97777611577627
"CTCGTCAGTTGACGTT-1",0
"CTCGTCAGTTGGGACA-1",1.75600655495005
"CTCGTCATCACTTATC-1",0
"CTCGTCATCGACCAGC-1",3.67757934626502
"CTCGTCATCTGCTGTC-1",0
"CTCTAATCACCAGGTC-1",2.99169929788279
"CTCTAATCACGGTGTC-1",1.78801928284575
"CTCTAATCAGGAATCG-1",1.97136480093404
"CTCTAATGTCCAAGTT-1",0
"CTCTACGAGCTAAACA-1",6.92699796674891
"CTCTACGAGCTAGTGG-1",7.11880913512727
"CTCTACGAGTACGCCC-1",0
"CTCTACGAGTAGGCCA-1",3.56225755586203
"CTCTACGCAATAACGA-1",0
"CTCTACGCAGACGCTC-1",4.57097260439952
"CTCTACGCATGACATC-1",0
"CTCTACGTCATGTCTT-1",1.78801928284575
"CTCTACGTCCCTAATT-1",6.16595900364689
"CTCTACGTCGGCATCG-1",4.493588403658
"CTCTACGTCGGTCTAA-1",5.82081588426464
"CTCTGGTAGCGTTCCG-1",1.49519531482676
"CTCTGGTAGGCATGGT-1",0
"CTCTGGTAGTGCCAGA-1",0
"CTCTGGTCACAAGCCC-1",3.97863429814046
"CTCTGGTCAGCCTTTC-1",4.23958542152754
"CTCTGGTTCATCTGTT-1",0
"CTCTGGTTCTTGTACT-1",7.89603453439912
"CTGAAACAGATCCCGC-1",1.52627547128452
"CTGAAACAGGTGCTAG-1",0
"CTGAAACAGTCCGTAT-1",3.63168124108423
"CTGAAACAGTGTCTCA-1",5.96827679082997
"CTGAAACGTCATCGGC-1",2.80440877793571
"CTGAAACGTTAAAGAC-1",0
"CTGAAACTCATACGGT-1",1.46326769867346
"CTGAAGTAGTGCGTGA-1",3.16469214097896
"CTGAAGTCAGCTGTAT-1",1.95226897900981
"CTGAAGTGTTAAAGTG-1",7.91210163855404
"CTGAAGTTCAAGCCTA-1",0
"CTGAAGTTCGGATGTT-1",9.64778710817492
"CTGATAGAGGGAGTAA-1",0
"CTGATAGAGTGCAAGC-1",0
"CTGATAGCAGCCTTTC-1",1.73531514495429
"CTGATAGCATCCCATC-1",0
"CTGATAGCATCTCCCA-1",10.1908285647513
"CTGATAGGTCAAAGCG-1",3.33991533259042
"CTGATAGGTCGCTTTC-1",1.77650710215293
"CTGATAGGTTACGACT-1",8.87826341841751
"CTGATAGTCGCGATCG-1",6.57958798997378
"CTGATCCAGGCATTGG-1",9.72214313708898
"CTGATCCAGGTGACCA-1",6.57958798997378
"CTGATCCCACAGAGGT-1",3.97863429814046
"CTGATCCCAGGCTGAA-1",0
"CTGATCCGTGCCTGGT-1",12.6361989608565
"CTGATCCGTTATCCGA-1",4.70516637493
"CTGATCCGTTGTGGCC-1",1.28227877722513
"CTGCCTAAGGGTCTCC-1",1.46749198114847
"CTGCCTAAGGTGATAT-1",5.71503276698014
"CTGCCTAAGTACGCGA-1",3.71937816479703
"CTGCCTAAGTGCGTGA-1",2.98782108258746
"CTGCCTACATCCCACT-1",2.7523085483578
"CTGCCTATCAATAAGG-1",3.33991533259042
"CTGCGGAAGAAGGACA-1",1.26504015021883
"CTGCGGAAGAGCTGGT-1",6.84477527290054
"CTGCGGAAGATGAGAG-1",3.13726194384262
"CTGCGGACAGGTCGTC-1",0
"CTGCGGACATGTCTCC-1",6.57958798997378
"CTGCGGAGTCACTTCC-1",12.6361989608565
"CTGCGGAGTCGTGGCT-1",4.64366842679946
"CTGCGGAGTTCTGTTT-1",1.23484197164666
"CTGCGGAGTTGGACCC-1",0
"CTGCGGATCGCCTGTT-1",1.52234184406307
"CTGCGGATCTTACCGC-1",1.93908418398491
"CTGCTGTAGGGTGTTG-1",4.16813496670068
"CTGCTGTAGTACCGGA-1",4.82633198574696
"CTGCTGTAGTGGAGAA-1",6.44494716718701
"CTGCTGTCACATCTTT-1",3.71139486275597
"CTGCTGTGTTAAAGAC-1",4.28004021190118
"CTGCTGTTCTCCAACC-1",3.92059056284167
"CTGCTGTTCTTACCGC-1",10.5214999708213
"CTGGTCTAGCGTTGCC-1",4.36958816378029
"CTGGTCTAGGACAGCT-1",1.20851858622415
"CTGGTCTAGGGCTTGA-1",2.7523085483578
"CTGGTCTAGTCGAGTG-1",5.28796466964367
"CTGGTCTCAAAGGAAG-1",10.7786004374269
"CTGGTCTCACCAGTTA-1",11.6002888013943
"CTGGTCTGTACCTACA-1",0
"CTGGTCTGTACGCTGC-1",1.23466912725005
"CTGGTCTGTCCGCTGA-1",6.18667837637237
"CTGGTCTGTCCGTTAA-1",1.78801928284575
"CTGGTCTGTTCATGGT-1",4.28004021190118
"CTGGTCTGTTCGTGAT-1",7.87330349582431
"CTGGTCTTCAACGGGA-1",0
"CTGGTCTTCACTTACT-1",2.70451323198122
"CTGGTCTTCTTACCTA-1",4.32666293096585
"CTGTGCTGTATATCCG-1",5.85926046452264
"CTGTGCTGTCATCCCT-1",7.86564539045319
"CTGTGCTGTCCCTACT-1",9.3651877071707
"CTGTGCTGTCGGCACT-1",2.06042627556635
"CTGTGCTTCCATTCTA-1",6.63713006006345
"CTGTTTAAGAAACCGC-1",3.38637878326698
"CTGTTTAAGATCGATA-1",0
"CTGTTTAAGGAGTTGC-1",12.5627979458226
"CTGTTTAGTCAAAGCG-1",4.32666293096585
"CTGTTTATCAGCCTAA-1",0
"CTGTTTATCATTTGGG-1",0
"CTGTTTATCTCCAGGG-1",0
"CTGTTTATCTCTTGAT-1",2.52677652961616
"CTGTTTATCTTCTGGC-1",0
"CTTAACTAGCCAGTAG-1",4.84795879644684
"CTTAACTAGGCTCTTA-1",8.87826341841751
"CTTAACTAGGTGCACA-1",0
"CTTAACTAGTCTCGGC-1",5.85926046452264
"CTTACCGAGCGCTTAT-1",2.11188975909573
"CTTACCGAGGCTACGA-1",1.36819599085483
"CTTACCGCAGATCTGT-1",2.70930041855765
"CTTACCGCAGTCAGAG-1",2.7523085483578
"CTTACCGGTCCTGCTT-1",8.4343205956941
"CTTACCGGTCGCCATG-1",12.2006463295798
"CTTACCGGTCTACCTC-1",5.10646598948
"CTTACCGTCGGACAAG-1",1.89553501908368
"CTTAGGAAGCCCAACC-1",3.54801932657453
"CTTAGGACACGACGAA-1",3.91142511074477
"CTTAGGAGTTATGTGC-1",1.86125918309788
"CTTAGGATCCCATTTA-1",5.11591394811962
"CTTAGGATCTTTACAC-1",6.46426528002366
"CTTCTCTAGAACTCGG-1",1.8409030527332
"CTTCTCTAGAGTGAGA-1",7.02163624420081
"CTTCTCTAGCAGGCTA-1",1.59300264994819
"CTTCTCTAGTTAACGA-1",3.01641767783144
"CTTCTCTCAAAGGTGC-1",0
"CTTCTCTGTAACGACG-1",3.69973368508135
"CTTCTCTGTGCATCTA-1",9.63401472091505
"CTTCTCTTCGAGCCCA-1",1.46749198114847
"CTTGGCTAGCGATATA-1",2.03862302633411
"CTTGGCTAGTACGTTC-1",5.8990676557085
"CTTGGCTCATTACCTT-1",0
"CTTGGCTGTCTCCATC-1",8.73426909636313
"CTTGGCTTCCCTAATT-1",0
"CTTGGCTTCGCGTAGC-1",5.4361550064127
"CTTGGCTTCTCGTTTA-1",1.23466912725005
"CTTTGCGAGCAAATCA-1",0
"CTTTGCGAGCGTTCCG-1",2.52677652961616
"CTTTGCGAGTATCTCG-1",6.16595900364689
"CTTTGCGCAATTCCTT-1",2.51237107000617
"CTTTGCGCACTTAAGC-1",1.20851858622415
"CTTTGCGCAGACGCAA-1",2.1091374238726
"CTTTGCGGTAGAGGAA-1",4.28004021190118
"CTTTGCGTCCAGGGCT-1",8.4343205956941
"GAAACTCAGAGACGAA-1",8.96225085645332
"GAAACTCAGAGGTTAT-1",11.6002888013944
"GAAACTCAGCAGCCTC-1",5.22343029539466
"GAAACTCAGCCCAGCT-1",2.98782108258746
"GAAACTCAGCTAAACA-1",1.50302826221598
"GAAACTCAGTGCTGCC-1",3.02900673037218
"GAAACTCCAAGCCCAC-1",5.19347472449711
"GAAACTCCACATGACT-1",0
"GAAACTCCAGACACTT-1",3.07332205314633
"GAAACTCCATGGATGG-1",5.88993348474265
"GAAACTCGTACTCGCG-1",5.86154057900725
"GAAACTCGTAGCGATG-1",3.06246286027403
"GAAACTCGTGTGAAAT-1",1.85441043418972
"GAAACTCGTTTGTGTG-1",0
"GAAATGAAGCCAGTTT-1",3.47519541334045
"GAAATGAAGCTAGTCT-1",3.335133367815
"GAAATGAAGTACGTAA-1",0
"GAAATGATCATGCTCC-1",6.13744823214744
"GAAATGATCCTCGCAT-1",2.80440877793571
"GAACATCAGATGGCGT-1",3.47519541334045
"GAACATCCAACAACCT-1",6.9025558919269
"GAACATCCACATCTTT-1",8.91330142516346
"GAACATCCACCTATCC-1",11.8797137718825
"GAACATCCACGGACAA-1",1.84897736262192
"GAACATCCATGCTAGT-1",1.73301070682149
"GAACATCGTACGACCC-1",12.1422388118109
"GAACATCGTGGACGAT-1",2.80011233976516
"GAACATCGTTCCCGAG-1",5.72529943282323
"GAACATCTCCAAGTAC-1",8.45417433926586
"GAACATCTCGATCCCT-1",17.4116914059055
"GAACATCTCTCCAACC-1",4.18807843565441
"GAACCTAAGAACTGTA-1",0
"GAACCTAAGAGCAATT-1",0
"GAACCTAAGCCAGTAG-1",10.4379625251854
"GAACCTACAAGGACAC-1",9.42589007726579
"GAACCTACAGACACTT-1",8.87826341841751
"GAACCTAGTACCAGTT-1",4.75203144559449
"GAACCTAGTGTCAATC-1",0
"GAACCTATCACGATGT-1",0
"GAACGGAAGACGCAAC-1",8.21550226755191
"GAACGGAAGTAATCCC-1",6.44368752865336
"GAACGGAAGTCAATAG-1",5.80797850703296
"GAACGGAAGTGGACGT-1",5.80797850703296
"GAACGGACACAGCGTC-1",5.19347472449711
"GAACGGACACCTCGTT-1",0
"GAACGGACACTTAACG-1",4.63365987158338
"GAACGGAGTAGCGTAG-1",17.4116914059055
"GAACGGAGTCAGAGGT-1",5.82165964988428
"GAACGGAGTGGCGAAT-1",2.70451323198122
"GAACGGATCACTCCTG-1",0
"GAACGGATCCACGAAT-1",8.78542899353625
"GAACGGATCGTAGGAG-1",5.11591394811963
"GAACGGATCTGTCAAG-1",6.62193116904323
"GAAGCAGAGACTAAGT-1",1.46749198114847
"GAAGCAGAGAGACGAA-1",6.40600473774846
"GAAGCAGAGCCACGCT-1",2.77842071916518
"GAAGCAGAGTTCGCGC-1",3.09101684079267
"GAAGCAGCAATCCGAT-1",4.36958816378029
"GAAGCAGCAGATCTGT-1",0
"GAAGCAGCAGATGAGC-1",0
"GAAGCAGCATGAACCT-1",0
"GAAGCAGCATGGAATA-1",2.54560039204683
"GAAGCAGGTAACGCGA-1",1.52066335423564
"GAAGCAGGTCATACTG-1",1.46480049811618
"GAAGCAGTCCTAGTGA-1",0
"GAAGCAGTCTTATCTG-1",0
"GAATAAGCAAGGTGTG-1",0
"GAATAAGCAGACAAGC-1",10.1133296715622
"GAATAAGCATGCAACT-1",0
"GAATAAGGTCCGTTAA-1",2.80440877793571
"GAATAAGGTGAGTGAC-1",3.01641767783144
"GAATAAGGTTCCCTTG-1",3.65920212275153
"GAATAAGTCGTTTAGG-1",9.18195784973587
"GAATGAAAGAGTCTGG-1",1.47381749987807
"GAATGAAAGCTTATCG-1",1.93908418398491
"GAATGAAAGGCATGTG-1",16.3531095306364
"GAATGAACAAACGCGA-1",11.8797137718825
"GAATGAACAGTGAGTG-1",7.91960500121305
"GAATGAACATCATCCC-1",8.45417433926586
"GAATGAAGTCAACATC-1",4.36958816378029
"GAATGAAGTCTCACCT-1",2.52677652961616
"GAATGAAGTGGCAAAC-1",0
"GAATGAAGTTGCGTTA-1",4.79416915428882
"GAATGAATCAGTTAGC-1",0
"GAATGAATCCTGCCAT-1",0
"GACACGCAGACGCACA-1",3.30108120301863
"GACACGCAGAGTAATC-1",2.59347982111894
"GACACGCAGCCAACAG-1",9.15322347271418
"GACACGCAGGAGTTTA-1",2.11188975909573
"GACACGCAGGGCATGT-1",1.82545566694945
"GACACGCAGGTGCACA-1",0
"GACACGCAGTCCAGGA-1",1.29291860306141
"GACACGCAGTGGGATC-1",2.7523085483578
"GACACGCAGTGGGTTG-1",0
"GACACGCCAAGCGTAG-1",0
"GACACGCCAAGGACAC-1",4.16342973535429
"GACACGCCAGACGCTC-1",4.32666293096585
"GACACGCCATCCTTGC-1",1.23466912725005
"GACACGCGTTCACGGC-1",0
"GACACGCTCATGTAGC-1",1.26504015021883
"GACAGAGAGTACGATA-1",2.52677652961616
"GACAGAGCAACGATCT-1",2.07429610670219
"GACAGAGCAAGTCTAC-1",0
"GACAGAGCAGCTCCGA-1",1.20851858622415
"GACAGAGCAGCTGGCT-1",1.49519531482676
"GACAGAGTCAAACAAG-1",0
"GACAGAGTCAGAGACG-1",9.15322347271418
"GACAGAGTCCTTCAAT-1",6.92699796674891
"GACAGAGTCCTTGCCA-1",0
"GACAGAGTCTTCATGT-1",3.90512857445664
"GACCAATAGAAGGGTA-1",0
"GACCAATAGCTACCGC-1",12.220847861621
"GACCAATAGCTACCTA-1",9.58182922754551
"GACCAATCAGGTGCCT-1",4.28004021190118
"GACCAATCATGCGCAC-1",2.31368499175886
"GACCAATGTACAGTTC-1",6.9025558919269
"GACCAATGTCGCTTCT-1",9.15322347271418
"GACCAATTCCGATATG-1",1.7118617553295
"GACCAATTCGAATGGG-1",6.57958798997378
"GACCAATTCGTCACGG-1",7.89603453439912
"GACCTGGCATCACAAC-1",5.22343029539466
"GACCTGGCATGTCTCC-1",10.6267753304858
"GACCTGGCATTGGCGC-1",0
"GACCTGGGTAAAGGAG-1",5.22343029539466
"GACCTGGGTCCAGTTA-1",4.18807843565441
"GACCTGGGTGCAGTAG-1",3.01641767783144
"GACCTGGTCATAGCAC-1",3.31178388446108
"GACCTGGTCCTTGCCA-1",1.95226897900981
"GACCTGGTCGCATGAT-1",8.96225085645332
"GACCTGGTCGTCACGG-1",4.87077723055911
"GACGCGTAGTGGTAAT-1",0
"GACGCGTAGTTGTAGA-1",10.3414920707583
"GACGCGTGTAAAGGAG-1",0
"GACGCGTGTGTGAAAT-1",4.93601469691287
"GACGCGTGTTAAGACA-1",0
"GACGCGTTCAAACCGT-1",9.63401472091505
"GACGCGTTCCAAATGC-1",2.80898614128728
"GACGCGTTCCGCGGTA-1",9.3651877071707
"GACGCGTTCCTACAGA-1",1.52234184406307
"GACGCGTTCTCCGGTT-1",4.16463937640157
"GACGGCTAGAAGATTC-1",11.1315902107244
"GACGGCTAGAGCTGGT-1",5.4361550064127
"GACGGCTCAAGGTTTC-1",0
"GACGGCTCACCGCTAG-1",1.78801928284575
"GACGGCTCATGAACCT-1",3.66549483336112
"GACGGCTCATGCAACT-1",0
"GACGGCTGTGTGTGCC-1",5.99013651095523
"GACGGCTGTTATGTGC-1",8.53045956908745
"GACGGCTGTTTGGCGC-1",0
"GACGGCTTCTATCGCC-1",1.23484197164666
"GACGTGCAGGCAAAGA-1",0
"GACGTGCAGGGTGTGT-1",4.493588403658
"GACGTGCAGGTGTTAA-1",7.31483046828159
"GACGTGCCAGGTCGTC-1",8.45417433926586
"GACGTGCGTAACGTTC-1",7.57012733242481
"GACGTGCTCACCTCGT-1",6.59896674942295
"GACGTTAAGCTACCGC-1",4.44224412095667
"GACGTTAAGGCAAAGA-1",2.99268431400609
"GACGTTAAGTCAAGCG-1",0
"GACGTTACAAGCCATT-1",1.86125918309788
"GACGTTACAAGGTTTC-1",4.02910272143313
"GACGTTACAGACACTT-1",3.05812082563435
"GACGTTAGTATCTGCA-1",1.8409030527332
"GACGTTAGTTTGACAC-1",1.74656133085108
"GACGTTAGTTTGACTG-1",3.09101684079267
"GACGTTATCACAGGCC-1",5.3286549487423
"GACGTTATCATTGCGA-1",0
"GACGTTATCCCGGATG-1",9.3651877071707
"GACGTTATCCGAAGAG-1",1.84897736262192
"GACGTTATCGCGTTTC-1",2.89127948768423
"GACGTTATCTGTCCGT-1",1.7118617553295
"GACTAACAGACAGAGA-1",2.99268431400609
"GACTAACAGTGGAGAA-1",3.62218111578261
"GACTAACCAAATCCGT-1",5.47047244332028
"GACTAACGTCTAGTCA-1",1.16397646005212
"GACTAACGTGCAACTT-1",6.62193116904323
"GACTAACGTTCAGACT-1",1.08831924450702
"GACTAACTCCTTTCTC-1",3.47519541334045
"GACTAACTCTTGCCGT-1",3.01641767783144
"GACTAACTCTTTACAC-1",0
"GACTACAAGATATGGT-1",6.57958798997378
"GACTACACAAATCCGT-1",3.10256214669504
"GACTACAGTGCTGTAT-1",0
"GACTACATCAGCCTAA-1",6.46544519877353
"GACTACATCAGGTAAA-1",3.75838948842376
"GACTACATCTGCAGTA-1",3.90512857445664
"GACTGCGAGCGTAGTG-1",4.14591350009167
"GACTGCGAGTTGTAGA-1",0
"GACTGCGCACTTAACG-1",0
"GACTGCGCATGTTCCC-1",3.90325902427199
"GACTGCGGTACGCACC-1",3.335133367815
"GACTGCGGTTCTCATT-1",5.28796466964367
"GACTGCGTCAACACAC-1",1.52627547128452
"GACTGCGTCACGACTA-1",6.63713006006345
"GACTGCGTCGCCCTTA-1",3.69776819065941
"GACTGCGTCTCAAACG-1",2.29301136085359
"GAGCAGAGTAGGGTAC-1",1.57605208029777
"GAGCAGAGTCAGATAA-1",1.77528463202455
"GAGCAGAGTCATATGC-1",6.46544519877353
"GAGCAGAGTGAGCGAT-1",6.57958798997378
"GAGCAGAGTGTAACGG-1",13.1131139946334
"GAGCAGAGTGTGACCC-1",5.61298835565076
"GAGCAGAGTTCGGGCT-1",3.4852889781518
"GAGCAGAGTTTAAGCC-1",0
"GAGCAGAGTTTGCATG-1",1.23466912725005
"GAGGTGAAGCAACGGT-1",1.86678477415487
"GAGGTGAAGGCTCTTA-1",0
"GAGGTGAAGTGGTAGC-1",4.94575210349894
"GAGGTGAAGTTGTAGA-1",9.3651877071707
"GAGGTGACACTGTCGG-1",0
"GAGGTGACATCCTTGC-1",8.45417433926586
"GAGGTGACATGCATGT-1",0
"GAGGTGAGTACCTACA-1",6.63713006006345
"GAGGTGAGTCATTAGC-1",1.46749198114847
"GAGGTGAGTTCCTCCA-1",3.35968020847517
"GAGGTGATCATCGCTC-1",9.93928852792537
"GAGGTGATCTAGAGTC-1",5.80797850703296
"GAGGTGATCTCTAGGA-1",6.84477527290053
"GAGGTGATCTGCTGTC-1",5.78262247170397
"GAGGTGATCTGGGCCA-1",0
"GAGTCCGAGGACAGAA-1",1.49492693042676
"GAGTCCGAGGCATGTG-1",6.10379623725766
"GAGTCCGAGGCGTACA-1",0
"GAGTCCGCAAACCCAT-1",8.34949781073215
"GAGTCCGGTCAAGCGA-1",0
"GAGTCCGGTGACCAAG-1",15.5567674312541
"GAGTCCGGTGACTCAT-1",8.2346263361017
"GAGTCCGGTGTGACCC-1",9.71940935519288
"GAGTCCGGTTCGGGCT-1",0
"GAGTCCGGTTTGCATG-1",0
"GAGTCCGTCGGCGCAT-1",3.09101684079267
"GAGTCCGTCTGATTCT-1",1.89553501908368
"GATCAGTAGATGTCGG-1",0
"GATCAGTAGTGGTAGC-1",0
"GATCAGTGTATATGAG-1",1.23466912725005
"GATCAGTGTCTGCGGT-1",9.63401472091505
"GATCAGTGTTATGCGT-1",3.33991533259042
"GATCAGTGTTGTACAC-1",1.23466912725005
"GATCGATAGAATGTTG-1",2.89127948768423
"GATCGATAGAGCTGCA-1",8.42746381660257
"GATCGATAGCATGGCA-1",7.54326079415674
"GATCGATCAAGCGAGT-1",1.86493826954485
"GATCGATCAAGCGTAG-1",8.87331113485995
"GATCGATGTCAACATC-1",0
"GATCGATGTTGCCTCT-1",8.03285670657733
"GATCGATTCCGCATCT-1",4.18807843565441
"GATCGCGAGATAGTCA-1",3.39522085196871
"GATCGCGAGCCTTGAT-1",3.44531949108154
"GATCGCGAGGAGCGTT-1",1.2672350011039
"GATCGCGCAGGTCGTC-1",0
"GATCGCGGTACAGCAG-1",4.84795879644684
"GATCGCGGTGAGTATA-1",6.10379623725766
"GATCGCGGTTGTCGCG-1",11.0298272868561
"GATCGCGTCACTCCTG-1",3.67757934626502
"GATCGTAAGACATAAC-1",0.960461950187293
"GATCGTAAGCTCAACT-1",6.25897614779468
"GATCGTACATAACCTG-1",11.1346098733685
"GATCGTAGTGGCTCCA-1",1.84897736262192
"GATCGTATCATATCGG-1",3.54801932657453
"GATCGTATCATGTCCC-1",3.38637878326698
"GATCGTATCTTACCGC-1",11.1904691532123
"GATCTAGAGCGTCTAT-1",0
"GATCTAGAGTGGAGAA-1",11.4352533925287
"GATCTAGCAACACCTA-1",10.4379625251854
"GATCTAGCAAGGGTCA-1",2.23845135518417
"GATCTAGGTCTAAAGA-1",0
"GATCTAGGTCTCACCT-1",11.1315902107244
"GATCTAGGTCTCTTTA-1",2.29301136085359
"GATCTAGTCACATAGC-1",0
"GATCTAGTCTAAGCCA-1",0
"GATGAAAAGAGTAATC-1",0
"GATGAAAAGCTCCCAG-1",1.28227877722513
"GATGAAACACGGTAGA-1",7.31483046828159
"GATGAAACAGCTGTAT-1",0
"GATGAAAGTGGGTATG-1",0
"GATGAAATCACCCTCA-1",10.5214999708213
"GATGAAATCACTCCTG-1",11.1315902107244
"GATGAAATCAGCAACT-1",1.86493826954485
"GATGAAATCGAGAGCA-1",5.37212095481831
"GATGAGGAGATCCCGC-1",0
"GATGAGGAGTTCGATC-1",0
"GATGAGGCACCAGTTA-1",3.10429630521152
"GATGAGGGTATCACCA-1",0
"GATGAGGGTATTCGTG-1",14.0696314893923
"GATGAGGGTCGCGTGT-1",0
"GATGAGGGTGATGATA-1",0
"GATGAGGTCACAGGCC-1",0
"GATGAGGTCACATAGC-1",2.70930041855765
"GATGAGGTCCCTTGTG-1",2.77842071916518
"GATGAGGTCTGCTGTC-1",6.63713006006345
"GATGCTAAGACTAAGT-1",1.20851858622415
"GATGCTAAGGATGCGT-1",3.65920212275153
"GATGCTAAGGCTCTTA-1",2.29301136085359
"GATGCTAAGGGAACGG-1",2.03862302633411
"GATGCTAAGTATCTCG-1",6.84477527290054
"GATGCTAAGTCTCGGC-1",2.88148377412234
"GATGCTACATGTTGAC-1",4.56150489347689
"GATGCTACATTGCGGC-1",6.47673436800633
"GATGCTAGTCTCCATC-1",0
"GATGCTAGTGGAAAGA-1",1.93299358606497
"GATGCTAGTTAGGGTG-1",10.2144595372803
"GATGCTATCCTGTACC-1",0
"GATGCTATCGGCGCTA-1",12.9916675743294
"GATTCAGAGAAACCTA-1",3.335133367815
"GATTCAGAGAGTGACC-1",6.15509836395924
"GATTCAGAGATTACCC-1",1.49519531482676
"GATTCAGAGGGTCGAT-1",8.87826341841751
"GATTCAGAGGTCGGAT-1",6.54170066832614
"GATTCAGAGTCAATAG-1",0
"GATTCAGCAAGTTGTC-1",0.960461950187293
"GATTCAGCAATTCCTT-1",2.23845135518417
"GATTCAGCAGGGTACA-1",6.15099985693946
"GATTCAGCATCGACGC-1",10.7558732720073
"GATTCAGCATTATCTC-1",4.18807843565441
"GATTCAGGTAAATACG-1",0
"GATTCAGTCAACTCTT-1",4.57097260439952
"GCAAACTAGATGTTAG-1",0
"GCAAACTAGTCATGCT-1",5.33138057255424
"GCAAACTAGTCTCAAC-1",6.65826005901998
"GCAAACTCACAGGTTT-1",0
"GCAAACTGTCAGATAA-1",17.4116914059055
"GCAAACTGTCTCCATC-1",7.91210163855404
"GCAAACTTCGTGGTCG-1",0
"GCAATCAAGGGATCTG-1",2.31368499175886
"GCAATCAAGTATCTCG-1",3.43458983885718
"GCAATCAAGTGGGTTG-1",4.57097260439952
"GCAATCACAGCTTAAC-1",6.97777611577627
"GCAATCACATGTCGAT-1",13.7235083166743
"GCAATCACATTCCTCG-1",3.13726194384262
"GCAATCAGTAGGAGTC-1",5.85926046452264
"GCAATCAGTATAATGG-1",3.02900673037218
"GCAATCAGTTCTCATT-1",0
"GCAATCAGTTCTGGTA-1",2.6661473382878
"GCACATAAGAGCTATA-1",1.95226897900981
"GCACATAAGATGTTAG-1",12.1422388118109
"GCACATAAGCCTTGAT-1",8.06385656908813
"GCACATAAGGAGTACC-1",1.46326769867346
"GCACATAAGTGAAGTT-1",3.98986879360814
"GCACATACACCACGTG-1",1.67246144572645
"GCACATACAGCTGTAT-1",2.02938239688531
"GCACATACAGGAACGT-1",9.78076366447516
"GCACATAGTCATCGGC-1",2.11188975909573
"GCACATAGTCCGAATT-1",8.44098478770694
"GCACATAGTCTCTTTA-1",5.99013651095523
"GCACATAGTGCGCTTG-1",6.27141609294591
"GCACATATCACCTCGT-1",0
"GCACATATCTGGTTCC-1",2.54560039204683
"GCACTCTCAAGACACG-1",0
"GCACTCTCAATCACAC-1",0.960461950187293
"GCACTCTCATTTCAGG-1",8.43432059569411
"GCACTCTGTAAACCTC-1",17.4116914059055
"GCACTCTGTACCAGTT-1",0
"GCACTCTGTAGAAAGG-1",11.1346098733685
"GCACTCTGTCGAACAG-1",8.03064994703714
"GCACTCTGTCTAGGTT-1",2.23845135518417
"GCACTCTTCAACTCTT-1",10.5214999708213
"GCACTCTTCCCTAATT-1",1.16397646005212
"GCACTCTTCTGCCCTA-1",2.29301136085359
"GCAGCCAAGCTGATAA-1",3.335133367815
"GCAGCCACATGAGCGA-1",1.91996529756053
"GCAGCCAGTAATCGTC-1",3.65920212275153
"GCAGCCAGTGTCGCTG-1",2.68565277363507
"GCAGCCATCAGTTGAC-1",17.4116914059055
"GCAGCCATCCCAACGG-1",0
"GCAGCCATCCGTACAA-1",4.16463937640157
"GCAGTTAAGTCCATAC-1",4.23958542152754
"GCAGTTAAGTCCGTAT-1",8.85260782564993
"GCAGTTAAGTTAACGA-1",1.95226897900981
"GCAGTTAGTGGACGAT-1",0
"GCAGTTAGTTATTCTC-1",8.2346263361017
"GCAGTTATCGCGATCG-1",9.88917505684314
"GCATACAAGATCTGCT-1",1.49519531482676
"GCATACAAGCAACGGT-1",4.23958542152754
"GCATACACAACGCACC-1",0
"GCATACACAAGGACTG-1",1.28227877722513
"GCATACACAAGTCTGT-1",1.93908418398491
"GCATACACAGTCAGCC-1",0
"GCATACACATCCTAGA-1",12.9916675743294
"GCATACACATCGGAAG-1",5.89605409329106
"GCATACAGTCCGAACC-1",3.29893322409774
"GCATACAGTTCTGGTA-1",4.63409275640538
"GCATACATCCACGACG-1",5.37604282920492
"GCATGATAGAATGTTG-1",3.09101684079267
"GCATGATAGAGTAATC-1",5.32077579204166
"GCATGATAGCTGATAA-1",10.5791460336598
"GCATGATAGGACCACA-1",0
"GCATGATAGGCTAGCA-1",9.93667548517373
"GCATGATAGTCAAGCG-1",1.97136480093404
"GCATGATAGTGGAGAA-1",0.960461950187293
"GCATGATCACACCGAC-1",6.57958798997378
"GCATGATCACATTTCT-1",3.38637878326698
"GCATGATGTCCCTACT-1",10.7786004374269
"GCATGATGTTGCGCAC-1",1.95226897900981
"GCATGATTCGTGGACC-1",3.47519541334045
"GCATGCGAGCATGGCA-1",3.36709521235664
"GCATGCGAGTCCAGGA-1",8.45488946071357
"GCATGCGCACTGCCAG-1",0
"GCATGCGGTAAGGATT-1",2.0491530953547
"GCATGCGGTCCTCTTG-1",3.67435110143523
"GCATGCGGTGTGAAAT-1",1.2672350011039
"GCATGCGTCCGCGGTA-1",3.01641767783144
"GCATGTAAGAACTGTA-1",4.11787849426577
"GCATGTAAGACAGACC-1",3.58257537539579
"GCATGTAAGTACTTGC-1",0
"GCATGTAAGTGCAAGC-1",3.38637878326698
"GCATGTACAACACGCC-1",2.68565277363507
"GCATGTATCACGAAGG-1",2.57506183776122
"GCCAAATCAAACTGTC-1",4.44224412095667
"GCCAAATCAAGGGTCA-1",0
"GCCAAATCAAGTTCTG-1",0
"GCCAAATCATAACCTG-1",1.73531514495429
"GCCAAATGTATAAACG-1",6.47673436800633
"GCCAAATGTGTTTGGT-1",0.960461950187293
"GCCAAATGTTTCGCTC-1",3.27182731022575
"GCCAAATTCAGGTAAA-1",0
"GCCAAATTCCGAGCCA-1",6.10379623725766
"GCCAAATTCCGCGGTA-1",2.07429610670219
"GCCAAATTCGGCTACG-1",2.03862302633411
"GCCTCTAAGAGTACCG-1",4.79416915428882
"GCCTCTAAGCCATCGC-1",1.82545566694945
"GCCTCTAAGCCGCCTA-1",3.7511264775348
"GCCTCTAAGCGATAGC-1",11.1904691532123
"GCCTCTAAGCTGCAAG-1",1.46749198114847
"GCCTCTAAGCTTCGCG-1",2.23845135518417
"GCCTCTAAGTCACGCC-1",0
"GCCTCTACAAGACGTG-1",7.87330349582431
"GCCTCTACAGCTATTG-1",9.34316201415344
"GCCTCTAGTAAGGATT-1",3.47519541334045
"GCCTCTAGTGATGATA-1",11.1346098733685
"GCCTCTAGTTAAGGGC-1",1.20851858622415
"GCCTCTATCAGCGACC-1",8.03064994703714
"GCCTCTATCCGATATG-1",8.91330142516346
"GCCTCTATCGAATCCA-1",1.85942656011826
"GCCTCTATCGAGCCCA-1",3.335133367815
"GCCTCTATCGCTGATA-1",1.93908418398491
"GCCTCTATCTTTAGGG-1",1.59300264994819
"GCGACCAAGAGGTTAT-1",1.91996529756053
"GCGACCACACTTACGA-1",4.70516637493
"GCGACCAGTCAGGACA-1",11.6002888013943
"GCGACCAGTCTAGAGG-1",1.16397646005212
"GCGACCATCAACGGGA-1",5.3853717815723
"GCGACCATCCCGGATG-1",3.90325902427199
"GCGACCATCTACTCAT-1",2.62805542099061
"GCGAGAAAGGTTCCTA-1",0
"GCGAGAAAGTACGATA-1",2.77842071916518
"GCGAGAAAGTGTCTCA-1",1.59300264994819
"GCGAGAACAAGCCCAC-1",1.93908418398491
"GCGAGAACACTGAAGG-1",11.1315902107244
"GCGAGAAGTAGCGCTC-1",15.5567674312541
"GCGAGAAGTCCCTACT-1",0
"GCGAGAATCCTTTCGG-1",2.1091374238726
"GCGAGAATCGAGAGCA-1",6.00513078059844
"GCGAGAATCGCACTCT-1",0
"GCGCAACAGTCCTCCT-1",0
"GCGCAACAGTGTACGG-1",0
"GCGCAACCAAGTCTGT-1",0
"GCGCAACCAGCCACCA-1",3.63168124108423
"GCGCAACGTAGCGCTC-1",4.02910272143313
"GCGCAACGTCCCTTGT-1",9.93667548517373
"GCGCAACGTCCTAGCG-1",1.46749198114847
"GCGCAACGTCGACTAT-1",8.04404645609202
"GCGCAACGTCTAGAGG-1",3.34975108337724
"GCGCAACTCAATACCG-1",3.01977090377994
"GCGCAGTCACATCCAA-1",0
"GCGCAGTCATTACCTT-1",5.65416626717772
"GCGCAGTGTTAGGGTG-1",0
"GCGCAGTTCGATCCCT-1",1.62661684555831
"GCGCAGTTCGCGGATC-1",0
"GCGCCAAAGACATAAC-1",0
"GCGCCAAAGGACAGCT-1",0
"GCGCCAAAGGCCCTTG-1",0
"GCGCCAAAGGGCTTCC-1",0
"GCGCCAAAGGTACTCT-1",5.19526423730789
"GCGCCAACATAACCTG-1",4.10398364261105
"GCGCCAACATTGGGCC-1",3.62218111578261
"GCGCCAAGTACTTGAC-1",9.42589007726579
"GCGCCAAGTCGGCACT-1",5.96827679082997
"GCGCCAAGTGAAAGAG-1",3.09101684079267
"GCGCCAAGTTGTACAC-1",13.19665445934
"GCGCCAATCCGTTGCT-1",3.77361754587793
"GCGCGATAGAAGGTTT-1",2.03862302633411
"GCGCGATAGCAGGTCA-1",0
"GCGCGATAGTGAATTG-1",4.28004021190118
"GCGCGATAGTTTGCGT-1",1.95226897900981
"GCGCGATCAGCTCGAC-1",0
"GCGCGATGTAAGTAGT-1",5.33138057255424
"GCGCGATGTCACTTCC-1",3.62218111578261
"GCGCGATGTTACCAGT-1",5.11591394811963
"GCGCGATTCAGTTAGC-1",14.0322065346734
"GCGCGATTCGTTTAGG-1",1.78801928284575
"GCGGGTTAGAAACGAG-1",4.79416915428882
"GCGGGTTAGCTATGCT-1",6.59842654724279
"GCGGGTTAGTGTGAAT-1",0
"GCGGGTTCACGCGAAA-1",0
"GCGGGTTCAGGCAGTA-1",0
"GCGGGTTCAGTAACGG-1",2.07429610670219
"GCGGGTTGTGAGTATA-1",1.77528463202455
"GCGGGTTGTGGCGAAT-1",8.47500764738293
"GCGGGTTTCCAAAGTC-1",0
"GCGGGTTTCCTTTCTC-1",5.47047244332028
"GCGGGTTTCTCCAACC-1",9.48860391993645
"GCGGGTTTCTTGAGGT-1",10.1133296715622
"GCGGGTTTCTTGTATC-1",4.23958542152754
"GCTCCTACAAACTGTC-1",4.93601469691287
"GCTCCTACACCAGGTC-1",3.62218111578261
"GCTCCTACACCGATAT-1",0
"GCTCCTACAGGGTACA-1",2.99012224525351
"GCTCCTACATTAGCCA-1",6.84477527290053
"GCTCCTAGTCAGGACA-1",1.74188585581586
"GCTCCTAGTCCGTCAG-1",3.69973368508135
"GCTCCTATCAGCCTAA-1",0
"GCTCCTATCCCTAATT-1",0
"GCTCTGTAGAGGTAGA-1",5.47047244332028
"GCTCTGTAGCTGAACG-1",7.91210163855404
"GCTCTGTAGGAGTCTG-1",4.56150489347689
"GCTCTGTAGTGCTGCC-1",0
"GCTCTGTAGTGGACGT-1",3.29893322409774
"GCTCTGTTCACCTCGT-1",0
"GCTGCAGAGCGTGAGT-1",8.4343205956941
"GCTGCAGAGTCAAGCG-1",0
"GCTGCAGAGTCCCACG-1",0
"GCTGCAGCAATTGCTG-1",9.93667548517373
"GCTGCAGCATGCCCGA-1",3.62218111578261
"GCTGCAGCATGCCTAA-1",0
"GCTGCAGGTAAACCTC-1",5.88993348474265
"GCTGCAGGTACGAAAT-1",3.38637878326698
"GCTGCAGGTAGCGCAA-1",0
"GCTGCAGGTCACCCAG-1",1.26504015021883
"GCTGCAGGTCATGCCG-1",2.68565277363507
"GCTGCGAAGGAATGGA-1",3.51181645813849
"GCTGCGAGTCTAACGT-1",0
"GCTGCGAGTGTTTGGT-1",0
"GCTGCGATCTCCTATA-1",1.78801928284575
"GCTGCGATCTTGTTTG-1",1.78801928284575
"GCTGCTTAGAATTGTG-1",0
"GCTGCTTAGGCAATTA-1",3.13726194384262
"GCTGCTTCATCACGTA-1",1.79468210501893
"GCTGCTTCATCCAACA-1",0
"GCTGCTTCATGCCTAA-1",3.66549483336112
"GCTGCTTCATGGTCAT-1",1.8409030527332
"GCTGCTTGTAACGACG-1",0
"GCTGCTTGTAATCGTC-1",0
"GCTGCTTGTAGGGACT-1",4.79716690628091
"GCTGCTTGTGAAAGAG-1",1.79426385320667
"GCTGCTTTCCGGGTGT-1",5.46536841008162
"GCTGGGTAGACCCACC-1",0
"GCTGGGTAGCCACGCT-1",5.88993348474265
"GCTGGGTAGTCGCCGT-1",12.9916675743294
"GCTGGGTAGTCTCAAC-1",5.80797850703296
"GCTGGGTCACGGCTAC-1",0
"GCTGGGTCAGCCAATT-1",6.62193116904323
"GCTGGGTGTACAGTTC-1",7.89603453439912
"GCTGGGTGTACCGTTA-1",3.90325902427199
"GCTGGGTGTCGAGTTT-1",3.71937816479703
"GCTGGGTGTCTCCACT-1",0
"GCTGGGTGTGCCTGTG-1",5.57880472491529
"GCTGGGTTCAGCTTAG-1",0
"GCTGGGTTCCTTAATC-1",3.27182731022575
"GCTTCCAAGAAACCTA-1",9.655045937533
"GCTTCCACACCACCAG-1",1.91996529756053
"GCTTCCACAGGTCGTC-1",14.0696314893923
"GCTTCCACAGTGAGTG-1",3.02900673037218
"GCTTCCAGTATAGGTA-1",0
"GCTTCCAGTTCAGCGC-1",14.0874580477738
"GCTTCCATCGTCCAGG-1",5.37604282920492
"GCTTGAAAGATGGCGT-1",9.18195784973587
"GCTTGAAAGCCGTCGT-1",3.71937816479703
"GCTTGAACAAACCTAC-1",0
"GCTTGAACACGGTGTC-1",8.04404645609202
"GCTTGAACATCGGAAG-1",4.21114626136754
"GCTTGAAGTGCGGTAA-1",1.22017324390309
"GCTTGAAGTTCTCATT-1",8.87826341841751
"GCTTGAATCAGGATCT-1",0
"GGAAAGCAGGCAGGTT-1",5.37604282920492
"GGAAAGCCAAACGCGA-1",6.9035704342641
"GGAAAGCCAAGTACCT-1",1.23466912725005
"GGAAAGCGTAAGCACG-1",1.86125918309788
"GGAAAGCGTCCTCCAT-1",9.79950955744326
"GGAAAGCGTCGCGTGT-1",3.91142511074477
"GGAAAGCGTGCTTCTC-1",5.3853717815723
"GGAAAGCTCCAGAGGA-1",2.52677652961616
"GGAACTTAGAGTAAGG-1",0
"GGAACTTCAATGTAAG-1",7.91210163855404
"GGAACTTCACAGGAGT-1",2.57506183776122
"GGAACTTCACCTCGTT-1",5.22343029539466
"GGAACTTGTCTCTTTA-1",5.01585046323124
"GGAACTTTCATTGCCC-1",7.91210163855404
"GGAACTTTCATTTGGG-1",10.2240931243985
"GGAACTTTCCGTCATC-1",1.85441043418972
"GGAACTTTCCTCAACC-1",5.86154057900725
"GGAACTTTCGGATGTT-1",4.32666293096585
"GGAATAAAGGTACTCT-1",0
"GGAATAAAGTGTCCAT-1",1.52627547128452
"GGAATAACAGCGTCCA-1",3.69776819065941
"GGAATAAGTCTGGTCG-1",10.1133296715622
"GGAATAAGTGCAGGTA-1",6.46544519877353
"GGAATAATCAGCACAT-1",0
"GGAATAATCTTTACGT-1",1.52627547128452
"GGACAAGAGGTACTCT-1",6.95983822824142
"GGACAAGCAACGATGG-1",1.81763797610274
"GGACAAGCAGTCGTGC-1",0
"GGACAAGCATGGGACA-1",4.23958542152754
"GGACAAGGTATAAACG-1",13.3904840576695
"GGACAAGGTATGAAAC-1",1.59300264994819
"GGACAAGGTCGGCATC-1",10.2144595372803
"GGACAAGGTTATGCGT-1",1.84897736262192
"GGACAAGTCTAACGGT-1",8.03064994703714
"GGACAGAAGCTAGTCT-1",3.09101684079267
"GGACAGAAGTACTTGC-1",5.46536841008162
"GGACAGACAACACGCC-1",0
"GGACAGACACAAGCCC-1",3.60629894431429
"GGACAGAGTAAGTGGC-1",4.84795879644684
"GGACAGAGTCTTTCAT-1",4.32666293096585
"GGACAGAGTGAGGGAG-1",1.2672350011039
"GGACAGAGTTCCACAA-1",6.51343426432468
"GGACAGATCAACGCTA-1",1.20851858622415
"GGACATTAGAGGGCTT-1",6.9025558919269
"GGACATTAGCCACGTC-1",5.80797850703296
"GGACATTCAAACGCGA-1",1.52234184406307
"GGACATTCAATGACCT-1",1.86493826954485
"GGACATTCACCAGCAC-1",2.03862302633411
"GGACATTGTTCTGGTA-1",3.335133367815
"GGACATTTCCTCTAGC-1",12.9697810627829
"GGACGTCAGTACTTGC-1",1.74656133085108
"GGACGTCAGTGGTAAT-1",9.79950955744326
"GGACGTCCACAGTCGC-1",11.6002888013944
"GGACGTCGTGAGGGAG-1",9.48860391993645
"GGACGTCGTGGCGAAT-1",1.16397646005212
"GGACGTCGTTACGGAG-1",14.4361428455101
"GGACGTCGTTTAAGCC-1",3.67435110143523
"GGACGTCTCCACTCCA-1",8.41962590334577
"GGACGTCTCGCAAACT-1",1.52627547128452
"GGACGTCTCTCCAGGG-1",5.86665213751381
"GGACGTCTCTCGAGTA-1",1.93908418398491
"GGACGTCTCTGGTGTA-1",1.14362476388531
"GGACGTCTCTTCGAGA-1",0
"GGAGCAAAGAACTCGG-1",4.02910272143313
"GGAGCAAAGACTGTAA-1",0
"GGAGCAAAGCCGCCTA-1",3.06246286027403
"GGAGCAAAGCTAAACA-1",0
"GGAGCAAAGTACGCCC-1",0
"GGAGCAACAAGCTGTT-1",4.16342973535429
"GGAGCAACAATGGACG-1",8.03064994703714
"GGAGCAACAATTCCTT-1",3.36709521235664
"GGAGCAACATGCTGGC-1",4.75203144559449
"GGAGCAAGTGAGTATA-1",5.11664894748499
"GGAGCAAGTTACTGAC-1",2.75363536010626
"GGAGCAATCAAGATCC-1",15.5567674312541
"GGAGCAATCCCATTTA-1",0
"GGATGTTCAAACTGTC-1",0
"GGATGTTTCATCACCC-1",12.0758360295878
"GGATGTTTCATGCATG-1",5.88993348474265
"GGATGTTTCCTACAGA-1",4.84795879644684
"GGATGTTTCCTCTAGC-1",8.4343205956941
"GGATTACAGATCCCAT-1",8.21550226755191
"GGATTACAGCTTCGCG-1",0
"GGATTACAGGCTAGCA-1",6.73537995023514
"GGATTACAGTATCTCG-1",4.96656073968391
"GGATTACCAAGCGTAG-1",5.01585046323124
"GGATTACCACATCCGG-1",1.86125918309788
"GGATTACCAGCGTAAG-1",6.15099985693946
"GGATTACGTAATAGCA-1",5.57880472491529
"GGATTACGTACACCGC-1",1.77650710215293
"GGATTACGTCTCTTTA-1",1.93908418398491
"GGATTACGTTGAGGTG-1",3.65285464311575
"GGATTACTCGCGCCAA-1",1.52122236300469
"GGATTACTCGGCGCAT-1",0
"GGATTACTCTGCCCTA-1",0
"GGCAATTCAATCGGTT-1",3.97863429814046
"GGCAATTCACGGCGTT-1",3.06246286027403
"GGCAATTCATCACCCT-1",1.61910760905206
"GGCAATTGTCGATTGT-1",3.38637878326698
"GGCAATTTCACTTACT-1",1.67246144572645
"GGCAATTTCAGCACAT-1",3.335133367815
"GGCAATTTCTCCGGTT-1",0
"GGCCGATAGTGTCTCA-1",10.6267753304858
"GGCCGATCACGGACAA-1",5.80821168166757
"GGCCGATGTAGGACAC-1",1.86125918309788
"GGCCGATGTCACTGGC-1",5.12524578589663
"GGCCGATGTCCCTACT-1",2.23845135518417
"GGCCGATTCACCGTAA-1",6.10379623725766
"GGCCGATTCCGCGCAA-1",6.66304226846869
"GGCGACTAGAGCTGGT-1",0
"GGCGACTAGGACCACA-1",5.82081588426464
"GGCGACTAGGTTACCT-1",2.68565277363507
"GGCGACTCAAAGCGGT-1",14.0874580477738
"GGCGACTCAAGAGTCG-1",1.74656133085108
"GGCGACTCACCAGGTC-1",7.72748678502645
"GGCGACTCATTGTGCA-1",9.42589007726579
"GGCGACTTCAGAAATG-1",2.70930041855765
"GGCGACTTCAGAGACG-1",4.84795879644684
"GGCGACTTCCAGATCA-1",1.52627547128452
"GGCGACTTCTCTAGGA-1",3.63168124108423
"GGCGTGTAGCTAGCCC-1",0
"GGCGTGTAGGGTATCG-1",1.59300264994819
"GGCGTGTCAGGTCCAC-1",6.31558696170562
"GGCGTGTCAGTATAAG-1",4.70054386928155
"GGCGTGTCATCGTCGG-1",0
"GGCGTGTCATGGAATA-1",3.91142511074477
"GGCGTGTGTCTCCCTA-1",6.63713006006345
"GGCGTGTTCTTGAGGT-1",11.6002888013944
"GGCTCGAAGCCGTCGT-1",4.64366842679946
"GGCTCGAAGGTAAACT-1",3.27182731022575
"GGCTCGACAAGAAGAG-1",2.68565277363507
"GGCTCGACAATAGCAA-1",0
"GGCTCGACATGGTCAT-1",0
"GGCTCGAGTATATCCG-1",6.91555935694457
"GGCTCGAGTTACGTCA-1",2.06042627556635
"GGCTCGAGTTAGGGTG-1",0
"GGCTCGATCTGCAAGT-1",1.74188585581586
"GGCTGGTAGAAGAAGC-1",3.91142511074477
"GGCTGGTAGACCCACC-1",5.12524578589663
"GGCTGGTCAAGGACAC-1",0
"GGCTGGTCACTGCCAG-1",0
"GGCTGGTCATTTCAGG-1",0
"GGCTGGTGTATTCTCT-1",0
"GGCTGGTGTCGCATCG-1",3.27182731022575
"GGCTGGTGTCTAGTGT-1",2.75363536010626
"GGCTGGTGTTATGCGT-1",2.59347982111894
"GGGAATGAGCGTTGCC-1",0
"GGGAATGAGTAGGTGC-1",0
"GGGAATGGTAAGGGAA-1",14.9090452898787
"GGGAATGTCAACGAAA-1",0
"GGGAATGTCCAGTATG-1",3.47519541334045
"GGGAATGTCCGGGTGT-1",7.68402077895044
"GGGACCTAGATGTAAC-1",16.3531095306364
"GGGACCTAGTCTTGCA-1",0
"GGGACCTCAATCAGAA-1",12.8930252557324
"GGGACCTCACTGAAGG-1",0.960461950187293
"GGGAGATAGTACGACG-1",1.16397646005212
"GGGAGATCAAAGTGCG-1",1.81763797610274
"GGGAGATCAAATCCGT-1",0
"GGGAGATCAAGGACTG-1",5.96827679082997
"GGGAGATCACGCGAAA-1",5.02619587054497
"GGGAGATGTAGCGCAA-1",1.52066335423564
"GGGAGATTCAACGGGA-1",1.91996529756053
"GGGAGATTCATCACCC-1",5.86154057900725
"GGGATGAAGTGACATA-1",3.67435110143523
"GGGATGACATCATCCC-1",3.335133367815
"GGGATGAGTCACCCAG-1",0
"GGGATGAGTGGAAAGA-1",1.97136480093404
"GGGATGAGTTACGACT-1",3.92059056284167
"GGGATGAGTTGGTAAA-1",0
"GGGATGATCAGTTAGC-1",3.90512857445664
"GGGATGATCTATCCTA-1",3.01641767783144
"GGGATGATCTTTAGGG-1",1.93299358606497
"GGGCACTAGTCTCGGC-1",5.86154057900725
"GGGCACTCATCTCCCA-1",8.43432059569411
"GGGCACTTCACCTCGT-1",11.3920024039165
"GGGCACTTCTGAGGGA-1",3.33991533259042
"GGGCATCCAATGTAAG-1",0
"GGGCATCCAGTCTTCC-1",1.77528463202455
"GGGCATCGTGGCGAAT-1",3.27182731022575
"GGGCATCTCACAGTAC-1",1.49519531482676
"GGGCATCTCCCTTGTG-1",9.655045937533
"GGGCATCTCCGGCACA-1",6.17886678150879
"GGGCATCTCTGTCCGT-1",3.4322219087122
"GGGCATCTCTTATCTG-1",3.47519541334045
"GGGTCTGAGAAGATTC-1",1.87561978493154
"GGGTCTGAGATCCCGC-1",0.960461950187293
"GGGTCTGAGCCAACAG-1",0
"GGGTCTGCACAGGCCT-1",3.38637878326698
"GGGTCTGCACCAGGTC-1",1.26504015021883
"GGGTCTGGTCTGGTCG-1",9.95474078638653
"GGGTCTGGTGATGATA-1",4.57097260439952
"GGGTCTGGTGTGACCC-1",1.75600655495005
"GGGTCTGTCAACTCTT-1",1.49492693042676
"GGGTCTGTCACTCCTG-1",0
"GGGTCTGTCCGTAGTA-1",0
"GGGTTGCAGACAGAGA-1",0
"GGGTTGCAGACCTTTG-1",5.02619587054497
"GGGTTGCAGATCGATA-1",6.9025558919269
"GGGTTGCAGGGTGTTG-1",4.5449520889401
"GGGTTGCAGGTGGGTT-1",0
"GGGTTGCCAATAACGA-1",14.7479214035927
"GGGTTGCCACGCCAGT-1",13.1329126129311
"GGGTTGCCATTAACCG-1",3.335133367815
"GGGTTGCGTACATCCA-1",12.1422388118109
"GGGTTGCGTAGCGCAA-1",4.44224412095667
"GGGTTGCGTCCTCCAT-1",15.4501129396209
"GGGTTGCGTCGAGTTT-1",1.26504015021883
"GGGTTGCGTGAGTATA-1",0
"GGGTTGCGTGTGACCC-1",1.77650710215293
"GGGTTGCTCGTACCGG-1",0
"GGTATTGAGCACCGTC-1",12.4113739419026
"GGTATTGAGCTATGCT-1",1.2672350011039
"GGTATTGCACATCCAA-1",3.06246286027403
"GGTATTGCAGCTTCGG-1",9.79950955744326
"GGTATTGGTTCCGTCT-1",2.85324835322855
"GGTATTGTCAGAAATG-1",5.01585046323124
"GGTATTGTCCATTCTA-1",4.19037031633334
"GGTATTGTCGCCAGCA-1",0
"GGTGAAGAGACACGAC-1",1.89553501908368
"GGTGAAGAGATCCGAG-1",11.6002888013943
"GGTGAAGCAAGGTGTG-1",6.97777611577627
"GGTGAAGCACTCGACG-1",12.9697810627829
"GGTGAAGCAGTATGCT-1",4.68475305907221
"GGTGAAGGTATGAAAC-1",0
"GGTGAAGGTCAGAATA-1",5.46536841008162
"GGTGAAGGTGGTACAG-1",0
"GGTGAAGGTGTATGGG-1",4.94575210349894
"GGTGAAGGTGTCTGAT-1",0
"GGTGAAGGTGTGGTTT-1",1.77528463202455
"GGTGAAGGTGTGTGCC-1",0
"GGTGAAGTCACGATGT-1",1.7118617553295
"GGTGAAGTCACTCTTA-1",6.54170066832614
"GGTGAAGTCTGGCGTG-1",10.2144595372803
"GGTGCGTAGGTGATTA-1",8.93996110971632
"GGTGCGTAGTACGATA-1",10.6267753304858
"GGTGCGTCACTTAAGC-1",0
"GGTGCGTCAGCTGTAT-1",9.97767814600752
"GGTGCGTGTTCGTTGA-1",12.7590383292822
"GGTGCGTTCCGTACAA-1",4.23958542152754
"GGTGCGTTCTTGACGA-1",8.77200424198525
"GGTGTTAAGGGCTCTC-1",6.65842007812478
"GGTGTTAAGTAGCGGT-1",3.27182731022575
"GGTGTTAAGTGGGATC-1",0
"GGTGTTAAGTTATCGC-1",2.70930041855765
"GGTGTTACAAATCCGT-1",0
"GGTGTTACACGGATAG-1",12.7590383292822
"GGTGTTAGTAATCACC-1",9.18195784973587
"GGTGTTAGTAGCAAAT-1",1.79468210501893
"GGTGTTAGTGTATGGG-1",3.98986879360814
"GGTGTTAGTTGAACTC-1",5.86154057900725
"GGTGTTATCGGACAAG-1",0.960461950187293
"GGTGTTATCGGTGTTA-1",7.89603453439912
"GGTGTTATCTACTTAC-1",1.76799370265536
"GTAACGTAGGTGACCA-1",5.8990676557085
"GTAACGTCACAGGCCT-1",9.88917505684314
"GTAACGTGTACCATCA-1",1.93299358606497
"GTAACGTGTGAGTATA-1",1.7118617553295
"GTAACGTGTTACGGAG-1",3.35968020847517
"GTAACGTGTTAGGGTG-1",3.30108120301863
"GTAACGTTCGGTCCGA-1",10.3414920707583
"GTAACGTTCTCATTCA-1",5.46536841008162
"GTAACTGAGTGGGTTG-1",5.46536841008162
"GTAACTGCAATGGAAT-1",11.2934341631122
"GTAACTGCACAGGCCT-1",2.75363536010626
"GTAACTGCAGGATCGA-1",2.77842071916518
"GTAACTGCATCGGGTC-1",8.96225085645332
"GTAACTGGTATTACCG-1",1.52627547128452
"GTAACTGTCACGGTTA-1",14.9602293162908
"GTAACTGTCTACTATC-1",1.79468210501893
"GTACGTAAGGTGCTTT-1",9.72214313708898
"GTACGTACAGGAATGC-1",0
"GTACGTACATGGATGG-1",0
"GTACGTAGTGAGTGAC-1",0
"GTACGTAGTTGGTAAA-1",1.52627547128452
"GTACGTATCACCTCGT-1",4.25832436456228
"GTACGTATCATCGGAT-1",0
"GTACGTATCCACTGGG-1",0
"GTACTCCAGGCAGTCA-1",1.86493826954485
"GTACTCCCAATAGCGG-1",2.98782108258746
"GTACTCCCACAGGTTT-1",3.65920212275153
"GTACTCCTCACCTTAT-1",5.50104551234126
"GTACTCCTCATTGCCC-1",6.63713006006345
"GTACTCCTCCTTCAAT-1",1.52234184406307
"GTACTTTCAGTTAACC-1",2.52677652961616
"GTACTTTCATGTCGAT-1",0
"GTACTTTTCCGAAGAG-1",0
"GTAGGCCAGCAATCTC-1",1.93908418398491
"GTAGGCCCATTCGACA-1",0
"GTAGGCCGTAACGCGA-1",0
"GTAGGCCGTAAGGGCT-1",3.02900673037218
"GTAGGCCGTACGACCC-1",6.92699796674891
"GTAGGCCGTTCAGGCC-1",2.23845135518417
"GTAGGCCGTTGATTGC-1",0
"GTAGGCCTCAGCACAT-1",0
"GTAGTCAAGAATGTGT-1",1.46326769867346
"GTAGTCAAGATGCCTT-1",0
"GTAGTCAAGGACGAAA-1",0
"GTAGTCAAGTGAAGAG-1",1.52234184406307
"GTAGTCATCGTCACGG-1",0
"GTAGTCATCTGAAAGA-1",3.7511264775348
"GTATCTTAGAAACCAT-1",1.31921310141975
"GTATCTTAGGCTATCT-1",1.67246144572645
"GTATCTTAGTTGTCGT-1",4.29284717463135
"GTATCTTCACACCGCA-1",8.42746381660257
"GTATCTTCACGAAGCA-1",7.77905340184048
"GTATCTTGTTCGCTAA-1",12.1422388118109
"GTATCTTTCATGCTCC-1",5.80797850703296
"GTATCTTTCATGTAGC-1",0
"GTATTCTAGAAACCAT-1",17.4116914059055
"GTATTCTAGACAAAGG-1",5.85926046452264
"GTATTCTCAAAGTCAA-1",15.4501129396209
"GTATTCTCAACAACCT-1",7.75460249612496
"GTATTCTCAACTTGAC-1",1.52627547128452
"GTATTCTCAATAAGCA-1",5.32077579204166
"GTATTCTCAGGGTTAG-1",4.76108347072228
"GTATTCTCATACTACG-1",6.15509836395924
"GTATTCTCATGGTAGG-1",8.06385656908813
"GTATTCTGTAGTGAAT-1",1.80606827324287
"GTATTCTGTCTAGAGG-1",0
"GTCAAGTCATATGCTG-1",0
"GTCAAGTCATGGTTGT-1",5.82165964988428
"GTCAAGTGTCAGCTAT-1",0
"GTCAAGTGTTCCACTC-1",4.11787849426577
"GTCACAAAGCCGATTT-1",0
"GTCACAAAGTGGAGTC-1",4.23958542152754
"GTCACAACAGGTGGAT-1",1.20851858622415
"GTCACAAGTAAACGCG-1",4.93601469691287
"GTCACAATCAGGATCT-1",2.43306232984437
"GTCACAATCAGTTGAC-1",1.78801928284575
"GTCACAATCATGCATG-1",1.49492693042676
"GTCACGGAGATCACGG-1",1.23466912725005
"GTCACGGCATATACCG-1",1.23484197164666
"GTCACGGGTGAGTGAC-1",6.10379623725766
"GTCACGGGTGTGGCTC-1",1.73531514495429
"GTCACGGTCGAGAGCA-1",8.77200424198525
"GTCACGGTCTACCTGC-1",0
"GTCATTTAGAGACTAT-1",5.82081588426464
"GTCATTTCACGTGAGA-1",0
"GTCATTTGTAGAAGGA-1",10.7558732720073
"GTCATTTGTCAGATAA-1",3.71937816479703
"GTCATTTTCCAGAGGA-1",0
"GTCCTCAAGCCCAACC-1",6.30416823925664
"GTCCTCAAGTAGATGT-1",0
"GTCCTCAAGTGGGCTA-1",0
"GTCCTCACAATCACAC-1",3.91142511074477
"GTCCTCAGTGGAAAGA-1",0
"GTCCTCATCAAAGACA-1",1.86125918309788
"GTCCTCATCGTCCGTT-1",3.71937816479703
"GTCGGGTCACTGAAGG-1",1.84897736262192
"GTCGGGTCACTTCGAA-1",2.03862302633411
"GTCGGGTCATGAAGTA-1",0
"GTCGGGTGTCTCACCT-1",1.26504015021883
"GTCGGGTGTGTGACGA-1",7.87330349582431
"GTCGGGTGTGTGTGCC-1",0
"GTCGGGTGTTACGTCA-1",3.40058213228896
"GTCGGGTTCTGCTGTC-1",3.91593786950957
"GTCGGGTTCTGTGCAA-1",10.2144595372803
"GTCGTAAAGAGATGAG-1",5.12524578589663
"GTCGTAAAGCTGCAAG-1",0
"GTCGTAAAGGCGACAT-1",0
"GTCGTAACATCACGAT-1",1.77528463202455
"GTCGTAAGTATCACCA-1",1.77650710215293
"GTCGTAATCCAAGTAC-1",1.75600655495005
"GTCTCGTAGACCACGA-1",1.93908418398491
"GTCTCGTCAGGAACGT-1",1.62138413570584
"GTCTCGTGTGGTAACG-1",0
"GTCTCGTGTTTGGCGC-1",2.99268431400609
"GTCTCGTTCACCGGGT-1",1.85441043418972
"GTCTCGTTCAGTGCAT-1",0
"GTCTTCGAGACAAGCC-1",17.4116914059055
"GTCTTCGAGGAATGGA-1",0
"GTCTTCGAGTCAAGCG-1",6.57958798997378
"GTCTTCGCACATGGGA-1",10.6267753304858
"GTCTTCGCACCAGGTC-1",5.85926046452264
"GTCTTCGCAGACGCAA-1",0
"GTCTTCGCATAACCTG-1",6.47324432447391
"GTCTTCGCATCGATGT-1",12.8009413324596
"GTCTTCGGTCTAGTGT-1",5.82545336490047
"GTCTTCGTCTCGATGA-1",7.83053972174826
"GTGAAGGAGAGCTGGT-1",0
"GTGAAGGAGATCGGGT-1",1.86493826954485
"GTGAAGGAGCCAGTTT-1",2.99268431400609
"GTGAAGGAGTGTTGAA-1",8.85260782564993
"GTGAAGGCAAAGGCGT-1",0
"GTGAAGGCACTTAAGC-1",0
"GTGAAGGCAGATTGCT-1",0
"GTGAAGGGTATATGGA-1",0
"GTGAAGGGTCTCTCTG-1",0.960461950187293
"GTGAAGGTCTCCTATA-1",0
"GTGCAGCAGACATAAC-1",3.63168124108423
"GTGCAGCAGTGGTCCC-1",8.96225085645332
"GTGCAGCCACATCTTT-1",0
"GTGCAGCGTGAGTATA-1",2.1091374238726
"GTGCAGCTCTTAGAGC-1",3.91593786950957
"GTGCATAAGGCATGGT-1",2.99268431400609
"GTGCATAGTTTGTTGG-1",3.05812082563435
"GTGCATATCAGAGCTT-1",2.29301136085359
"GTGCATATCATCATTC-1",2.83762653462923
"GTGCATATCTGCGTAA-1",0
"GTGCGGTAGCAATCTC-1",3.06246286027403
"GTGCGGTAGGACAGAA-1",0
"GTGCGGTCAAAGGTGC-1",1.16397646005212
"GTGCGGTGTTCAGACT-1",7.88962093940333
"GTGCGGTGTTCTGTTT-1",3.47519541334045
"GTGCGGTTCATCTGCC-1",1.28227877722513
"GTGCGGTTCCAGGGCT-1",1.67246144572645
"GTGCGGTTCGGATGGA-1",8.03064994703714
"GTGCGGTTCTCGTTTA-1",3.06246286027403
"GTGCGGTTCTGCTGTC-1",1.46749198114847
"GTGCTTCAGCCAGTTT-1",6.5178185679192
"GTGCTTCAGGATTCGG-1",5.95813317373321
"GTGCTTCAGTACACCT-1",0
"GTGCTTCCACTTAACG-1",5.14237984438119
"GTGCTTCCAGCTATTG-1",11.1315902107244
"GTGCTTCGTAGAGTGC-1",3.01641767783144
"GTGCTTCTCACAATGC-1",3.09101684079267
"GTGCTTCTCACTTCAT-1",3.69973368508135
"GTGGGTCAGACCGGAT-1",1.62661684555831
"GTGGGTCAGACTGTAA-1",2.1091374238726
"GTGGGTCAGCCGTCGT-1",6.59842654724279
"GTGGGTCCACCAACCG-1",1.52066335423564
"GTGGGTCCACCACCAG-1",1.52234184406307
"GTGTGCGAGACCGGAT-1",0
"GTGTGCGAGACTTGAA-1",0
"GTGTGCGCAGGTCGTC-1",0
"GTGTGCGGTGAGCGAT-1",9.79950955744326
"GTGTGCGTCAGTCAGT-1",7.87330349582431
"GTGTGCGTCCCTTGTG-1",1.81763797610274
"GTGTGCGTCTAACTTC-1",8.77200424198525
"GTGTTAGAGGACAGAA-1",3.63168124108423
"GTGTTAGAGGCATGGT-1",11.4902963655921
"GTGTTAGAGTGGAGAA-1",1.28227877722513
"GTGTTAGAGTTTGCGT-1",1.81763797610274
"GTGTTAGCAATGGAAT-1",9.42212449652596
"GTGTTAGCACCACCAG-1",4.79416915428882
"GTGTTAGGTGCCTGGT-1",8.83172561605634
"GTGTTAGGTGGAAAGA-1",0
"GTGTTAGGTTCCATGA-1",3.56225755586203
"GTGTTAGGTTGGGACA-1",7.32382699196168
"GTTAAGCAGAGCTGCA-1",0
"GTTAAGCAGATAGCAT-1",4.63409275640538
"GTTAAGCAGCTAACAA-1",1.46326769867346
"GTTAAGCAGGCTACGA-1",10.3414920707583
"GTTAAGCAGTGTACCT-1",3.47519541334045
"GTTAAGCAGTTTGCGT-1",3.335133367815
"GTTAAGCCATTCACTT-1",2.83762653462923
"GTTAAGCGTACTCGCG-1",5.88993348474265
"GTTAAGCGTCTAGGTT-1",2.07429610670219
"GTTAAGCGTGGCAAAC-1",0
"GTTAAGCGTTGCTCCT-1",1.93908418398491
"GTTAAGCTCCTTTCGG-1",3.06246286027403
"GTTACAGAGAGCTATA-1",3.67435110143523
"GTTACAGAGTACGATA-1",5.88939351770544
"GTTACAGCAGACGCCT-1",5.46536841008162
"GTTACAGCATCGGTTA-1",1.49519531482676
"GTTACAGGTATGGTTC-1",6.9035704342641
"GTTACAGGTCGACTGC-1",2.80440877793571
"GTTACAGGTCTAGGTT-1",2.02938239688531
"GTTCATTAGCGATGAC-1",0
"GTTCATTCATATACGC-1",0
"GTTCATTCATTGGCGC-1",10.7786004374269
"GTTCATTGTGCACGAA-1",6.82844861548886
"GTTCATTGTGTTAAGA-1",1.8409030527332
"GTTCATTGTTCAGTAC-1",5.33138057255424
"GTTCGGGAGACGACGT-1",4.44224412095667
"GTTCGGGAGCTAAGAT-1",1.82545566694945
"GTTCGGGAGTGTCTCA-1",4.70516637493
"GTTCGGGGTAGGGTAC-1",0
"GTTCGGGGTGCAGGTA-1",6.92699796674891
"GTTCGGGTCCACGCAG-1",3.13726194384262
"GTTCGGGTCTACTTAC-1",0
"GTTCTCGAGACCACGA-1",11.1904691532123
"GTTCTCGAGCGATGAC-1",1.2672350011039
"GTTCTCGAGGCCATAG-1",0
"GTTCTCGCATCGGACC-1",9.18689724599824
"GTTCTCGGTAAGGGAA-1",5.28796466964367
"GTTCTCGGTAGCGTAG-1",3.46273295695836
"GTTCTCGGTCCGTGAC-1",4.57097260439952
"GTTCTCGGTGTTAAGA-1",0
"GTTCTCGTCAACGCTA-1",2.98782108258746
"GTTCTCGTCCTGTACC-1",8.6319213377094
"GTTTCTACAAACCTAC-1",12.7590383292822
"GTTTCTACAAGAAAGG-1",2.99268431400609
"GTTTCTAGTGTTGGGA-1",3.75838948842376
"GTTTCTATCCCAACGG-1",0
"GTTTCTATCCGTAGTA-1",2.68565277363507
"GTTTCTATCGGCATCG-1",2.77842071916518
"TAAACCGGTACTTAGC-1",3.31178388446108
"TAAACCGTCACTCTTA-1",3.05812082563435
"TAAACCGTCAGGCGAA-1",1.86493826954485
"TAAACCGTCCGTTGTC-1",1.52627547128452
"TAAACCGTCTTCCTTC-1",1.52234184406307
"TAAGAGACAAGTTGTC-1",2.80440877793571
"TAAGAGAGTATATCCG-1",1.16397646005212
"TAAGAGATCAATCACG-1",9.79950955744326
"TAAGAGATCTAACGGT-1",1.26504015021883
"TAAGAGATCTTTCCTC-1",0
"TAAGCGTAGTGGACGT-1",12.7529732769089
"TAAGCGTAGTGTCTCA-1",2.03862302633411
"TAAGCGTCAGCTTCGG-1",0
"TAAGCGTCAGGTGGAT-1",4.87077723055911
"TAAGCGTGTCCTGCTT-1",0
"TAAGCGTGTGCCTGGT-1",8.77200424198525
"TAAGCGTGTTGTTTGG-1",0
"TAAGCGTTCCTCATTA-1",1.97136480093404
"TAAGCGTTCGGCGCAT-1",7.91210163855404
"TAAGCGTTCTCGCATC-1",4.70516637493
"TAAGTGCAGGCTAGGT-1",10.5796928467429
"TAAGTGCAGTAGCGGT-1",4.70516637493
"TAAGTGCCAACGCACC-1",5.59716492287705
"TAAGTGCCATACAGCT-1",6.20063043794847
"TAAGTGCGTAAACACA-1",6.63713006006345
"TAAGTGCGTCTCACCT-1",0
"TAAGTGCGTTCAGACT-1",4.6935633478295
"TAAGTGCTCACCCTCA-1",4.16342973535429
"TAAGTGCTCACTGGGC-1",9.42589007726579
"TAAGTGCTCTGGCGTG-1",6.47324432447391
"TACACGACACCCATTC-1",0
"TACACGAGTGATAAAC-1",1.8409030527332
"TACACGATCTGTCTCG-1",5.37604282920492
"TACAGTGAGATGCGAC-1",1.95226897900981
"TACAGTGAGCGTTGCC-1",0
"TACAGTGAGTGTACGG-1",6.46544519877353
"TACAGTGCAGGAATCG-1",1.67457252647143
"TACAGTGCAGGTGCCT-1",5.46536841008162
"TACAGTGGTACTCAAC-1",1.79468210501893
"TACAGTGGTTGGACCC-1",1.67246144572645
"TACCTATAGAGCTGGT-1",0
"TACCTATAGAGTTGGC-1",7.91210163855404
"TACCTATAGGCTCATT-1",1.75600655495005
"TACCTATAGTTAGCGG-1",7.89603453439912
"TACCTATCAAGCTGGA-1",1.76799370265536
"TACCTATGTAAATGAC-1",1.95226897900981
"TACCTATGTAGAGTGC-1",0
"TACCTATGTCACCTAA-1",0
"TACCTATGTGTTGAGG-1",2.02938239688531
"TACCTATGTTAAAGAC-1",13.7235083166743
"TACCTATTCTATGTGG-1",9.3651877071707
"TACCTATTCTTCCTTC-1",5.82165964988428
"TACCTTAAGAGGTTGC-1",9.48860391993645
"TACCTTAAGTCAAGCG-1",0.960461950187293
"TACCTTAAGTGGTCCC-1",1.49626999036477
"TACCTTACAACTGGCC-1",8.06385656908813
"TACCTTACAAGGGTCA-1",5.32077579204166
"TACCTTACACTCAGGC-1",12.9697810627829
"TACCTTACATCTACGA-1",1.78801928284575
"TACCTTAGTAGCGTCC-1",0
"TACCTTAGTCTCCACT-1",3.29650699502924
"TACGGATAGATGGCGT-1",3.335133367815
"TACGGATAGGTACTCT-1",6.47673436800633
"TACGGATCAGGGATTG-1",3.92059056284167
"TACGGATCATCACCCT-1",7.50066993670376
"TACGGATGTCTAGCCG-1",1.59300264994819
"TACGGATTCGGTGTCG-1",0.960461950187293
"TACGGATTCTACTATC-1",7.57012733242481
"TACGGGCAGGATGCGT-1",1.67246144572645
"TACGGGCAGGGAACGG-1",4.93601469691287
"TACGGGCAGTATTGGA-1",4.70516637493
"TACGGGCAGTCAAGCG-1",0
"TACGGGCCAAGAAGAG-1",0
"TACGGGCCACCAGATT-1",3.46273295695836
"TACGGGCCATCAGTAC-1",8.76373040215345
"TACGGGCGTAAGGGCT-1",5.53318670069325
"TACGGGCGTCTGATTG-1",0
"TACGGGCGTGATGTGG-1",8.03064994703714
"TACGGGCTCACCTTAT-1",1.49492693042676
"TACGGGCTCAGCTCTC-1",6.57958798997378
"TACGGGCTCCACGAAT-1",12.9916675743294
"TACGGGCTCCTATTCA-1",10.1908285647513
"TACGGGCTCGGTGTTA-1",1.76799370265536
"TACGGTAAGATATGGT-1",2.7523085483578
"TACGGTAAGCCGATTT-1",1.46480049811618
"TACGGTAAGTCATGCT-1",1.84897736262192
"TACGGTAAGTGCCATT-1",1.59300264994819
"TACGGTACACAGGCCT-1",5.19347472449711
"TACGGTACATTTCAGG-1",9.72214313708898
"TACGGTAGTATATCCG-1",1.26504015021883
"TACGGTAGTCACTTCC-1",1.52627547128452
"TACGGTAGTGCAGGTA-1",0
"TACGGTAGTGGGTATG-1",0
"TACGGTATCGCAGGCT-1",4.29284717463135
"TACGGTATCGGACAAG-1",3.77052791549506
"TACGGTATCGTTTATC-1",11.1346098733685
"TACTCATAGTCACGCC-1",9.93667548517373
"TACTCATCAATCTACG-1",5.3286549487423
"TACTCATCACGGTAGA-1",4.93601469691287
"TACTCATCACTTCTGC-1",3.30108120301863
"TACTCATCATCCGTGG-1",3.56225755586203
"TACTCATCATGTCGAT-1",5.37604282920492
"TACTCATGTACAGCAG-1",6.15099985693946
"TACTCATGTCTTCAAG-1",1.2672350011039
"TACTCATTCCTTTCTC-1",6.57958798997378
"TACTCGCAGGCGACAT-1",4.16463937640157
"TACTCGCGTCAGAAGC-1",0
"TACTCGCGTCTGATTG-1",5.3853717815723
"TACTCGCGTGTAACGG-1",6.10379623725766
"TACTCGCGTTGAGTTC-1",4.43062918457741
"TACTCGCTCAACGGGA-1",0
"TACTCGCTCCGAATGT-1",10.5214999708213
"TACTTACAGACTAGGC-1",3.90325902427199
"TACTTACAGCTGAACG-1",6.15509836395924
"TACTTACAGTACACCT-1",1.85441043418972
"TACTTACAGTACGCCC-1",1.46749198114847
"TACTTACAGTGATCGG-1",3.71139486275597
"TACTTACCAAGCCGTC-1",4.27353091136249
"TACTTACCACAGGTTT-1",1.79468210501893
"TACTTACTCGCGTTTC-1",3.05812082563435
"TACTTGTAGCGATATA-1",0
"TACTTGTAGTAATCCC-1",6.59842654724279
"TACTTGTCAAACAACA-1",7.27199518480675
"TACTTGTCATGCAACT-1",8.42746381660257
"TACTTGTGTAGCACGA-1",12.7590383292822
"TACTTGTGTATAAACG-1",0
"TACTTGTGTTCCACAA-1",1.59300264994819
"TACTTGTTCTGCAGTA-1",4.26522707961582
"TAGACCAAGAGACGAA-1",1.52234184406307
"TAGACCAAGCCTCGTG-1",6.97777611577627
"TAGACCAAGTCGATAA-1",4.94575210349894
"TAGACCACAACACCCG-1",9.95474078638653
"TAGACCAGTAGATTAG-1",3.06246286027403
"TAGACCAGTTCATGGT-1",5.80821168166757
"TAGACCATCACTTCAT-1",1.59300264994819
"TAGACCATCGTCACGG-1",1.46749198114847
"TAGACCATCTCCAGGG-1",1.52627547128452
"TAGAGCTAGAATTCCC-1",1.67246144572645
"TAGAGCTAGTATTGGA-1",0
"TAGAGCTCACTGAAGG-1",7.75460249612496
"TAGAGCTGTACTTGAC-1",0
"TAGAGCTGTCTAAAGA-1",1.97136480093404
"TAGCCGGAGACTGGGT-1",3.58257537539579
"TAGCCGGAGTCCCACG-1",0
"TAGCCGGAGTGACATA-1",1.47019509827015
"TAGCCGGCAGCAGTTT-1",3.71139486275597
"TAGCCGGGTACAGTGG-1",0
"TAGCCGGGTACCATCA-1",0
"TAGCCGGGTCGCGAAA-1",1.95226897900981
"TAGCCGGTCACGACTA-1",7.32382699196168
"TAGGCATAGAACTGTA-1",3.71937816479703
"TAGGCATAGCTAGGCA-1",8.03064994703714
"TAGGCATAGTCGTACT-1",1.46890644327991
"TAGGCATAGTTTAGGA-1",0
"TAGGCATCAAGCCTAT-1",6.10379623725766
"TAGGCATCAGACGCAA-1",0
"TAGGCATGTACGAAAT-1",0
"TAGGCATGTCCAGTTA-1",2.59347982111894
"TAGGCATGTTCCACTC-1",3.77052791549506
"TAGGCATTCCCTAACC-1",0
"TAGGCATTCGCTAGCG-1",2.88148377412234
"TAGGCATTCGTAGATC-1",5.46536841008162
"TAGGCATTCTTCATGT-1",6.95983822824142
"TAGTGGTAGATCACGG-1",1.46326769867346
"TAGTGGTAGCTGTTCA-1",6.47673436800633
"TAGTGGTCAGTATAAG-1",8.03064994703714
"TAGTGGTGTAGCGTAG-1",1.91996529756053
"TAGTGGTTCAGCATGT-1",4.56150489347689
"TAGTGGTTCGGCGCAT-1",2.02938239688531
"TAGTGGTTCTCAAGTG-1",0
"TAGTGGTTCTGGGCCA-1",0
"TAGTGGTTCTTTAGTC-1",0
"TAGTTGGAGATAGGAG-1",2.83762653462923
"TAGTTGGCAGACGCAA-1",5.46536841008162
"TAGTTGGCATGCGCAC-1",1.23466912725005
"TAGTTGGGTATGGTTC-1",5.8990676557085
"TAGTTGGTCCGAATGT-1",3.46273295695836
"TAGTTGGTCTACTCAT-1",0
"TAGTTGGTCTCTAAGG-1",3.90512857445664
"TAGTTGGTCTGATACG-1",6.15099985693946
"TATCAGGAGAGTAAGG-1",1.59300264994819
"TATCAGGAGATCCGAG-1",1.67246144572645
"TATCAGGAGCAGATCG-1",4.96748311034993
"TATCAGGAGGTGCTTT-1",10.3414920707583
"TATCAGGCAACTTGAC-1",1.26504015021883
"TATCAGGCACGTTGGC-1",6.07670597906602
"TATCAGGGTCCGTTAA-1",4.57097260439952
"TATCAGGGTCTGCAAT-1",0
"TATCAGGGTTAAAGAC-1",0
"TATCAGGTCAAGATCC-1",4.76108347072228
"TATCAGGTCCACTCCA-1",1.49519531482676
"TATCAGGTCGTAGGTT-1",9.3651877071707
"TATCTCAAGAGTTGGC-1",6.42625429150683
"TATCTCAAGCCACCTG-1",1.39429742384286
"TATCTCAAGCGTAATA-1",4.70516637493
"TATCTCAAGGCTAGCA-1",0
"TATCTCAAGTGGGCTA-1",6.92699796674891
"TATCTCACATGTCCTC-1",7.31483046828159
"TATCTCAGTAACGACG-1",3.97863429814046
"TATCTCAGTACCTACA-1",1.74656133085108
"TATCTCAGTACGACCC-1",5.3853717815723
"TATCTCAGTCAATGTC-1",4.87077723055911
"TATCTCATCAAGCCTA-1",8.34226431457212
"TATGCCCAGAAACCGC-1",4.27353091136249
"TATGCCCAGGTAGCTG-1",3.6497649503903
"TATGCCCCAATGGAAT-1",8.85260782564993
"TATGCCCCACTTAACG-1",0
"TATGCCCCATGTTCCC-1",4.84795879644684
"TATGCCCGTAGCCTCG-1",13.5679144185479
"TATGCCCGTATAGGGC-1",1.77650710215293
"TATGCCCGTATGAAAC-1",0
"TATGCCCGTCGCCATG-1",1.49492693042676
"TATGCCCGTGCCTTGG-1",11.7904740199757
"TATGCCCGTTAAGATG-1",5.85926046452264
"TATGCCCGTTGGTGGA-1",3.65285464311575
"TATGCCCGTTTAGGAA-1",1.86125918309788
"TATTACCAGAGAGCTC-1",3.58257537539579
"TATTACCAGCAAATCA-1",4.23958542152754
"TATTACCAGCCCGAAA-1",11.6002888013943
"TATTACCAGTATCTCG-1",1.8409030527332
"TATTACCCAAAGTGCG-1",7.57012733242481
"TATTACCCAGACAAGC-1",1.86493826954485
"TATTACCCAGTCAGCC-1",0
"TATTACCCATAAAGGT-1",0
"TATTACCCATCTACGA-1",3.38637878326698
"TATTACCGTCCAGTAT-1",0
"TCAACGAAGCCGATTT-1",6.13744823214744
"TCAACGAAGCGATGAC-1",6.17886678150879
"TCAACGAAGGCATGTG-1",8.77200424198525
"TCAACGAAGTAGTGCG-1",4.68475305907221
"TCAACGACACCAGGCT-1",1.97136480093404
"TCAACGACATGCCTTC-1",1.95226897900981
"TCAACGAGTTACCAGT-1",5.4361550064127
"TCAACGAGTTCCATGA-1",11.6002888013943
"TCAACGAGTTCTGGTA-1",11.6002888013943
"TCAACGATCAGTCCCT-1",6.10379623725766
"TCAACGATCTGTGCAA-1",17.4116914059055
"TCAATCTAGATCCCGC-1",5.50104551234126
"TCAATCTCACAAGCCC-1",10.3414920707583
"TCAATCTCACAGCCCA-1",3.60629894431429
"TCAATCTCATGACGGA-1",6.59842654724279
"TCAATCTCATTTGCTT-1",4.11787849426577
"TCAATCTGTAGTGAAT-1",5.4361550064127
"TCAATCTGTTAGATGA-1",1.77650710215293
"TCAATCTTCAGATAAG-1",6.57958798997378
"TCAATCTTCATGTCCC-1",0
"TCACAAGAGACTGGGT-1",4.23958542152754
"TCACAAGAGAGAGCTC-1",1.49626999036477
"TCACAAGAGGCCCTCA-1",5.88939351770544
"TCACAAGAGGTGGGTT-1",1.20851858622415
"TCACAAGAGTAGATGT-1",1.77650710215293
"TCACAAGCAGTATGCT-1",2.98782108258746
"TCACAAGCATAACCTG-1",6.63713006006345
"TCACAAGCATGACATC-1",2.7523085483578
"TCACAAGGTCAGATAA-1",6.40600473774846
"TCACAAGGTGTGGTTT-1",2.30849248841011
"TCACAAGTCATCATTC-1",10.2144595372803
"TCACAAGTCATGCATG-1",7.50066993670376
"TCACGAAAGCTCCTTC-1",8.04404645609202
"TCACGAAAGGTGCTTT-1",6.57958798997378
"TCACGAAAGTCTCGGC-1",3.05812082563435
"TCACGAACACAAGACG-1",4.28004021190118
"TCACGAACACTGTCGG-1",1.86678477415487
"TCACGAAGTGGTCCGT-1",0
"TCACGAAGTTGGTGGA-1",9.95474078638653
"TCACGAATCATGCAAC-1",1.82545566694945
"TCACGAATCCCGACTT-1",1.86125918309788
"TCACGAATCCTCGCAT-1",0
"TCACGAATCGTCACGG-1",0
"TCAGATGAGGTGCACA-1",9.71940935519288
"TCAGATGGTCTTGTCC-1",4.28004021190118
"TCAGATGGTGCCTGCA-1",1.84897736262192
"TCAGATGGTGCTGTAT-1",3.07332205314633
"TCAGATGTCAGTTTGG-1",3.06246286027403
"TCAGATGTCGCATGAT-1",2.29301136085359
"TCAGATGTCTCCTATA-1",2.57506183776122
"TCAGCAAAGGAGTCTG-1",2.86655990156431
"TCAGCAAAGGCTCATT-1",2.23845135518417
"TCAGCAAAGTACGACG-1",8.42746381660257
"TCAGCAAAGTGGCACA-1",3.33991533259042
"TCAGCAACACGCATCG-1",6.9025558919269
"TCAGCAAGTACCGGCT-1",2.9392158587407
"TCAGCAATCAGCGATT-1",1.79468210501893
"TCAGCAATCGGAAACG-1",1.81763797610274
"TCAGCAATCTTCAACT-1",13.1131139946334
"TCAGCTCAGGTGTTAA-1",4.11787849426577
"TCAGCTCAGTATGACA-1",4.18807843565441
"TCAGCTCCAATCTGCA-1",1.46326769867346
"TCAGCTCCACGGTTTA-1",7.91210163855404
"TCAGCTCGTAATAGCA-1",7.86564539045319
"TCAGCTCGTCCGTCAG-1",6.15509836395924
"TCAGCTCGTTCACGGC-1",7.20473716946056
"TCAGCTCTCACGATGT-1",4.23958542152754
"TCAGCTCTCATGCATG-1",1.46480049811618
"TCAGCTCTCCTAAGTG-1",0
"TCAGCTCTCTCGTATT-1",1.93908418398491
"TCAGGATAGACAGAGA-1",4.11787849426577
"TCAGGATAGATATGGT-1",3.30108120301863
"TCAGGATCAAACGTGG-1",4.57097260439952
"TCAGGATCAAGTTCTG-1",1.2672350011039
"TCAGGATCACGGTGTC-1",2.99268431400609
"TCAGGATCACTGTGTA-1",0
"TCAGGATCAGCATACT-1",0
"TCAGGATCATCTGGTA-1",3.01641767783144
"TCAGGATGTAAGCACG-1",8.21550226755191
"TCAGGATGTGGCCCTA-1",1.78801928284575
"TCAGGATTCCGATATG-1",1.84897736262192
"TCAGGATTCTCGATGA-1",1.59300264994819
"TCAGGTAAGATGGCGT-1",4.27127724034493
"TCAGGTAAGTGTTTGC-1",1.86125918309788
"TCAGGTACACAAGTAA-1",2.99012224525351
"TCAGGTACACAGAGGT-1",0
"TCAGGTACAGCTGCTG-1",5.71503276698014
"TCAGGTAGTAAACGCG-1",3.06246286027403
"TCATTACAGAAACCAT-1",1.59300264994819
"TCATTACAGGAGTTGC-1",8.96225085645332
"TCATTACAGTTGCAGG-1",3.4322219087122
"TCATTACCACATCCAA-1",9.95474078638653
"TCATTACCAGTCAGCC-1",6.66304226846869
"TCATTACGTACGCACC-1",9.18535203202869
"TCATTACGTCTAGAGG-1",6.9025558919269
"TCATTACGTGAAGGCT-1",0
"TCATTACGTTCTGTTT-1",1.46326769867346
"TCATTACTCATCGATG-1",5.80797850703296
"TCATTTGAGCCAGTTT-1",1.78801928284575
"TCATTTGCACGTCTCT-1",0
"TCATTTGCAGTTAACC-1",5.85926046452264
"TCATTTGTCCAGAGGA-1",4.63365987158338
"TCATTTGTCCCTTGCA-1",5.46536841008162
"TCATTTGTCCGTCAAA-1",4.96748311034993
"TCATTTGTCGCTAGCG-1",12.8930252557324
"TCATTTGTCGTACGGC-1",2.99268431400609
"TCATTTGTCTCTGCTG-1",5.85926046452264
"TCCACACCAAAGAATC-1",3.81721620757483
"TCCACACCACGCCAGT-1",0
"TCCACACGTACAGCAG-1",0
"TCCACACGTAGCCTAT-1",5.8990676557085
"TCCACACGTCATCGGC-1",3.06246286027403
"TCCACACGTGACCAAG-1",1.78801928284575
"TCCACACGTGCGAAAC-1",5.85926046452264
"TCCACACTCAACACCA-1",8.30790038880101
"TCCACACTCCAGTATG-1",1.86125918309788
"TCCACACTCCCATTTA-1",2.03862302633411
"TCCACACTCGAACTGT-1",1.85441043418972
"TCCCGATAGAAGAAGC-1",3.35968020847517
"TCCCGATAGCACAGGT-1",0
"TCCCGATAGCCGGTAA-1",0
"TCCCGATCAAGGTTCT-1",3.31178388446108
"TCCCGATCAGCCAATT-1",0
"TCCCGATCATCCAACA-1",1.31921310141975
"TCCCGATGTAAGGATT-1",0
"TCCCGATGTCAATACC-1",5.80797850703296
"TCCCGATTCAGAAATG-1",0
"TCCCGATTCAGTCCCT-1",4.27127724034493
"TCCCGATTCATCTGTT-1",0
"TCCCGATTCCCTAATT-1",0
"TCCCGATTCTGGAGCC-1",0
"TCGAGGCAGCGATGAC-1",4.96748311034993
"TCGAGGCAGTGTTTGC-1",0
"TCGAGGCCAAAGAATC-1",9.72214313708898
"TCGAGGCCAAGTTCTG-1",3.81721620757483
"TCGAGGCCAGTAACGG-1",1.78801928284575
"TCGAGGCGTATATCCG-1",2.07429610670219
"TCGAGGCTCGCAAGCC-1",7.31483046828159
"TCGAGGCTCTTGAGAC-1",1.75600655495005
"TCGAGGCTCTTTCCTC-1",1.52066335423564
"TCGCGAGAGACAAAGG-1",12.1422388118109
"TCGCGAGAGTGAATTG-1",4.70516637493
"TCGCGAGCAAGCGTAG-1",4.0338047975732
"TCGCGAGCACCGAATT-1",0
"TCGCGAGCAGTAAGAT-1",0
"TCGCGAGTCCACGAAT-1",0
"TCGCGAGTCTAGCACA-1",0
"TCGCGAGTCTCTAGGA-1",3.47519541334045
"TCGCGAGTCTTCATGT-1",7.20473716946056
"TCGCGTTAGTGGGCTA-1",1.52066335423564
"TCGCGTTCACAGGCCT-1",14.7479214035927
"TCGCGTTCATCACAAC-1",6.57958798997378
"TCGCGTTCATCTCGCT-1",1.8409030527332
"TCGCGTTGTTCACCTC-1",0
"TCGCGTTTCAAGATCC-1",9.93667548517373
"TCGCGTTTCAGGTAAA-1",6.59842654724279
"TCGCGTTTCATTCACT-1",1.73301070682149
"TCGCGTTTCCTGTACC-1",1.7118617553295
"TCGCGTTTCGCCCTTA-1",4.75203144559449
"TCGGGACCACACATGT-1",0
"TCGGGACTCCTTGCCA-1",1.85441043418972
"TCGGGACTCTGCGGCA-1",1.46480049811618
"TCGGGACTCTTGTCAT-1",0
"TCGGTAAAGACAGGCT-1",5.33138057255424
"TCGGTAAAGCTCAACT-1",0
"TCGGTAACAAGCTGAG-1",0
"TCGGTAACAGGAATGC-1",0
"TCGGTAAGTATATGGA-1",3.35968020847517
"TCGGTAAGTCTAGTCA-1",0
"TCGGTAATCCCGGATG-1",4.23958542152754
"TCGTACCAGCAGGCTA-1",13.4376632501385
"TCGTACCAGTTTCCTT-1",3.92059056284167
"TCGTACCGTTTGCATG-1",2.75363536010626
"TCGTACCTCGGGAGTA-1",15.4501129396209
"TCGTAGAAGCTAACTC-1",1.49519531482676
"TCGTAGAAGGCGACAT-1",2.7523085483578
"TCGTAGAAGGGAACGG-1",5.82165964988428
"TCGTAGAAGTCCATAC-1",7.01742467429821
"TCGTAGACAATCCAAC-1",0
"TCGTAGACACTCAGGC-1",3.09101684079267
"TCGTAGAGTATGAATG-1",1.67246144572645
"TCGTAGAGTGAGCGAT-1",16.3531095306364
"TCGTAGAGTGTGTGCC-1",4.18807843565441
"TCGTAGAGTTCAACCA-1",1.81763797610274
"TCGTAGAGTTCCATGA-1",0.960461950187293
"TCGTAGATCCAAGCCG-1",0
"TCGTAGATCTTAGCCC-1",13.3904840576695
"TCTATTGAGCGATTCT-1",1.85441043418972
"TCTATTGAGTGCCATT-1",0
"TCTATTGCACATCTTT-1",1.49626999036477
"TCTATTGGTAAGTGTA-1",9.66817017689458
"TCTATTGGTCCAACTA-1",1.52066335423564
"TCTATTGGTCTGCCAG-1",5.33138057255424
"TCTATTGGTTGCTCCT-1",4.27127724034493
"TCTATTGTCGGCGCTA-1",1.20851858622415
"TCTCATAAGCTAAACA-1",0
"TCTCATAAGCTAGTCT-1",0
"TCTCATAAGTGCCATT-1",8.30278827529405
"TCTCATAGTACCGGCT-1",11.6002888013943
"TCTCATAGTGTAAGTA-1",3.39522085196871
"TCTCATATCAAGCCTA-1",8.45417433926586
"TCTCATATCACCTTAT-1",9.655045937533
"TCTCATATCCTGTACC-1",4.493588403658
"TCTCTAAAGACCGGAT-1",5.50104551234126
"TCTCTAAAGGGTGTTG-1",2.07429610670219
"TCTCTAACAGCCTATA-1",8.67049144912152
"TCTCTAAGTCCAGTAT-1",3.02900673037218
"TCTCTAAGTCCATGAT-1",4.493588403658
"TCTCTAAGTCTCATCC-1",3.27182731022575
"TCTCTAAGTGGAAAGA-1",5.53832015872123
"TCTCTAATCAAACCAC-1",1.57605208029777
"TCTCTAATCACAGGCC-1",5.88993348474265
"TCTCTAATCACATACG-1",4.63365987158338
"TCTCTAATCCGTAGGC-1",1.77650710215293
"TCTCTAATCGTATCAG-1",1.95226897900981
"TCTGAGACAAACCTAC-1",0
"TCTGAGACAGAGTGTG-1",8.06385656908813
"TCTGAGAGTAAGGGAA-1",7.27199518480675
"TCTGAGATCCTTGACC-1",3.47519541334045
"TCTGAGATCTATCCTA-1",3.71937816479703
"TCTGGAAAGCGATGAC-1",3.46359798888604
"TCTGGAAAGCTCTCGG-1",3.62218111578261
"TCTGGAAAGGAGCGAG-1",3.71937816479703
"TCTGGAACACAAGACG-1",6.92699796674891
"TCTGGAACACACTGCG-1",12.1422388118109
"TCTGGAACACTTCTGC-1",6.73537995023514
"TCTGGAAGTGAGTATA-1",1.73531514495429
"TCTTCGGAGGTTCCTA-1",3.06246286027403
"TCTTCGGAGTTCGATC-1",8.30278827529405
"TCTTCGGCAAAGCAAT-1",1.75600655495005
"TCTTCGGCAAAGGTGC-1",4.28004021190118
"TCTTCGGCAATAGCAA-1",2.6661473382878
"TCTTCGGCAATGTAAG-1",1.62661684555831
"TCTTCGGCACACCGAC-1",0
"TCTTCGGCAGCCAATT-1",5.12524578589663
"TCTTCGGGTCATTAGC-1",0
"TCTTCGGTCGTAGGTT-1",8.30278827529405
"TCTTCGGTCTCTAAGG-1",3.67435110143523
"TCTTTCCAGAGAGCTC-1",9.655045937533
"TCTTTCCAGTCATCCA-1",5.85926046452264
"TCTTTCCCATCTCCCA-1",0
"TCTTTCCGTAATCACC-1",9.72214313708898
"TCTTTCCGTAGTACCT-1",1.61910760905206
"TCTTTCCTCACAACGT-1",0
"TCTTTCCTCAGCTGGC-1",7.8972148432028
"TCTTTCCTCCAAGTAC-1",2.1091374238726
"TCTTTCCTCCTCGCAT-1",3.335133367815
"TGAAAGAAGCTAAGAT-1",3.39522085196871
"TGAAAGACAAGCCGTC-1",0
"TGAAAGACACATTCGA-1",2.85324835322855
"TGAAAGACATGAGCGA-1",1.86125918309788
"TGAAAGAGTCTAGCGC-1",4.23958542152754
"TGAAAGAGTCTCATCC-1",2.68565277363507
"TGAAAGATCCCGACTT-1",2.03862302633411
"TGAAAGATCTATGTGG-1",0
"TGACAACCAAGCGAGT-1",12.9697810627829
"TGACAACGTAGGGACT-1",7.11655481777463
"TGACAACGTGCGCTTG-1",3.13726194384262
"TGACAACGTGGTTTCA-1",1.8409030527332
"TGACAACTCACAAACC-1",1.86493826954485
"TGACAACTCCACGTGG-1",0
"TGACAACTCGAATGCT-1",7.11880913512727
"TGACGGCAGCGCCTCA-1",0
"TGACGGCAGGCTCAGA-1",5.96827679082997
"TGACGGCAGTCAAGCG-1",5.99013651095523
"TGACGGCCACAGACTT-1",12.1422388118109
"TGACGGCGTCATCCCT-1",1.75600655495005
"TGACGGCTCAGGCGAA-1",1.76799370265536
"TGACGGCTCCACTGGG-1",12.5176723960291
"TGACTAGAGACCCACC-1",6.16595900364689
"TGACTAGAGGGCATGT-1",1.52627547128452
"TGACTAGAGTCTCAAC-1",0
"TGACTAGAGTTGAGAT-1",0
"TGACTAGCAGCATACT-1",4.36958816378029
"TGACTAGCAGTCAGAG-1",9.79950955744326
"TGACTAGCATTTCACT-1",3.09101684079267
"TGACTAGGTAAATACG-1",1.22017324390309
"TGACTAGGTGAAAGAG-1",1.78801928284575
"TGACTAGGTGCAGTAG-1",0
"TGACTAGTCATGCATG-1",1.38998065455509
"TGACTAGTCCATGCTC-1",0
"TGACTAGTCTGTTGAG-1",1.7118617553295
"TGACTTTAGAACAATC-1",4.44224412095667
"TGACTTTAGTCTCGGC-1",5.19347472449711
"TGACTTTAGTTAGGTA-1",1.36819599085483
"TGACTTTCAGTCCTTC-1",12.1422388118109
"TGACTTTCATTATCTC-1",4.23373063524973
"TGACTTTGTCACACGC-1",1.23466912725005
"TGACTTTTCCTCAATT-1",1.59300264994819
"TGACTTTTCTGCCCTA-1",0
"TGAGAGGAGGCTCATT-1",6.59842654724279
"TGAGAGGCAAAGTCAA-1",6.47324432447391
"TGAGAGGCAAGCCATT-1",3.38868055026287
"TGAGAGGCACCATGTA-1",3.27182731022575
"TGAGAGGGTCACTGGC-1",9.18689724599824
"TGAGAGGGTCTAAACC-1",5.80797850703296
"TGAGAGGTCGAACTGT-1",4.08416786660577
"TGAGAGGTCGCGTTTC-1",6.10379623725766
"TGAGAGGTCTGACCTC-1",1.49519531482676
"TGAGCATAGAAACGAG-1",6.27141609294591
"TGAGCATAGAAGCCCA-1",0
"TGAGCATAGATGTCGG-1",2.99268431400609
"TGAGCATAGGAATGGA-1",7.88962093940333
"TGAGCATCACCAGGCT-1",2.68565277363507
"TGAGCATCAGATGAGC-1",4.74228716068124
"TGAGCATCAGCGTAAG-1",1.86493826954485
"TGAGCATCAGCTGTAT-1",0
"TGAGCATGTGGCCCTA-1",0
"TGAGCATTCCACGTTC-1",0
"TGAGCATTCCGATATG-1",0
"TGAGCATTCGGCCGAT-1",4.17365088107274
"TGAGCCGCATCGGGTC-1",0
"TGAGCCGGTCGAACAG-1",1.46480049811618
"TGAGCCGGTGTAATGA-1",0
"TGAGCCGGTTGATTCG-1",1.78801928284575
"TGAGCCGTCATCTGCC-1",9.78505899628682
"TGAGCCGTCGTCACGG-1",4.70516637493
"TGAGCCGTCTTGAGGT-1",3.00263421487283
"TGAGGGAAGAGACTAT-1",6.9025558919269
"TGAGGGAAGGAGTACC-1",0
"TGAGGGAAGTCATCCA-1",5.88993348474265
"TGAGGGAAGTCATGCT-1",0
"TGAGGGACACCAGTTA-1",6.5178185679192
"TGAGGGACATAAGACA-1",0
"TGAGGGAGTAAACGCG-1",2.11188975909573
"TGAGGGAGTTAGGGTG-1",11.1346098733685
"TGAGGGATCAACGGGA-1",1.59300264994819
"TGAGGGATCTAGCACA-1",0
"TGAGGGATCTCTTATG-1",0
"TGATTTCCATCCGGGT-1",1.62661684555831
"TGATTTCGTAGGCATG-1",3.35968020847517
"TGATTTCGTTAAGACA-1",8.06385656908813
"TGATTTCTCTGATTCT-1",3.73378214519389
"TGCACCTAGACCTTTG-1",6.40600473774846
"TGCACCTAGGACGAAA-1",1.8409030527332
"TGCACCTCAAGTTGTC-1",4.16463937640157
"TGCACCTCAATAGAGT-1",8.4343205956941
"TGCACCTCATCCGGGT-1",1.73301070682149
"TGCACCTGTAATCACC-1",0
"TGCACCTGTCACACGC-1",0
"TGCACCTTCACGGTTA-1",7.31483046828159
"TGCACCTTCATCGGAT-1",6.16595900364689
"TGCACCTTCCGCGGTA-1",5.88993348474265
"TGCACCTTCGAACTGT-1",7.11880913512727
"TGCACCTTCTCTTGAT-1",5.50104551234126
"TGCCAAACAATGTAAG-1",5.37604282920492
"TGCCAAACAATTCCTT-1",2.7523085483578
"TGCCAAAGTTCGCGAC-1",4.16463937640157
"TGCCAAATCCAAACTG-1",0
"TGCCAAATCCCTGACT-1",2.29301136085359
"TGCCAAATCGGCGGTT-1",4.75203144559449
"TGCCCATAGACTAGGC-1",2.89127948768423
"TGCCCATAGCGTCAAG-1",3.27182731022575
"TGCCCATAGCGTGAAC-1",1.47019509827015
"TGCCCATAGCTGTTCA-1",0
"TGCCCATAGGATGGAA-1",1.85441043418972
"TGCCCATAGTACGCCC-1",0
"TGCCCATAGTTGAGTA-1",11.1315902107244
"TGCCCATCACCAGGTC-1",2.70930041855765
"TGCCCATCACGAAATA-1",1.81763797610274
"TGCCCATCAGGACGTA-1",0
"TGCCCATCATGGAATA-1",0
"TGCCCATCATGGATGG-1",1.23466912725005
"TGCCCATGTAGCCTCG-1",1.28227877722513
"TGCCCATTCAAACCGT-1",3.62218111578261
"TGCCCATTCAGGCCCA-1",3.38637878326698
"TGCCCATTCCTTCAAT-1",1.52234184406307
"TGCCCATTCGGAAATA-1",8.87826341841751
"TGCCCTAAGGTCGGAT-1",1.8409030527332
"TGCCCTAAGGTTCCTA-1",3.35968020847517
"TGCCCTACACCACCAG-1",6.84477527290054
"TGCCCTACAGCCACCA-1",1.86125918309788
"TGCCCTACAGTGAGTG-1",1.89553501908368
"TGCCCTAGTCCGAGTC-1",0
"TGCCCTAGTGGTTTCA-1",0
"TGCCCTAGTTTCGCTC-1",11.6002888013944
"TGCCCTATCGACGGAA-1",1.23484197164666
"TGCCCTATCTTCGGTC-1",12.9916675743294
"TGCGCAGAGACTAGGC-1",0
"TGCGCAGAGCACACAG-1",0
"TGCGCAGAGCGTCTAT-1",10.7842487083313
"TGCGCAGAGGAGCGAG-1",9.72214313708898
"TGCGCAGCAAACGTGG-1",0
"TGCGCAGCAGCTCGCA-1",6.9025558919269
"TGCGCAGCAGTAGAGC-1",5.80797850703296
"TGCGCAGTCCTACAGA-1",8.77200424198525
"TGCGGGTAGAGACTTA-1",0
"TGCGGGTAGATCGATA-1",3.06246286027403
"TGCGGGTAGCTCTCGG-1",1.85441043418972
"TGCGGGTAGGTGTGGT-1",17.4116914059055
"TGCGGGTAGTACTTGC-1",1.93908418398491
"TGCGGGTCAATGGAAT-1",1.39429742384286
"TGCGGGTCACACGCTG-1",1.77650710215293
"TGCGGGTCATTGGGCC-1",3.91593786950957
"TGCGGGTGTAGAAAGG-1",1.38998065455509
"TGCGGGTGTCACCTAA-1",8.03064994703714
"TGCGGGTGTCAGATAA-1",9.71940935519288
"TGCGGGTGTTAGAACA-1",6.59842654724279
"TGCGGGTTCAGTTCGA-1",4.70516637493
"TGCGGGTTCGTAGATC-1",1.52066335423564
"TGCGGGTTCTCTTGAT-1",1.28227877722513
"TGCGTGGAGACGCAAC-1",10.2144595372803
"TGCGTGGAGACTGGGT-1",2.1091374238726
"TGCGTGGCAATTCCTT-1",0
"TGCGTGGGTGCACCAC-1",3.38868055026287
"TGCGTGGTCCGCGCAA-1",1.97136480093404
"TGCGTGGTCGCCCTTA-1",1.52627547128452
"TGCGTGGTCTGGCGAC-1",5.28796466964367
"TGCTACCAGAAAGTGG-1",4.87077723055911
"TGCTACCAGATGGCGT-1",0
"TGCTACCAGCAAATCA-1",1.62138413570584
"TGCTACCAGTCCGTAT-1",7.89603453439912
"TGCTACCCAAGAGGCT-1",12.9697810627829
"TGCTACCCACTTAACG-1",0
"TGCTACCCATCGTCGG-1",5.11591394811963
"TGCTACCCATGGTTGT-1",10.3414920707583
"TGCTACCGTGTGACGA-1",1.20851858622415
"TGCTACCTCCTCGCAT-1",4.23958542152754
"TGCTACCTCTTCTGGC-1",1.86125918309788
"TGCTGCTAGACTAAGT-1",3.90325902427199
"TGCTGCTAGGTGATAT-1",0
"TGCTGCTCAATAGAGT-1",12.4113739419026
"TGCTGCTCACAGACAG-1",4.57097260439952
"TGCTGCTCATCCCATC-1",5.88993348474265
"TGCTGCTCATGGTTGT-1",2.11188975909573
"TGCTGCTGTCATACTG-1",10.2144595372803
"TGCTGCTGTGAAGGCT-1",9.46078373937968
"TGCTGCTTCATTGCGA-1",0
"TGGACGCAGAGGTACC-1",2.70930041855765
"TGGACGCAGTCAAGGC-1",0
"TGGACGCCACAGAGGT-1",2.29863464792114
"TGGACGCCATGGTAGG-1",11.6002888013943
"TGGACGCGTCCGAACC-1",1.46749198114847
"TGGACGCGTCTCCCTA-1",5.19347472449711
"TGGCCAGAGAAGGTGA-1",0
"TGGCCAGAGAGTACAT-1",4.14591350009167
"TGGCCAGAGGCGATAC-1",3.35968020847517
"TGGCCAGAGGCGTACA-1",3.66549483336112
"TGGCCAGCAACTGCGC-1",5.50104551234126
"TGGCCAGCACGACTCG-1",1.77528463202455
"TGGCCAGGTCAATACC-1",2.75363536010626
"TGGCCAGTCGTAGATC-1",1.22017324390309
"TGGCCAGTCTATCCCG-1",2.80440877793571
"TGGCGCAAGCTACCTA-1",9.3651877071707
"TGGCGCAAGCTATGCT-1",0
"TGGCGCAAGTGTGGCA-1",4.84795879644684
"TGGCGCAAGTTACCCA-1",4.5449520889401
"TGGCGCACACAGGCCT-1",0
"TGGCGCACACGGATAG-1",4.11787849426577
"TGGCGCACAGCGATCC-1",1.74188585581586
"TGGCGCACATAGGATA-1",0
"TGGCGCAGTACTCTCC-1",2.7523085483578
"TGGCGCAGTGGACGAT-1",0.960461950187293
"TGGCGCAGTTATGTGC-1",0
"TGGCGCATCAAGAAGT-1",2.75363536010626
"TGGCGCATCATGCTCC-1",0
"TGGCGCATCATGTGGT-1",3.05812082563435
"TGGCGCATCATTATCC-1",1.62138413570584
"TGGCGCATCGTGGTCG-1",1.85441043418972
"TGGCTGGAGCGGATCA-1",0
"TGGCTGGAGTGCAAGC-1",6.16595900364689
"TGGCTGGCAAGTTAAG-1",1.28227877722513
"TGGCTGGCACGGATAG-1",2.03862302633411
"TGGCTGGCAGGAACGT-1",0
"TGGCTGGGTCGAGTTT-1",7.91210163855404
"TGGCTGGGTCGGCATC-1",3.06246286027403
"TGGCTGGGTCTAGCCG-1",8.77200424198525
"TGGCTGGGTTACGCGC-1",7.11880913512727
"TGGCTGGGTTGGACCC-1",9.79950955744326
"TGGCTGGTCTCGTTTA-1",6.10379623725766
"TGGGAAGAGATATACG-1",1.36819599085483
"TGGGAAGAGCCCAATT-1",0
"TGGGAAGAGCGCTCCA-1",3.66549483336112
"TGGGAAGAGGGCTTCC-1",6.95983822824142
"TGGGAAGAGTAAGTAC-1",0.960461950187293
"TGGGAAGAGTTAACGA-1",7.91210163855404
"TGGGAAGCAAGGTGTG-1",4.79416915428882
"TGGGAAGCAGATCCAT-1",2.89127948768423
"TGGGAAGCAGCGAACA-1",0
"TGGGAAGGTAAGTTCC-1",2.1091374238726
"TGGGAAGGTTAGATGA-1",5.19347472449711
"TGGGAAGGTTATTCTC-1",2.7523085483578
"TGGGAAGTCCCAAGAT-1",3.47519541334045
"TGGGAAGTCCTTCAAT-1",1.86493826954485
"TGGGAAGTCGTGGACC-1",5.58480494265941
"TGGGAAGTCTCCTATA-1",2.77842071916518
"TGGGCGTAGTCTCCTC-1",0
"TGGGCGTCAGACGTAG-1",12.4113739419026
"TGGGCGTCAGGGATTG-1",3.335133367815
"TGGGCGTGTCCAAGTT-1",2.07429610670219
"TGGGCGTGTCTAGAGG-1",1.52627547128452
"TGGGCGTGTGGCTCCA-1",5.32077579204166
"TGGGCGTGTTTCGCTC-1",1.8409030527332
"TGGGCGTTCAGCTTAG-1",0
"TGGTTAGAGCTACCTA-1",4.23373063524973
"TGGTTAGAGTTAGGTA-1",4.70516637493
"TGGTTAGGTGATGATA-1",1.93908418398491
"TGGTTAGGTTCACGGC-1",3.13726194384262
"TGGTTAGTCCCGACTT-1",7.91210163855404
"TGGTTAGTCTTGTATC-1",7.31483046828159
"TGGTTCCAGCCGTCGT-1",0
"TGGTTCCAGTAATCCC-1",3.35261996131931
"TGGTTCCCAAGTTGTC-1",4.28004021190118
"TGGTTCCCAGACAAAT-1",7.31483046828159
"TGGTTCCCAGACAGGT-1",0
"TGGTTCCCAGCTCGAC-1",1.81763797610274
"TGGTTCCCATGTCCTC-1",6.16595900364689
"TGGTTCCCATTTCACT-1",1.52627547128452
"TGGTTCCGTCCAAGTT-1",5.46536841008162
"TGGTTCCTCACATACG-1",2.1091374238726
"TGGTTCCTCAGCTTAG-1",2.02938239688531
"TGGTTCCTCTAACTTC-1",5.92340423461831
"TGGTTCCTCTAGAGTC-1",5.58480494265941
"TGGTTCCTCTGGGCCA-1",0
"TGTATTCAGCCCGAAA-1",3.67435110143523
"TGTATTCAGCGATCCC-1",1.74656133085108
"TGTATTCCAGGGCATA-1",3.38868055026287
"TGTATTCGTAAGAGAG-1",8.04404645609202
"TGTATTCGTTTGTTTC-1",3.82699913329832
"TGTATTCTCAGCATGT-1",0
"TGTATTCTCATCTGTT-1",0
"TGTCCCAAGCAGATCG-1",0.960461950187293
"TGTCCCAAGCTAGTTC-1",9.79950955744326
"TGTCCCAAGCTGAACG-1",4.75203144559449
"TGTCCCAAGTTGTCGT-1",4.87077723055911
"TGTCCCACAGTAAGCG-1",3.09101684079267
"TGTCCCACATCACGTA-1",1.7118617553295
"TGTCCCAGTAAGAGGA-1",2.88148377412234
"TGTCCCAGTAAGTGGC-1",8.03064994703714
"TGTCCCAGTCGGATCC-1",7.55533741647687
"TGTCCCATCATTTGGG-1",9.48860391993645
"TGTCCCATCTGCAAGT-1",7.77905340184048
"TGTCCCATCTGCGTAA-1",1.46326769867346
"TGTGGTAGTCCCGACA-1",0
"TGTGGTAGTGTGAAAT-1",1.84897736262192
"TGTGGTAGTGTGACGA-1",0
"TGTGGTATCCAGGGCT-1",6.62193116904323
"TGTGGTATCTTGCATT-1",1.78801928284575
"TGTGTTTAGAGGTTAT-1",2.77842071916518
"TGTGTTTAGCGTGAGT-1",11.6002888013943
"TGTGTTTAGTGCGTGA-1",4.28004021190118
"TGTGTTTCATGCGCAC-1",5.86154057900725
"TGTGTTTTCTCATTCA-1",1.87561978493154
"TGTGTTTTCTTTCCTC-1",1.62138413570584
"TGTTCCGAGAGCAATT-1",0
"TGTTCCGAGCAACGGT-1",9.64778710817492
"TGTTCCGAGGAATTAC-1",0
"TGTTCCGAGGACTGGT-1",3.38868055026287
"TGTTCCGCAGTGAGTG-1",11.6002888013943
"TGTTCCGGTGAGTATA-1",4.11787849426577
"TGTTCCGTCAAGCCTA-1",6.84477527290053
"TGTTCCGTCAGTTCGA-1",0
"TGTTCCGTCGGCGGTT-1",0
"TGTTCCGTCTGAAAGA-1",4.16342973535429
"TGTTCCGTCTGGTATG-1",2.07429610670219
"TTAACTCAGTGTACGG-1",2.51237107000617
"TTAACTCCAAGCGCTC-1",1.46326769867346
"TTAACTCCAGGCAGTA-1",8.93322273110938
"TTAACTCGTTCCACAA-1",4.25832436456228
"TTAACTCTCATAAAGG-1",0
"TTAACTCTCCCTCAGT-1",1.8409030527332
"TTAGGACAGCAGGCTA-1",3.36709521235664
"TTAGGACAGCTCTCGG-1",0
"TTAGGACCAAGCCATT-1",0
"TTAGGACCAGTCAGAG-1",8.06385656908813
"TTAGGACGTTTGTTTC-1",1.52627547128452
"TTAGGCAAGAAGATTC-1",0
"TTAGGCAAGAGCCCAA-1",4.87077723055911
"TTAGGCAAGAGTGACC-1",1.86493826954485
"TTAGGCAAGGTTCCTA-1",0
"TTAGGCAAGTCGTTTG-1",0
"TTAGGCAAGTGTACCT-1",2.57506183776122
"TTAGGCACAGACGCTC-1",0
"TTAGGCACATGTTCCC-1",2.70930041855765
"TTAGGCAGTAAGGATT-1",1.85942656011826
"TTAGGCAGTAAGTAGT-1",0
"TTAGGCAGTCTTGATG-1",2.03862302633411
"TTAGGCATCACGCATA-1",6.57273439664748
"TTAGGCATCAGTCAGT-1",4.16463937640157
"TTAGGCATCCAGTATG-1",0
"TTAGGCATCGTTACGA-1",2.02938239688531
"TTAGTTCAGGTGCAAC-1",0
"TTAGTTCCAATGTAAG-1",0
"TTAGTTCCATCCTTGC-1",2.88148377412234
"TTAGTTCGTAGCCTAT-1",0
"TTAGTTCGTGCAGACA-1",5.80797850703296
"TTAGTTCGTGTCAATC-1",0
"TTAGTTCGTTGCCTCT-1",4.21114626136754
"TTAGTTCTCAGGCCCA-1",1.78801928284575
"TTAGTTCTCGCAGGCT-1",2.68565277363507
"TTAGTTCTCTACTATC-1",3.07332205314633
"TTATGCTAGAATGTGT-1",0
"TTATGCTAGCACACAG-1",0
"TTATGCTAGCAGCCTC-1",4.43062918457741
"TTATGCTAGTCCCACG-1",0
"TTATGCTCAGCCAGAA-1",1.49626999036477
"TTATGCTCATACCATG-1",17.4116914059055
"TTATGCTCATGTAGTC-1",10.2240931243985
"TTATGCTGTCCGAGTC-1",8.87826341841751
"TTATGCTTCGATAGAA-1",10.7558732720073
"TTCCCAGAGAATTCCC-1",1.86493826954485
"TTCCCAGAGACTAGAT-1",3.01641767783144
"TTCCCAGAGTATCGAA-1",0
"TTCCCAGCAGATGGGT-1",1.77528463202455
"TTCCCAGCATCAGTAC-1",6.9025558919269
"TTCCCAGCATCTCCCA-1",5.82165964988428
"TTCCCAGCATTACCTT-1",2.92437407173017
"TTCCCAGTCAACACTG-1",5.89605409329106
"TTCCCAGTCGAGAGCA-1",1.20851858622415
"TTCGAAGAGTCTCAAC-1",11.5095691869658
"TTCGAAGCAAGCGCTC-1",11.8797137718825
"TTCGAAGCACATTAGC-1",6.47324432447391
"TTCGAAGCACGGTGTC-1",1.93908418398491
"TTCGGTCAGAGGACGG-1",1.75600655495005
"TTCGGTCAGCACACAG-1",5.8990676557085
"TTCGGTCAGGCCCTCA-1",0
"TTCGGTCAGTGAATTG-1",4.11787849426577
"TTCGGTCAGTTGAGAT-1",2.43306232984437
"TTCGGTCCAAGGGTCA-1",4.93601469691287
"TTCGGTCCACGTCAGC-1",1.62661684555831
"TTCGGTCGTAACGTTC-1",11.4902963655921
"TTCGGTCGTAGAGTGC-1",1.67246144572645
"TTCGGTCGTTCATGGT-1",6.62193116904323
"TTCGGTCGTTCTGTTT-1",5.80821168166757
"TTCGGTCTCAAAGACA-1",6.63713006006345
"TTCGGTCTCCAGTATG-1",2.86655990156431
"TTCGGTCTCGCGTTTC-1",0
"TTCGGTCTCGTCTGAA-1",1.86125918309788
"TTCTACAAGACTAAGT-1",0
"TTCTACAAGCAGCCTC-1",8.03064994703714
"TTCTACAAGCCTTGAT-1",8.77200424198525
"TTCTACAAGGCAGGTT-1",5.50104551234126
"TTCTACAAGGTAAACT-1",5.88993348474265
"TTCTACAAGTTAGGTA-1",6.73537995023514
"TTCTACACACGTGAGA-1",2.80440877793571
"TTCTACACAGCTGTTA-1",0
"TTCTACACATCGATTG-1",9.66817017689458
"TTCTACACATTACGAC-1",0
"TTCTACAGTACCGTTA-1",4.3504921382792
"TTCTACAGTATATGAG-1",1.26504015021883
"TTCTACAGTGGCTCCA-1",8.93322273110938
"TTCTACATCAACGGGA-1",3.6497649503903
"TTCTACATCCGCGTTT-1",6.25897614779468
"TTCTCAAAGAAAGTGG-1",4.18807843565441
"TTCTCAAAGAATCTCC-1",2.43306232984437
"TTCTCAAAGAGGTTAT-1",3.35968020847517
"TTCTCAAAGCAGCCTC-1",5.28796466964367
"TTCTCAAAGCCGCCTA-1",0
"TTCTCAAAGTCAATAG-1",5.32077579204166
"TTCTCAAAGTTGAGAT-1",2.11188975909573
"TTCTCAACACCCAGTG-1",0
"TTCTCAACATTGTGCA-1",1.16397646005212
"TTCTCAAGTATAAACG-1",14.0874580477738
"TTCTCAAGTCCCTTGT-1",10.5791460336598
"TTCTCAAGTCGAGATG-1",1.62661684555831
"TTCTCAATCATCGCTC-1",4.84795879644684
"TTCTCAATCCCTAACC-1",6.84477527290054
"TTCTCAATCGTAGGAG-1",5.86154057900725
"TTCTCCTAGAGTAAGG-1",3.63168124108423
"TTCTCCTAGCGACGTA-1",2.99268431400609
"TTCTCCTAGCGTGAGT-1",6.73537995023514
"TTCTCCTAGTCTCGGC-1",4.56150489347689
"TTCTCCTCAACACGCC-1",3.38868055026287
"TTCTCCTCAATAACGA-1",6.73537995023514
"TTCTCCTGTTAAGAAC-1",1.81763797610274
"TTCTCCTTCAGTTCGA-1",1.77650710215293
"TTCTCCTTCCGTAGGC-1",2.11188975909573
"TTCTCCTTCCTTTCTC-1",0
"TTCTCCTTCTGCAAGT-1",10.2240931243985
"TTCTCCTTCTTCAACT-1",1.67246144572645
"TTCTCCTTCTTGTACT-1",6.9025558919269
"TTCTTAGAGGACTGGT-1",8.45417433926586
"TTCTTAGCAAGGTGTG-1",9.97767814600752
"TTCTTAGCATCGGAAG-1",1.49626999036477
"TTCTTAGGTAGAAGGA-1",2.02938239688531
"TTCTTAGGTCATATGC-1",7.91210163855404
"TTCTTAGTCAGTTCGA-1",4.64366842679946
"TTGAACGGTCACTTCC-1",6.13744823214744
"TTGAACGTCATGTCCC-1",6.671006511538
"TTGACTTAGCCACGTC-1",8.06385656908813
"TTGACTTAGCGACGTA-1",2.23845135518417
"TTGACTTAGTTAACGA-1",6.00513078059844
"TTGACTTCACTTACGA-1",1.38998065455509
"TTGACTTGTCTCTCTG-1",5.19347472449711
"TTGACTTGTGCGATAG-1",0
"TTGACTTTCCAGAGGA-1",4.57097260439952
"TTGACTTTCTGTCCGT-1",1.86125918309788
"TTGCCGTAGGAGCGTT-1",5.10646598948
"TTGCCGTAGGTGGGTT-1",0
"TTGCCGTCATGGTCAT-1",1.50330009397771
"TTGCGTCAGACAGAGA-1",5.4361550064127
"TTGCGTCAGCTCCTTC-1",0
"TTGCGTCAGTCCATAC-1",0
"TTGCGTCAGTGAATTG-1",1.75600655495005
"TTGCGTCCAAATTGCC-1",5.80821168166757
"TTGCGTCCACTGTGTA-1",0
"TTGCGTCCAGTCACTA-1",4.23958542152754
"TTGCGTCGTCTGATTG-1",1.78801928284575
"TTGGAACAGCCCAATT-1",4.93601469691287
"TTGGAACAGCGTCTAT-1",1.95226897900981
"TTGGAACAGGCGTACA-1",1.59300264994819
"TTGGAACGTATTACCG-1",3.05812082563435
"TTGGAACTCCCATTAT-1",1.28227877722513
"TTGGAACTCCGTAGTA-1",9.95474078638653
"TTGGAACTCGTCCAGG-1",10.444936638724
"TTGGCAAAGTTAGGTA-1",4.18807843565441
"TTGGCAAGTATAGGTA-1",0
"TTGGCAATCACATGCA-1",1.62661684555831
"TTGGCAATCAGAGCTT-1",6.9025558919269
"TTGGCAATCGCATGAT-1",0
"TTGGCAATCTAGAGTC-1",1.77528463202455
"TTGTAGGAGGTGCTAG-1",2.83762653462923
"TTGTAGGCACACGCTG-1",1.86493826954485
"TTGTAGGGTCTCCCTA-1",0
"TTGTAGGGTGGTAACG-1",1.77650710215293
"TTGTAGGTCGGCGCTA-1",1.86493826954485
"TTGTAGGTCTGCCAGG-1",8.30278827529405
"TTTACTGAGATCACGG-1",1.86678477415487
"TTTACTGCAAAGCAAT-1",7.91210163855404
"TTTACTGCACATGGGA-1",9.93667548517373
"TTTACTGCACCACGTG-1",2.70930041855765
"TTTACTGCATGGGACA-1",3.66549483336112
"TTTACTGCATGTCCTC-1",7.91210163855404
"TTTACTGGTAACGTTC-1",14.4361428455101
"TTTACTGGTGGTGTAG-1",8.164410918843
"TTTACTGGTTCGCTAA-1",3.31178388446108
"TTTACTGTCTGGAGCC-1",1.16397646005212
"TTTATGCAGACTGTAA-1",0
"TTTATGCAGATGCGAC-1",2.59347982111894
"TTTATGCAGGCAAAGA-1",0
"TTTATGCAGGCCCGTT-1",1.52627547128452
"TTTATGCAGTTCCACA-1",11.6002888013944
"TTTATGCCAAACGCGA-1",1.80479417423424
"TTTATGCCAATCTGCA-1",1.79468210501893
"TTTATGCCACAGGTTT-1",3.35968020847517
"TTTATGCCAGCCAATT-1",4.21996359616428
"TTTATGCCAGGTCGTC-1",1.16397646005212
"TTTATGCCATGGTCAT-1",15.9414527808089
"TTTATGCTCACATAGC-1",9.42589007726579
"TTTATGCTCACCTTAT-1",1.47381749987807
"TTTATGCTCGGCGGTT-1",3.67757934626502
"TTTATGCTCTCGCTTG-1",4.57097260439952
"TTTCCTCAGCGTGAAC-1",3.56225755586203
"TTTCCTCAGGACTGGT-1",12.1361294946833
"TTTCCTCCAAAGTGCG-1",5.86154057900725
"TTTCCTCCAGGAATGC-1",2.07429610670219
"TTTCCTCCATTAGCCA-1",7.11880913512727
"TTTCCTCGTCCGAAGA-1",0
"TTTCCTCGTCGCTTTC-1",11.138073064766
"TTTCCTCTCGGCCGAT-1",8.44098478770694
"TTTCCTCTCGTGTAGT-1",0
"TTTGCGCAGCTAAACA-1",9.95474078638653
"TTTGCGCAGCTAGTCT-1",5.80797850703296
"TTTGCGCAGGCCGAAT-1",1.52066335423564
"TTTGCGCAGTCAAGGC-1",0
"TTTGCGCCAAGTAGTA-1",5.80797850703296
"TTTGCGCCAGGTGCCT-1",0
"TTTGCGCGTCTAAACC-1",5.80797850703296
"TTTGCGCTCAAAGTAG-1",1.52627547128452
"TTTGCGCTCATGTAGC-1",0
"TTTGGTTAGAATGTGT-1",1.80606827324287
"TTTGGTTAGACAATAC-1",4.93601469691287
"TTTGGTTAGCGATTCT-1",0
"TTTGGTTAGGCTCAGA-1",1.93908418398491
"TTTGGTTAGTTACCCA-1",5.88993348474265
"TTTGGTTCAAACTGCT-1",2.68565277363507
"TTTGGTTCAAGCTGTT-1",1.23466912725005
"TTTGGTTCAGATCGGA-1",5.88993348474265
"TTTGGTTCATCACAAC-1",0
"TTTGGTTGTACTTCTT-1",2.68565277363507
"TTTGGTTGTATGCTTG-1",0
"TTTGGTTGTGCTTCTC-1",0
"TTTGGTTTCATGCTCC-1",5.01585046323124
"TTTGGTTTCCCTGACT-1",0
"TTTGTCAAGAGTCGGT-1",3.29893322409774
"TTTGTCACAAGTTCTG-1",15.5567674312541
"TTTGTCACAAGTTGTC-1",6.66304226846869
"TTTGTCATCACCTTAT-1",7.29727726633284
"TTTGTCATCCATTCTA-1",3.335133367815
"TTTGTCATCCTTAATC-1",1.28227877722513
"TTTGTCATCTTATCTG-1",3.73378214519389
