"cell_barcode","expression"
"AAACCTGAGACAGAGA-1",0
"AAACCTGAGACTTTCG-1",0
"AAACCTGAGAGTAAGG-1",0
"AAACCTGAGAGTCGGT-1",0
"AAACCTGAGGATGGAA-1",2.00065018203098
"AAACCTGAGTAGATGT-1",0
"AAACCTGCAATCAGAA-1",2.14560021193091
"AAACCTGCACCGATAT-1",0
"AAACCTGCAGACGTAG-1",0
"AAACCTGCAGTATCTG-1",1.41517501661356
"AAACCTGCATAGTAAG-1",1.87049181002277
"AAACCTGCATGAACCT-1",1.68989523212849
"AAACCTGGTAAGAGGA-1",0
"AAACCTGGTCCAACTA-1",1.82315514601964
"AAACCTGTCCGTAGTA-1",0
"AAACCTGTCGAGAGCA-1",1.30415213556407
"AAACGGGAGTACGACG-1",2.01629094581711
"AAACGGGCAAGGTTTC-1",0
"AAACGGGCACGTCAGC-1",0
"AAACGGGCAGCGTTCG-1",0
"AAACGGGGTAGCCTCG-1",0
"AAACGGGGTCTACCTC-1",0
"AAACGGGGTGCGGTAA-1",0
"AAACGGGGTTGTCGCG-1",0
"AAACGGGTCCATGAGT-1",1.41399611329836
"AAACGGGTCCCAACGG-1",1.81742202314284
"AAACGGGTCCCATTAT-1",0
"AAAGATGCAGTCAGCC-1",0
"AAAGATGCATCTACGA-1",0
"AAAGCAAAGCGTCTAT-1",0
"AAAGCAACATGTCGAT-1",1.78265118401869
"AAAGCAAGTAGCTGCC-1",0
"AAAGCAAGTAGGCATG-1",1.85078388857223
"AAAGCAAGTGCGCTTG-1",3.83005164095063
"AAAGCAAGTTATTCTC-1",0
"AAAGCAATCCGTAGTA-1",0
"AAAGTAGAGATGTGTA-1",0
"AAAGTAGAGTGGGCTA-1",0
"AAAGTAGGTATATGGA-1",0
"AAAGTAGGTGAGCGAT-1",0
"AAAGTAGGTTGAGGTG-1",0
"AAATGCCAGCCCTAAT-1",0
"AAATGCCAGCGTGTCC-1",0
"AAATGCCCAACACCTA-1",0
"AAATGCCGTAGGAGTC-1",0
"AAATGCCGTCTTTCAT-1",0
"AAATGCCGTGGTCCGT-1",0
"AAATGCCGTTCCCGAG-1",0
"AAATGCCTCATAGCAC-1",0
"AAATGCCTCGCTTAGA-1",0
"AACACGTAGAATTCCC-1",0.870344147873255
"AACACGTAGCCCTAAT-1",1.86539945915656
"AACACGTAGGGTGTGT-1",1.7000594688291
"AACACGTCACTGTCGG-1",1.87049181002277
"AACACGTCATCCCATC-1",0
"AACACGTGTGCAACGA-1",0
"AACACGTGTGTCGCTG-1",0
"AACCATGAGCGCTTAT-1",0
"AACCATGGTCCGTTAA-1",0
"AACCATGTCAGTTCGA-1",0
"AACCATGTCATCGATG-1",0
"AACCATGTCCCAAGTA-1",0
"AACCGCGAGAAGCCCA-1",0
"AACCGCGAGACTGGGT-1",0
"AACCGCGAGAGGTACC-1",0
"AACCGCGAGTTAGGTA-1",0
"AACCGCGAGTTGCAGG-1",0
"AACCGCGCACGGTAGA-1",0
"AACCGCGCAGCATGAG-1",1.41493905331401
"AACCGCGCAGCCTGTG-1",2.13566668433679
"AACCGCGCAGCTGTGC-1",0
"AACCGCGCAGTATGCT-1",0
"AACCGCGGTACTTGAC-1",0
"AACCGCGGTCTGCAAT-1",1.46122980539364
"AACCGCGTCACATGCA-1",1.80947696635039
"AACCGCGTCACCGTAA-1",1.84403241487607
"AACCGCGTCCAGAGGA-1",1.67775140648335
"AACCGCGTCCGAAGAG-1",1.9179810120487
"AACGTTGAGCGATAGC-1",0
"AACGTTGAGCGATCCC-1",0
"AACGTTGAGCTTATCG-1",0
"AACGTTGCAAGTTGTC-1",0
"AACGTTGCAATAGAGT-1",1.82315514601964
"AACGTTGCAATGGATA-1",0
"AACGTTGCATGGATGG-1",0
"AACGTTGCATTCTCAT-1",0
"AACGTTGTCAACACGT-1",1.49278393904348
"AACGTTGTCGAGGTAG-1",0
"AACGTTGTCGGTCCGA-1",0
"AACTCAGAGAGCTATA-1",1.56220326605152
"AACTCAGAGAGTCGGT-1",0
"AACTCAGAGCCACCTG-1",0
"AACTCAGAGCCCAATT-1",1.41399611329836
"AACTCAGCAAACAACA-1",0
"AACTCAGCACAAGCCC-1",0
"AACTCAGCACGGTTTA-1",1.51040875805983
"AACTCAGCAGGATCGA-1",1.6802341060118
"AACTCAGCATAAAGGT-1",0
"AACTCAGGTTCCACAA-1",0
"AACTCAGTCGTACCGG-1",0
"AACTCCCAGCCCAGCT-1",0
"AACTCCCAGCTAAGAT-1",0
"AACTCCCCATGGTCTA-1",1.46122980539364
"AACTCCCGTTGCGCAC-1",0
"AACTCCCTCAAGAAGT-1",0
"AACTCCCTCAAGCCTA-1",3.88904110388816
"AACTCCCTCATCGCTC-1",1.58063191318502
"AACTCCCTCTGCAGTA-1",0
"AACTCCCTCTGGCGTG-1",3.29191578892007
"AACTCTTAGCAGACTG-1",0
"AACTCTTAGTCCGGTC-1",0
"AACTCTTCATGCTAGT-1",2.35709500583626
"AACTCTTGTCGAATCT-1",0
"AACTCTTGTCGGGTCT-1",0
"AACTCTTTCTCAAACG-1",1.74344089195725
"AACTCTTTCTCCAGGG-1",0
"AACTCTTTCTCTGCTG-1",1.59770199151674
"AACTGGTAGAAGATTC-1",0
"AACTGGTAGAGACTAT-1",0
"AACTGGTAGCCAACAG-1",0
"AACTGGTAGTGTACTC-1",0
"AACTGGTCACTGAAGG-1",0
"AACTGGTGTCCGAACC-1",0
"AACTGGTTCGGAGCAA-1",0
"AACTGGTTCGTGGGAA-1",0
"AACTGGTTCTGCTTGC-1",1.8116156410013
"AACTTTCAGCGTGAAC-1",0
"AACTTTCAGTATCTCG-1",0
"AACTTTCAGTTTCCTT-1",1.89553501908368
"AACTTTCCATCCTTGC-1",1.93603268455258
"AACTTTCGTCTAGAGG-1",0
"AACTTTCGTCTCTTTA-1",0
"AACTTTCGTTTGTTTC-1",2.62615392477935
"AAGACCTAGGGCTTCC-1",2.35709500583626
"AAGACCTAGTACACCT-1",0
"AAGACCTGTATATGAG-1",0
"AAGACCTGTATCAGTC-1",0
"AAGACCTGTCCGTGAC-1",0
"AAGACCTGTCGAAAGC-1",0
"AAGACCTTCGCCATAA-1",0
"AAGCCGCAGATCTGAA-1",0
"AAGCCGCAGGGTGTTG-1",0
"AAGCCGCAGTGGACGT-1",0
"AAGCCGCAGTGTACTC-1",0
"AAGCCGCCACGCTTTC-1",0
"AAGCCGCCAGGACGTA-1",1.28776377828259
"AAGCCGCGTACAGTTC-1",0
"AAGCCGCGTCATTAGC-1",0
"AAGCCGCTCACGAAGG-1",2.82535983370175
"AAGCCGCTCAGTTAGC-1",0
"AAGCCGCTCGCAAACT-1",0
"AAGCCGCTCGTCGTTC-1",0
"AAGCCGCTCTTACCGC-1",0
"AAGGAGCAGAAACCGC-1",0
"AAGGAGCAGGCATGTG-1",1.46122980539364
"AAGGAGCAGGCGCTCT-1",1.5800194241723
"AAGGAGCAGTTGAGTA-1",0
"AAGGAGCCACGGCGTT-1",0
"AAGGAGCGTCTGCAAT-1",0
"AAGGAGCTCGTCTGCT-1",0
"AAGGCAGAGAACTGTA-1",0
"AAGGCAGAGAGATGAG-1",0
"AAGGCAGAGGTGATAT-1",0
"AAGGCAGCATAGTAAG-1",0
"AAGGCAGGTACTTCTT-1",0
"AAGGCAGGTGTGCCTG-1",1.35183456833378
"AAGGCAGTCAGATAAG-1",1.41399611329836
"AAGGCAGTCGGAATCT-1",0
"AAGGTTCAGTATCTCG-1",0
"AAGGTTCCATCACGTA-1",1.30415213556407
"AAGGTTCGTATATGGA-1",0
"AAGGTTCGTCCGAATT-1",1.2133165770732
"AAGGTTCGTCGACTAT-1",0
"AAGGTTCGTGTGACCC-1",2.42187281397639
"AAGGTTCTCCGTCATC-1",1.80947696635039
"AAGGTTCTCCTCGCAT-1",1.46122980539364
"AAGGTTCTCTGCGGCA-1",0
"AAGTCTGAGCCATCGC-1",0
"AAGTCTGAGTCAAGCG-1",0
"AAGTCTGCAAAGGAAG-1",0
"AAGTCTGGTCAGCTAT-1",1.74344089195725
"AAGTCTGTCAAACAAG-1",0
"AAGTCTGTCACTGGGC-1",0
"AAGTCTGTCAGCAACT-1",0
"AATCCAGCAAAGTGCG-1",1.86539945915656
"AATCCAGCAGCATACT-1",0
"AATCCAGGTAGGCATG-1",0
"AATCCAGGTCTCCCTA-1",0
"AATCCAGTCCGAATGT-1",2.81361236231799
"AATCGGTAGGCATGGT-1",0
"AATCGGTTCCTGTACC-1",1.66027520171672
"AATCGGTTCGCCGTGA-1",0
"ACACCAAAGATGAGAG-1",0
"ACACCAAAGCCCTAAT-1",0
"ACACCAAAGGATGGTC-1",0
"ACACCAAAGTGTCCAT-1",0
"ACACCAACACTTCGAA-1",2.14560021193091
"ACACCAACAGACGCTC-1",1.63321559807939
"ACACCAACAGCCTATA-1",0
"ACACCAAGTCGCGTGT-1",1.66027520171672
"ACACCAAGTCTAAACC-1",0
"ACACCAAGTTATGTGC-1",0
"ACACCAATCGCGTTTC-1",0
"ACACCCTAGCCAGGAT-1",2.81361236231799
"ACACCCTAGTACTTGC-1",1.79744973696353
"ACACCCTCAAGCGCTC-1",0
"ACACCCTCATCACAAC-1",0
"ACACCCTCATGCCCGA-1",0
"ACACCCTGTCTGGTCG-1",0
"ACACCCTTCCGCAAGC-1",1.49278393904348
"ACACCCTTCCTTGCCA-1",0
"ACACCCTTCTATCCTA-1",0
"ACACCCTTCTGGCGTG-1",0
"ACACCGGAGGCTCAGA-1",1.85078388857223
"ACACCGGAGTGACATA-1",0
"ACACCGGAGTTACCCA-1",1.65546109680231
"ACACCGGCACCAGATT-1",0
"ACACCGGCACCGAAAG-1",1.71821436207196
"ACACCGGCATCACAAC-1",1.61168168290827
"ACACCGGTCCGCATAA-1",2.14493407592794
"ACACCGGTCTCGGACG-1",0
"ACACCGGTCTCTGTCG-1",0
"ACACTGAAGCACGCCT-1",0
"ACACTGAAGGTGATTA-1",0
"ACACTGACAATAGAGT-1",2.00564269809515
"ACACTGACAGACTCGC-1",2.87831433821652
"ACACTGACATCCAACA-1",0
"ACACTGAGTCCGAAGA-1",0
"ACACTGAGTGTTTGTG-1",0
"ACACTGAGTTTGACTG-1",0
"ACAGCCGAGGAATGGA-1",0
"ACAGCCGAGGCCCGTT-1",0
"ACAGCCGAGGTGCTTT-1",1.81742202314284
"ACAGCCGAGTGGTAGC-1",3.83005164095063
"ACAGCCGCATATACGC-1",0
"ACAGCCGCATGCAACT-1",0
"ACAGCCGGTAGGGTAC-1",0
"ACAGCCGGTCGAATCT-1",0
"ACAGCCGGTTCACCTC-1",0
"ACAGCCGGTTCCACTC-1",0
"ACAGCCGTCCAGAAGG-1",1.41517501661356
"ACAGCCGTCTTTACAC-1",0
"ACAGCTAAGCACCGCT-1",0
"ACAGCTAAGTATCTCG-1",0
"ACAGCTAAGTGTTGAA-1",1.9179810120487
"ACAGCTACATCGTCGG-1",0
"ACAGCTAGTCGACTAT-1",3.61690356616575
"ACAGCTAGTGGTACAG-1",0
"ACAGCTATCACCACCT-1",1.57392569303943
"ACAGCTATCTGCTTGC-1",0
"ACATACGAGAGCTTCT-1",3.58361382122852
"ACATACGAGCGTAGTG-1",0
"ACATACGAGCTTCGCG-1",0
"ACATACGAGCTTTGGT-1",1.81376069513352
"ACATACGCAAACGTGG-1",0.870344147873255
"ACATACGCAAGCCTAT-1",0
"ACATACGCATCTCCCA-1",0
"ACATACGCATTCTCAT-1",0
"ACATACGGTAGGAGTC-1",0
"ACATACGGTGCACCAC-1",0
"ACATACGGTGGTTTCA-1",1.1851503914433
"ACATACGTCGTATCAG-1",0
"ACATCAGAGCCACTAT-1",3.07827908851564
"ACATCAGAGCCTTGAT-1",0
"ACATCAGCAACACCCG-1",0
"ACATCAGCAACGATGG-1",0
"ACATCAGCAATTGCTG-1",0
"ACATCAGCACCGGAAA-1",1.56220326605152
"ACATCAGCATAAAGGT-1",1.85078388857223
"ACATCAGCATCCCACT-1",0
"ACATCAGCATTTGCCC-1",0
"ACATCAGGTAAGGATT-1",0
"ACATCAGGTCCGTGAC-1",0
"ACATCAGGTTAAGTAG-1",0
"ACATCAGTCAAACCGT-1",0
"ACATGGTAGCATGGCA-1",0
"ACATGGTAGCTGTTCA-1",0
"ACATGGTCACTTGGAT-1",2.00231072315989
"ACATGGTGTCAGATAA-1",0
"ACATGGTGTCTGCGGT-1",0
"ACATGGTGTGCAACTT-1",0
"ACATGGTTCCGCAAGC-1",0
"ACATGGTTCCTCCTAG-1",0
"ACATGGTTCTGGAGCC-1",0
"ACATGGTTCTTCTGGC-1",0
"ACCAGTAAGATCACGG-1",0
"ACCAGTAAGCTTCGCG-1",1.68989523212849
"ACCAGTACACAGATTC-1",1.79510060163789
"ACCAGTACACAGGCCT-1",0
"ACCAGTACAGTATGCT-1",2.35191829274565
"ACCAGTACAGTCAGAG-1",0
"ACCAGTACAGTTTACG-1",1.46122980539364
"ACCAGTAGTCACCCAG-1",3.88904110388816
"ACCAGTAGTCCATCCT-1",0
"ACCAGTAGTCTTCAAG-1",2.14560021193091
"ACCAGTAGTGGACGAT-1",0
"ACCAGTATCTGCGACG-1",0
"ACCAGTATCTGCTTGC-1",0
"ACCAGTATCTGTTTGT-1",1.9179810120487
"ACCCACTAGAGGTTAT-1",0
"ACCCACTAGATCCCGC-1",3.01211538468019
"ACCCACTAGATGTGTA-1",0
"ACCCACTAGCCCAATT-1",2.80347443359135
"ACCCACTCAAGGGTCA-1",1.78265118401869
"ACCCACTCAAGGTTCT-1",0
"ACCCACTGTAAATGAC-1",0
"ACCCACTGTAGCCTCG-1",0
"ACCCACTGTCAAAGAT-1",1.81742202314284
"ACCCACTGTCAATACC-1",1.79510060163789
"ACCCACTGTGTGGTTT-1",0
"ACCCACTTCGCAAACT-1",0
"ACCCACTTCTGCCAGG-1",1.39134050249977
"ACCGTAACAATCGGTT-1",0
"ACCGTAACAATCTACG-1",0
"ACCGTAACAGGTCCAC-1",0
"ACCGTAAGTACAGCAG-1",0
"ACCGTAAGTCATGCAT-1",0
"ACCGTAAGTGAGTGAC-1",0
"ACCGTAAGTTAAGAAC-1",0
"ACCGTAAGTTCCGTCT-1",1.57392569303943
"ACCGTAATCACATAGC-1",0
"ACCGTAATCATGTGGT-1",0
"ACCGTAATCTGAAAGA-1",0
"ACCTTTACAATCGGTT-1",2.00065018203098
"ACCTTTACACGGACAA-1",0
"ACCTTTACAGCAGTTT-1",0
"ACCTTTACATGCAACT-1",0
"ACCTTTACATTTCAGG-1",0
"ACCTTTAGTGAACCTT-1",0
"ACCTTTAGTTCCACTC-1",1.65546109680231
"ACCTTTATCTCTAGGA-1",0
"ACGAGCCAGGCAGGTT-1",1.56220326605152
"ACGAGCCCACAGGCCT-1",0
"ACGAGCCCATGGAATA-1",0
"ACGAGCCGTGCACGAA-1",0
"ACGAGCCGTGTGACCC-1",0
"ACGAGCCGTTGGTTTG-1",0
"ACGAGCCTCAGTCCCT-1",0
"ACGAGCCTCGCAAACT-1",3.61690356616575
"ACGAGGACACTACAGT-1",1.41517501661356
"ACGAGGACATGTAGTC-1",0
"ACGAGGAGTACACCGC-1",0
"ACGAGGAGTGCCTGCA-1",2.42187281397639
"ACGAGGAGTTCTGAAC-1",0
"ACGAGGATCTGCGGCA-1",3.88904110388816
"ACGATACAGAGTGACC-1",2.13566668433679
"ACGATACAGCGCCTTG-1",1.89553501908368
"ACGATACCACGTTGGC-1",2.42187281397639
"ACGATACCATTGGGCC-1",0
"ACGATACGTCGAATCT-1",0
"ACGATACTCTGACCTC-1",0
"ACGATGTAGTGCGATG-1",1.41399611329836
"ACGATGTAGTTGAGAT-1",0
"ACGATGTCAACGCACC-1",0
"ACGATGTCACACGCTG-1",0
"ACGATGTGTATTCTCT-1",0
"ACGATGTGTCAGTGGA-1",0
"ACGATGTGTGACTACT-1",0
"ACGATGTGTGTCGCTG-1",0
"ACGATGTTCGCGTAGC-1",0
"ACGATGTTCTCTTATG-1",0
"ACGCAGCAGCGGCTTC-1",1.84807577775508
"ACGCAGCAGCTGCGAA-1",2.82535983370175
"ACGCAGCAGTGTACGG-1",0
"ACGCAGCCACCTCGTT-1",0
"ACGCAGCCATCGACGC-1",0
"ACGCAGCCATTACCTT-1",0
"ACGCAGCGTCCATGAT-1",0
"ACGCAGCGTCTACCTC-1",0
"ACGCAGCGTCTGGTCG-1",2.82535983370175
"ACGCAGCGTGCGATAG-1",0
"ACGCCAGCAAAGCAAT-1",3.79157680370527
"ACGCCAGCAACGCACC-1",0
"ACGCCAGCACGAGAGT-1",1.67775140648335
"ACGCCAGCAGTGAGTG-1",0
"ACGCCAGGTGCACTTA-1",0
"ACGCCAGGTGTGCGTC-1",0
"ACGCCAGTCACAGGCC-1",0
"ACGCCAGTCAGTGTTG-1",0
"ACGCCGAAGAAACGCC-1",0
"ACGCCGAAGATCTGCT-1",0
"ACGCCGACAGCCTGTG-1",1.63321559807939
"ACGCCGAGTTCCAACA-1",0
"ACGCCGATCCTATGTT-1",0
"ACGCCGATCGCAGGCT-1",0
"ACGCCGATCTTGTATC-1",1.8116156410013
"ACGGAGAAGCCAGTTT-1",0
"ACGGAGACACACATGT-1",1.1851503914433
"ACGGAGACAGCCTGTG-1",0
"ACGGAGACAGCGTAAG-1",2.13566668433679
"ACGGAGACAGTAAGCG-1",0
"ACGGAGAGTGTGACGA-1",0
"ACGGAGATCCACGAAT-1",0
"ACGGCCACACATCCAA-1",0
"ACGGCCACACATTCGA-1",0
"ACGGCCAGTACCGTAT-1",0
"ACGGCCAGTGTATGGG-1",0
"ACGGCCATCACGGTTA-1",1.89553501908368
"ACGGCCATCAGTGTTG-1",0
"ACGGCCATCTACTATC-1",2.87831433821652
"ACGGGCTAGGATCGCA-1",1.60180185878519
"ACGGGCTAGGTTCCTA-1",0
"ACGGGCTAGTGGCACA-1",1.30415213556407
"ACGGGCTCATCTGGTA-1",0
"ACGGGCTGTGAGGCTA-1",0
"ACGGGCTTCCGAACGC-1",0
"ACGGGTCAGATGCCAG-1",3.58361382122852
"ACGGGTCCATGATCCA-1",2.90612049618071
"ACGGGTCCATTAGGCT-1",0
"ACGGGTCCATTTCACT-1",0
"ACGGGTCGTTAGGGTG-1",0
"ACGGGTCTCAACACCA-1",0
"ACGGGTCTCCACGCAG-1",0
"ACGTCAAAGGGCTTCC-1",0
"ACGTCAAAGTGGTAAT-1",0
"ACGTCAACAACTGCGC-1",0
"ACGTCAACACAAGACG-1",0
"ACGTCAAGTAGCTCCG-1",0
"ACGTCAAGTGTCGCTG-1",0
"ACGTCAAGTTATGCGT-1",1.41517501661356
"ACGTCAATCAACCAAC-1",1.41517501661356
"ACGTCAATCATAACCG-1",1.88883661405088
"ACGTCAATCCAGAAGG-1",1.2133165770732
"ACGTCAATCTAACTCT-1",0
"ACTATCTAGAGGTTAT-1",2.00231072315989
"ACTATCTAGATACACA-1",0
"ACTATCTAGGAGTAGA-1",0
"ACTATCTAGGCATGTG-1",2.00231072315989
"ACTATCTCAAATACAG-1",0
"ACTATCTCAAATTGCC-1",1.79092662167429
"ACTATCTGTAGGGACT-1",0
"ACTATCTGTCGCGTGT-1",0
"ACTATCTGTGCACGAA-1",1.56220326605152
"ACTATCTGTGGTTTCA-1",1.93603268455258
"ACTATCTTCGCCGTGA-1",0
"ACTGAACAGAGTGAGA-1",0
"ACTGAACAGATCCCGC-1",0
"ACTGAACAGGTGATAT-1",1.57392569303943
"ACTGAACCAAAGCGGT-1",0
"ACTGAACCAAGCGAGT-1",1.41399611329836
"ACTGAACCAATTCCTT-1",0
"ACTGAACCAGCTGGCT-1",0
"ACTGAACCAGTCTTCC-1",0
"ACTGAACCATTACCTT-1",0
"ACTGAACGTAAGCACG-1",2.82535983370175
"ACTGAACGTAATCGTC-1",0
"ACTGAACGTCCAGTAT-1",0
"ACTGAACGTCTGATCA-1",0
"ACTGAACTCCCACTTG-1",0
"ACTGAGTAGCCGGTAA-1",1.39134050249977
"ACTGAGTCAGTGGGAT-1",2.87831433821652
"ACTGAGTCATTTGCCC-1",1.82315514601964
"ACTGAGTGTAGAGCTG-1",2.19366380648398
"ACTGAGTGTTGTGGCC-1",1.57392569303943
"ACTGAGTTCAGGTTCA-1",2.13566668433679
"ACTGATGAGACAGACC-1",1.68989523212849
"ACTGATGAGCGGATCA-1",0
"ACTGATGAGGTGCTTT-1",1.39134050249977
"ACTGATGCAGCAGTTT-1",2.01629094581711
"ACTGATGCATCACAAC-1",0
"ACTGATGGTCATGCAT-1",0
"ACTGATGTCACAATGC-1",0
"ACTGATGTCACTCCTG-1",0
"ACTGATGTCCCTGACT-1",3.79157680370527
"ACTGATGTCCGCTGTT-1",0
"ACTGATGTCCGGCACA-1",1.49278393904348
"ACTGATGTCCTATTCA-1",0
"ACTGCTCAGAGCTTCT-1",0
"ACTGCTCAGATGCCTT-1",0
"ACTGCTCCACACCGCA-1",0
"ACTGCTCCAGATGGGT-1",0
"ACTGCTCCATGCCTAA-1",0
"ACTGCTCGTAGGCATG-1",0
"ACTGCTCGTATCACCA-1",0
"ACTGCTCGTCCGAAGA-1",1.89553501908368
"ACTGCTCTCCGAGCCA-1",0
"ACTGTCCAGAGGGCTT-1",1.67775140648335
"ACTGTCCAGCAGCGTA-1",0
"ACTGTCCAGGCATGGT-1",0
"ACTGTCCCAAGGTTTC-1",0.870344147873255
"ACTGTCCCAAGTACCT-1",0
"ACTGTCCCAGTATCTG-1",1.76718820849755
"ACTGTCCCATAGAAAC-1",1.86539945915656
"ACTGTCCGTTGAGGTG-1",0
"ACTGTCCTCCACGTGG-1",0
"ACTGTCCTCCTTGGTC-1",0
"ACTGTCCTCTCTGTCG-1",1.91058675785902
"ACTTACTAGCGATAGC-1",0
"ACTTACTAGGGATGGG-1",2.00065018203098
"ACTTACTCACAGACAG-1",2.35105865117698
"ACTTACTCACATTTCT-1",1.93603268455258
"ACTTACTGTACTCAAC-1",0
"ACTTACTGTTCCACAA-1",0
"ACTTACTTCATCGGAT-1",1.5800194241723
"ACTTGTTAGACAAGCC-1",1.72311168315317
"ACTTGTTAGCTAGCCC-1",0
"ACTTGTTAGTTACCCA-1",0
"ACTTGTTCACGACGAA-1",1.8116156410013
"ACTTGTTCACGGCTAC-1",3.88904110388816
"ACTTGTTGTATCGCAT-1",0
"ACTTGTTGTGGTAACG-1",0
"ACTTGTTGTTGTGGAG-1",0
"ACTTGTTTCATCACCC-1",0
"ACTTTCACATGGTCAT-1",0
"ACTTTCAGTGACTACT-1",0
"ACTTTCATCGCCAGCA-1",0
"AGAATAGAGCTGAACG-1",0
"AGAATAGAGCTGTCTA-1",0
"AGAATAGAGGTAGCTG-1",1.9179810120487
"AGAATAGCATGGTCTA-1",0
"AGAATAGGTATTCTCT-1",0
"AGAATAGGTGCGGTAA-1",1.8409030527332
"AGAATAGGTTAAGAAC-1",1.79510060163789
"AGAATAGTCAGGCCCA-1",1.72311168315317
"AGACGTTAGAATGTGT-1",0
"AGACGTTAGCTCCTCT-1",0
"AGACGTTAGTGCCAGA-1",0
"AGACGTTCAGGATCGA-1",0
"AGACGTTGTAGCTGCC-1",1.77487760908237
"AGACGTTGTCTGCAAT-1",1.93603268455258
"AGACGTTGTTCTGTTT-1",0
"AGACGTTTCGCATGGC-1",0
"AGACGTTTCGCTTAGA-1",0
"AGAGCGACAACTTGAC-1",1.58063191318502
"AGAGCGACAAGTACCT-1",0
"AGAGCGACACAACGTT-1",2.87831433821652
"AGAGCGACATGAGCGA-1",1.93603268455258
"AGAGCGAGTCAGTGGA-1",0
"AGAGCGAGTCGACTGC-1",0
"AGAGCGAGTTGAGTTC-1",0
"AGAGCGATCGCGTAGC-1",0
"AGAGCGATCTATCCTA-1",0
"AGAGCGATCTCGCTTG-1",2.01629094581711
"AGAGCTTAGCCGTCGT-1",0
"AGAGCTTAGTACACCT-1",0
"AGAGCTTAGTCATGCT-1",1.67775140648335
"AGAGCTTGTAGAGCTG-1",1.58063191318502
"AGAGCTTGTATCACCA-1",0
"AGAGCTTTCACTATTC-1",0
"AGAGCTTTCCTGCAGG-1",0
"AGAGCTTTCGCAAACT-1",2.42187281397639
"AGAGCTTTCGCTTAGA-1",1.7000594688291
"AGAGTGGAGAGCCTAG-1",0
"AGAGTGGAGGCCCTTG-1",0
"AGAGTGGAGGTACTCT-1",0
"AGAGTGGCACAAGACG-1",0
"AGAGTGGCACCTCGTT-1",0
"AGAGTGGCATCCGGGT-1",0
"AGAGTGGCATCTGGTA-1",0
"AGAGTGGGTCAGCTAT-1",0
"AGAGTGGGTCCTCCAT-1",0
"AGAGTGGGTCTAGTCA-1",0
"AGAGTGGGTTACCGAT-1",0
"AGATCTGAGGTGGGTT-1",0
"AGATCTGAGTCAAGGC-1",3.07827908851564
"AGATCTGCAATGTTGC-1",1.81376069513352
"AGATCTGTCGAATCCA-1",0
"AGATCTGTCTGCAGTA-1",2.00231072315989
"AGATTGCAGGCTACGA-1",1.79092662167429
"AGATTGCCACGACGAA-1",1.81376069513352
"AGATTGCCAGATGGGT-1",0
"AGATTGCGTAGAGCTG-1",0
"AGATTGCGTGATGTCT-1",0
"AGATTGCGTGTTCGAT-1",0
"AGATTGCGTTCACGGC-1",0
"AGATTGCTCACTGGGC-1",0
"AGATTGCTCATCTGTT-1",3.61690356616575
"AGCAGCCAGCTGATAA-1",2.42187281397639
"AGCAGCCCACCGAAAG-1",0
"AGCAGCCGTCGACTGC-1",3.88904110388816
"AGCAGCCGTCGCTTTC-1",0
"AGCAGCCGTCTAACGT-1",0
"AGCAGCCGTGTGAAAT-1",0
"AGCAGCCGTTTGTTGG-1",1.5800194241723
"AGCAGCCTCCAAACAC-1",1.76718820849755
"AGCATACAGTGGTAGC-1",1.1851503914433
"AGCATACAGTTGTCGT-1",1.57392569303943
"AGCATACGTCTTCTCG-1",0
"AGCATACGTTAAGTAG-1",0
"AGCATACTCCGTTGCT-1",0
"AGCCTAAAGATATGGT-1",0
"AGCCTAACAAAGCGGT-1",0
"AGCCTAACAGATAATG-1",0
"AGCCTAAGTACGAAAT-1",0
"AGCCTAAGTCACCTAA-1",0
"AGCCTAAGTGTGCCTG-1",0
"AGCCTAATCACCCGAG-1",0
"AGCCTAATCCAATGGT-1",2.35709500583626
"AGCCTAATCCTTGGTC-1",2.35105865117698
"AGCCTAATCTGTGCAA-1",0
"AGCCTAATCTGTTTGT-1",0
"AGCGGTCAGCGAAGGG-1",1.8116156410013
"AGCGGTCAGGTACTCT-1",2.81361236231799
"AGCGGTCAGTGACTCT-1",0
"AGCGGTCCAGCCTTGG-1",1.7000594688291
"AGCGGTCGTCCTAGCG-1",1.72311168315317
"AGCGGTCGTGGTGTAG-1",0
"AGCGGTCGTTAAGGGC-1",0
"AGCGGTCGTTTGCATG-1",1.93603268455258
"AGCGGTCTCCGAAGAG-1",0
"AGCGGTCTCCTCAATT-1",0
"AGCGGTCTCTGGGCCA-1",0
"AGCGTATAGAACTGTA-1",0
"AGCGTATAGCGATGAC-1",1.77487760908237
"AGCGTATAGGTACTCT-1",0
"AGCGTATGTTGAGGTG-1",0
"AGCGTATTCCAGAGGA-1",1.67775140648335
"AGCGTCGAGTTGAGTA-1",0
"AGCGTCGCAGGGATTG-1",0
"AGCGTCGTCTGAAAGA-1",0
"AGCTCCTAGACCTAGG-1",0
"AGCTCCTAGCGTTTAC-1",1.8409030527332
"AGCTCCTGTGTTTGTG-1",2.01629094581711
"AGCTCCTGTTGTCTTT-1",0
"AGCTCCTTCCGAATGT-1",1.41517501661356
"AGCTCCTTCTTGACGA-1",0
"AGCTCTCAGCGGATCA-1",1.41517501661356
"AGCTCTCAGCTGTTCA-1",0
"AGCTCTCAGGTGCTAG-1",0
"AGCTCTCCATACAGCT-1",1.67775140648335
"AGCTCTCGTCAGAGGT-1",1.65546109680231
"AGCTCTCGTGGGTCAA-1",0
"AGCTCTCTCACAACGT-1",0
"AGCTCTCTCTTGACGA-1",0
"AGCTTGAAGCATCATC-1",1.39134050249977
"AGCTTGAAGTAGCGGT-1",0
"AGCTTGAAGTTGTCGT-1",0
"AGCTTGACAATCCAAC-1",2.35191829274565
"AGCTTGACACCGATAT-1",0
"AGCTTGAGTCTACCTC-1",0
"AGCTTGAGTGCGCTTG-1",2.35105865117698
"AGCTTGAGTTACGCGC-1",0
"AGCTTGATCCTGCCAT-1",0
"AGCTTGATCTGCAAGT-1",0
"AGGCCACAGAGTAAGG-1",0
"AGGCCACAGGGTCTCC-1",2.82535983370175
"AGGCCACAGTACTTGC-1",0
"AGGCCACCAGGACCCT-1",0
"AGGCCACCATCAGTCA-1",0
"AGGCCACTCATGCTCC-1",0
"AGGCCACTCATTGCGA-1",0
"AGGCCGTAGGATCGCA-1",0
"AGGCCGTCACGTAAGG-1",0
"AGGCCGTCAGCTCGAC-1",0
"AGGCCGTCATCGTCGG-1",0
"AGGCCGTTCACGGTTA-1",1.56220326605152
"AGGCCGTTCGAACTGT-1",0
"AGGCCGTTCTCAAGTG-1",0
"AGGCCGTTCTGCTTGC-1",0
"AGGGAGTAGCCCAACC-1",0
"AGGGAGTAGGAGTACC-1",1.35183456833378
"AGGGAGTAGGCAGGTT-1",0
"AGGGAGTCACGAGAGT-1",3.07827908851564
"AGGGAGTCAGAAGCAC-1",1.78265118401869
"AGGGAGTCAGATCCAT-1",0
"AGGGAGTCATCGACGC-1",0
"AGGGAGTCATGCTAGT-1",0
"AGGGAGTGTCCATGAT-1",0
"AGGGAGTTCATAACCG-1",0
"AGGGATGAGCTCTCGG-1",0
"AGGGATGAGGAGTAGA-1",1.67775140648335
"AGGGATGAGTAGCGGT-1",0
"AGGGATGCAATGAATG-1",0
"AGGGATGCAATGGAGC-1",0
"AGGGATGCACAAGACG-1",0
"AGGGATGCACATTTCT-1",0
"AGGGATGCATGGTCTA-1",3.61690356616575
"AGGGATGGTTAAAGTG-1",0
"AGGGATGGTTATGCGT-1",0
"AGGGATGTCGTGACAT-1",0
"AGGGTGAAGATGGCGT-1",0
"AGGGTGAAGATGGGTC-1",1.7000594688291
"AGGGTGAAGGCTCAGA-1",2.82535983370175
"AGGGTGACACGAGAGT-1",2.35191829274565
"AGGGTGACAGATGGCA-1",0
"AGGGTGACAGATTGCT-1",2.00231072315989
"AGGGTGAGTACTCTCC-1",1.72311168315317
"AGGGTGAGTTATCGGT-1",1.59770199151674
"AGGGTGAGTTCTGAAC-1",1.82315514601964
"AGGGTGATCTCGCTTG-1",0
"AGGTCATAGAGCCCAA-1",1.56220326605152
"AGGTCATAGCCAGAAC-1",0
"AGGTCATAGGCATGGT-1",1.79510060163789
"AGGTCATAGGGAGTAA-1",1.79510060163789
"AGGTCATCACTCAGGC-1",0
"AGGTCATCACTCTGTC-1",3.75148981059222
"AGGTCATGTTCCACTC-1",1.1851503914433
"AGGTCATTCTCGTTTA-1",0
"AGGTCCGAGGATGCGT-1",0
"AGGTCCGGTGATGCCC-1",2.00231072315989
"AGGTCCGTCCATGAAC-1",1.30415213556407
"AGGTCCGTCGCCCTTA-1",0
"AGGTCCGTCTGCGTAA-1",1.7000594688291
"AGTAGTCAGACTGTAA-1",0
"AGTAGTCAGTACGACG-1",0
"AGTAGTCAGTTTAGGA-1",0
"AGTAGTCCAACTGGCC-1",0
"AGTAGTCGTGCAGACA-1",0
"AGTAGTCTCACCCGAG-1",0
"AGTCTTTAGGCAGTCA-1",0
"AGTCTTTCAAATCCGT-1",0
"AGTCTTTCATATACCG-1",1.51040875805983
"AGTCTTTGTGCTTCTC-1",2.19366380648398
"AGTCTTTGTGTCCTCT-1",0
"AGTCTTTTCGCAGGCT-1",0
"AGTCTTTTCGCGTAGC-1",0
"AGTCTTTTCGCTAGCG-1",0
"AGTCTTTTCGCTTGTC-1",0
"AGTCTTTTCTGACCTC-1",0
"AGTGAGGAGATAGCAT-1",0
"AGTGAGGCAGGTGCCT-1",0
"AGTGAGGGTATGAAAC-1",0
"AGTGAGGGTCACTTCC-1",0
"AGTGAGGGTCGCGAAA-1",0
"AGTGAGGGTTATGTGC-1",0
"AGTGAGGTCTACTATC-1",0
"AGTGGGAAGCAGACTG-1",0
"AGTGGGACAAACGCGA-1",1.66027520171672
"AGTGGGACAAGCCGTC-1",0
"AGTGGGACACAGGAGT-1",0
"AGTGGGACACGAGAGT-1",1.51040875805983
"AGTGGGATCATCGATG-1",0
"AGTGGGATCCACGAAT-1",0
"AGTGGGATCCTGCAGG-1",3.01211538468019
"AGTGTCAAGAAGCCCA-1",0
"AGTGTCAAGCTAGTCT-1",0
"AGTGTCAAGTACGACG-1",1.84807577775508
"AGTGTCAAGTGAACAT-1",0
"AGTGTCACACCATCCT-1",0
"AGTGTCACAGTAAGCG-1",1.70299123288682
"AGTGTCACAGTGGAGT-1",1.57392569303943
"AGTGTCAGTAAACCTC-1",3.00203669896295
"AGTGTCAGTACAGCAG-1",0
"AGTGTCAGTCTCCACT-1",0
"AGTGTCAGTTTGACTG-1",0
"AGTGTCATCAAAGTAG-1",1.7000594688291
"AGTGTCATCCGTCAAA-1",0
"AGTGTCATCGTTACAG-1",1.71821436207196
"AGTGTCATCTGTCAAG-1",1.93603268455258
"AGTTGGTAGACTGTAA-1",0
"AGTTGGTAGTACGCGA-1",2.81361236231799
"AGTTGGTCAAATTGCC-1",1.79510060163789
"AGTTGGTCAGGAATGC-1",0
"AGTTGGTCATGCGCAC-1",0
"AGTTGGTGTACCGTAT-1",1.82315514601964
"AGTTGGTGTATGCTTG-1",0
"AGTTGGTGTCAGGACA-1",0
"AGTTGGTGTTCAGACT-1",0
"AGTTGGTTCAGTACGT-1",0
"AGTTGGTTCCTCAACC-1",0
"AGTTGGTTCGTACCGG-1",0
"AGTTGGTTCTGTCCGT-1",0
"ATAACGCAGTTGAGTA-1",0
"ATAACGCCACGTGAGA-1",1.56220326605152
"ATAACGCGTGAACCTT-1",1.2133165770732
"ATAACGCGTGTCCTCT-1",3.61690356616575
"ATAACGCGTGTGAAAT-1",0
"ATAACGCTCTCCGGTT-1",1.2133165770732
"ATAAGAGAGTCCGGTC-1",1.7000594688291
"ATAAGAGCAACTGCGC-1",0
"ATAAGAGCAGTATCTG-1",0
"ATAAGAGGTGACGCCT-1",0
"ATAAGAGGTTAAAGTG-1",1.46122980539364
"ATAAGAGTCAGCACAT-1",1.35183456833378
"ATAAGAGTCAGTGCAT-1",0
"ATAGACCAGAGAGCTC-1",3.88904110388816
"ATAGACCAGCCCAATT-1",0
"ATAGACCCAAGCCATT-1",0
"ATAGACCCATCTGGTA-1",0
"ATAGACCGTATATGGA-1",1.79510060163789
"ATAGACCGTGGACGAT-1",1.60180185878519
"ATAGACCGTGGCGAAT-1",0
"ATAGACCGTTTCGCTC-1",0
"ATCACGAAGAACTCGG-1",0
"ATCACGAAGACACGAC-1",0
"ATCACGAAGTTACCCA-1",0
"ATCACGACAAGACACG-1",0
"ATCACGACAAGCGTAG-1",0
"ATCACGACACACATGT-1",0
"ATCACGACACCACCAG-1",0
"ATCACGACACGGTAAG-1",0
"ATCACGACAGCGAACA-1",0
"ATCACGATCCCGACTT-1",0
"ATCACGATCGGTGTCG-1",0
"ATCATCTAGCCTATGT-1",2.00231072315989
"ATCATCTAGGCCATAG-1",1.82315514601964
"ATCATCTAGTACTTGC-1",0
"ATCATCTCAGACGCCT-1",0
"ATCATCTCATCCGTGG-1",1.72311168315317
"ATCATCTGTATTACCG-1",2.00564269809515
"ATCATCTGTCACTTCC-1",1.84807577775508
"ATCATCTTCAGCGACC-1",0
"ATCATCTTCCTCAACC-1",0
"ATCATGGCAAGCGTAG-1",0
"ATCATGGCAAGGTTCT-1",0
"ATCATGGCACTACAGT-1",1.79092662167429
"ATCATGGGTAAGGGAA-1",1.2133165770732
"ATCATGGGTTGTGGCC-1",0
"ATCATGGTCAATAAGG-1",0
"ATCATGGTCCAATGGT-1",0
"ATCATGGTCGCCATAA-1",0
"ATCATGGTCGGTTAAC-1",0
"ATCCACCAGCTAGTCT-1",0
"ATCCACCAGGCTCTTA-1",0
"ATCCACCCAAACGTGG-1",1.8409030527332
"ATCCACCCAGTTAACC-1",1.9179810120487
"ATCCACCGTCCGAAGA-1",1.79092662167429
"ATCCACCGTTTGTTTC-1",1.89553501908368
"ATCCACCTCCTGCTTG-1",1.68989523212849
"ATCCACCTCCTTAATC-1",1.46122980539364
"ATCCACCTCTGGTATG-1",0
"ATCCGAAAGCGATGAC-1",0
"ATCCGAAAGCTAGGCA-1",1.46122980539364
"ATCCGAACAAACGTGG-1",0
"ATCCGAACAACAACCT-1",0
"ATCCGAACAAGGACTG-1",0
"ATCCGAACACCCATTC-1",0
"ATCCGAACACGGTAGA-1",0
"ATCCGAAGTAGCGCTC-1",0
"ATCCGAAGTCATTAGC-1",0
"ATCCGAAGTCTCTTAT-1",0
"ATCCGAATCCAACCAA-1",0
"ATCCGAATCCTTGACC-1",0
"ATCCGAATCTTGTCAT-1",1.79510060163789
"ATCGAGTAGACTTTCG-1",2.35709500583626
"ATCGAGTCATCCGGGT-1",0
"ATCGAGTGTCCCTTGT-1",0
"ATCGAGTGTCTCCCTA-1",0
"ATCGAGTTCATGCATG-1",0
"ATCGAGTTCCTGCCAT-1",2.35709500583626
"ATCTACTAGGTGTGGT-1",0
"ATCTACTCAGCTGTAT-1",0
"ATCTACTCAGTACACT-1",0
"ATCTACTCATGACATC-1",0
"ATCTACTGTAAGTAGT-1",0
"ATCTACTGTGTCGCTG-1",0
"ATCTACTTCCGCGTTT-1",0
"ATCTACTTCGCAAGCC-1",1.28776377828259
"ATCTACTTCTATCGCC-1",0
"ATCTACTTCTCTAAGG-1",0
"ATCTGCCAGGCTCAGA-1",0
"ATCTGCCGTACAGTTC-1",0
"ATCTGCCGTTGTGGAG-1",1.41517501661356
"ATCTGCCTCAGAGACG-1",0
"ATCTGCCTCAGCTGGC-1",0
"ATCTGCCTCGTACGGC-1",0
"ATCTGCCTCTCGAGTA-1",0
"ATCTGCCTCTGAGTGT-1",0
"ATCTGCCTCTTGTATC-1",1.9179810120487
"ATGAGGGAGGTCGGAT-1",0
"ATGAGGGCATGACGGA-1",0
"ATGAGGGCATTAGGCT-1",1.70299123288682
"ATGAGGGTCACATGCA-1",0
"ATGAGGGTCAGTCCCT-1",1.59770199151674
"ATGCGATAGTCAATAG-1",1.81376069513352
"ATGCGATCATGTTGAC-1",2.00797019034326
"ATGCGATGTGCAGTAG-1",0
"ATGCGATGTGCATCTA-1",0
"ATGCGATTCCCAAGAT-1",1.41517501661356
"ATGCGATTCGCCATAA-1",0
"ATGGGAGAGCAATATG-1",1.67775140648335
"ATGGGAGAGCCACGCT-1",0
"ATGGGAGAGGTGATAT-1",1.66027520171672
"ATGGGAGCACCAGGTC-1",0
"ATGGGAGCACTATCTT-1",0
"ATGGGAGCAGCATACT-1",0
"ATGGGAGCATAGAAAC-1",1.80947696635039
"ATGGGAGCATTACCTT-1",0
"ATGTGTGAGCGAAGGG-1",2.00065018203098
"ATGTGTGAGGGTTTCT-1",2.42187281397639
"ATGTGTGAGTTGAGTA-1",1.39134050249977
"ATGTGTGCACGGCGTT-1",0
"ATGTGTGCACGGTTTA-1",0
"ATGTGTGCAGTATAAG-1",0
"ATGTGTGTCACGCGGT-1",0
"ATTACTCAGATGTGTA-1",2.80347443359135
"ATTACTCAGCGTAATA-1",1.88883661405088
"ATTACTCAGGTGCACA-1",0
"ATTACTCAGTGAAGTT-1",2.00564269809515
"ATTACTCCAAACTGTC-1",0
"ATTACTCCACCATCCT-1",0
"ATTACTCCAGACTCGC-1",0
"ATTACTCCATATGCTG-1",2.90612049618071
"ATTACTCCATCGGTTA-1",1.86539945915656
"ATTACTCCATTGCGGC-1",0
"ATTACTCGTTAAAGAC-1",2.87831433821652
"ATTACTCTCCGAACGC-1",0
"ATTATCCAGAGTACCG-1",0
"ATTATCCAGCTTATCG-1",0
"ATTATCCCACAAGCCC-1",1.85078388857223
"ATTATCCCATATGAGA-1",3.61690356616575
"ATTATCCCATCTGGTA-1",0
"ATTATCCGTCGTTGTA-1",0
"ATTATCCGTCTCTCTG-1",0
"ATTATCCTCAACGGGA-1",2.42187281397639
"ATTATCCTCCGCGCAA-1",0
"ATTATCCTCTCCGGTT-1",0
"ATTCTACGTCACTTCC-1",0
"ATTCTACGTCTAGTCA-1",0
"ATTCTACGTTGTCGCG-1",0
"ATTGGACAGCAGATCG-1",0
"ATTGGACAGGGCATGT-1",1.88883661405088
"ATTGGACAGTGGACGT-1",2.00065018203098
"ATTGGACCAAGACACG-1",2.81361236231799
"ATTGGACGTAATAGCA-1",0
"ATTGGACTCCTGCTTG-1",0
"ATTGGACTCGGCGCAT-1",0
"ATTGGACTCGTTTGCC-1",0
"ATTGGTGAGAATGTTG-1",0
"ATTGGTGCAAGCTGAG-1",0
"ATTGGTGCAGCAGTTT-1",0
"ATTGGTGGTTGAGTTC-1",0
"ATTGGTGTCAAAGTAG-1",1.8116156410013
"ATTGGTGTCGGAAACG-1",0
"ATTTCTGAGGGATACC-1",2.00564269809515
"ATTTCTGAGGGATCTG-1",2.13566668433679
"ATTTCTGAGGTGTTAA-1",0
"ATTTCTGAGTCGAGTG-1",1.39134050249977
"ATTTCTGAGTTCGCAT-1",1.74344089195725
"ATTTCTGCAAGGTGTG-1",0
"ATTTCTGGTAGCTCCG-1",0
"ATTTCTGGTGCACGAA-1",0
"ATTTCTGGTTGCCTCT-1",0
"ATTTCTGTCAAAGTAG-1",0
"ATTTCTGTCAGCTCGG-1",2.01629094581711
"ATTTCTGTCTTGGGTA-1",0
"CAACCAAAGAAACGCC-1",0
"CAACCAAAGAGGGCTT-1",1.46122980539364
"CAACCAAAGCTGAAAT-1",0
"CAACCAAAGGACAGCT-1",0
"CAACCAAAGGGAGTAA-1",1.2133165770732
"CAACCAACATACGCTA-1",0
"CAACCTCAGTAATCCC-1",0
"CAACCTCCAGACGCAA-1",1.84403241487607
"CAACCTCGTGAGTGAC-1",0
"CAACCTCGTTCCACGG-1",0
"CAACCTCTCATACGGT-1",0
"CAACCTCTCCGATATG-1",3.79157680370527
"CAACCTCTCCTTTACA-1",0
"CAACCTCTCTCTAGGA-1",1.56220326605152
"CAACTAGAGAATAGGG-1",0
"CAACTAGAGGATGCGT-1",0
"CAACTAGCACCATCCT-1",3.79157680370527
"CAACTAGCAGACTCGC-1",0
"CAACTAGCAGTTCATG-1",3.83005164095063
"CAACTAGGTACGCACC-1",1.84403241487607
"CAACTAGTCAGGCCCA-1",0
"CAAGAAAAGAAGGACA-1",1.60180185878519
"CAAGAAAAGACGCACA-1",0
"CAAGAAAAGGCCCTTG-1",3.83005164095063
"CAAGAAAAGGTGATAT-1",0
"CAAGAAAAGTCGATAA-1",0
"CAAGAAAAGTGGAGTC-1",0
"CAAGAAAAGTGTACCT-1",1.28776377828259
"CAAGAAACACGGTGTC-1",0
"CAAGAAATCTGCTTGC-1",1.2133165770732
"CAAGATCAGCTGAAAT-1",0
"CAAGATCGTAAGAGGA-1",0
"CAAGATCGTGCCTTGG-1",0
"CAAGATCTCAACACCA-1",1.70299123288682
"CAAGATCTCTCGATGA-1",0
"CAAGGCCAGGAGTCTG-1",0
"CAAGGCCAGGCTATCT-1",0
"CAAGGCCCACGGTAAG-1",0
"CAAGGCCCATGTTCCC-1",2.00231072315989
"CAAGGCCGTCCGTCAG-1",0
"CAAGGCCTCAACGGGA-1",0
"CAAGGCCTCCTTGACC-1",0
"CAAGGCCTCGTGACAT-1",1.7000594688291
"CAAGTTGAGACAGGCT-1",0
"CAAGTTGAGATGTCGG-1",0
"CAAGTTGAGCGTCAAG-1",0
"CAAGTTGAGCGTTTAC-1",0
"CAAGTTGCACATTAGC-1",0
"CAAGTTGCACGCTTTC-1",0
"CAAGTTGCACGGTGTC-1",0
"CAAGTTGCATTCTTAC-1",1.1851503914433
"CAAGTTGGTACTCAAC-1",2.00065018203098
"CAAGTTGGTCAGGACA-1",1.8116156410013
"CAAGTTGGTCGGCACT-1",0
"CAAGTTGTCAACGAAA-1",2.80347443359135
"CAAGTTGTCACCACCT-1",3.75932842407365
"CAAGTTGTCATTGCCC-1",0
"CAAGTTGTCGAATCCA-1",0
"CAAGTTGTCTACTTAC-1",0
"CACAAACAGGGCTCTC-1",0
"CACAAACAGGGCTTGA-1",1.57392569303943
"CACAAACAGTGACATA-1",0
"CACAAACCAACTGCGC-1",0
"CACAAACCAATAAGCA-1",0
"CACAAACCAATCAGAA-1",0
"CACAAACCACTTAACG-1",0
"CACAAACCATGAACCT-1",2.14493407592794
"CACAAACCATGGTCAT-1",1.77487760908237
"CACAAACGTCAACTGT-1",0
"CACAAACGTCAGAATA-1",1.84807577775508
"CACAAACTCTTCGGTC-1",0
"CACAAACTCTTGGGTA-1",1.2133165770732
"CACACAAAGCGACGTA-1",1.84403241487607
"CACACAAAGGGAGTAA-1",0
"CACACAACAAACGTGG-1",1.85078388857223
"CACACAACACATGACT-1",1.58063191318502
"CACACAACATCGATTG-1",0
"CACACAACATTGGGCC-1",3.58361382122852
"CACACAAGTACGACCC-1",0
"CACACAAGTCAGTGGA-1",1.77487760908237
"CACACAAGTCATCGGC-1",1.61168168290827
"CACACAAGTTTACTCT-1",0
"CACACAATCCACGTGG-1",0
"CACACAATCCACGTTC-1",0
"CACACAATCGGCGCAT-1",0
"CACACCTAGAGACTAT-1",0
"CACACCTAGGACATTA-1",0
"CACACCTAGTGTGAAT-1",0
"CACACCTCACTGAAGG-1",0
"CACACCTCATAGGATA-1",3.07827908851564
"CACACCTCATAGTAAG-1",0
"CACACCTCATTGGGCC-1",0
"CACACCTGTACAGCAG-1",3.29191578892007
"CACACCTGTACCGCTG-1",0
"CACACCTGTCCAAGTT-1",1.8116156410013
"CACACCTGTGGACGAT-1",1.5800194241723
"CACACCTGTGGTCTCG-1",0
"CACACCTTCATGTCTT-1",0
"CACACCTTCTGGCGAC-1",0
"CACACTCAGGGAAACA-1",0
"CACACTCCAACACCTA-1",0
"CACACTCCAAGGGTCA-1",1.84807577775508
"CACACTCGTGACGCCT-1",1.81376069513352
"CACACTCGTTTGTGTG-1",0
"CACAGGCAGCCATCGC-1",1.68989523212849
"CACAGGCAGGGATGGG-1",0
"CACAGGCCAAGAGTCG-1",0
"CACAGGCCAATGGAGC-1",2.35191829274565
"CACAGGCGTCTAGGTT-1",0
"CACAGGCGTTACGCGC-1",1.35183456833378
"CACAGGCTCGGGAGTA-1",1.9179810120487
"CACAGGCTCTATGTGG-1",0
"CACAGTAAGACGCAAC-1",0
"CACAGTAAGACGCACA-1",1.80947696635039
"CACAGTAAGTGGGCTA-1",1.2133165770732
"CACAGTACAACTGGCC-1",0
"CACAGTACATCGGACC-1",0
"CACAGTAGTTCCATGA-1",1.82315514601964
"CACATAGAGCCCAATT-1",3.61690356616575
"CACATAGAGTGTACTC-1",0
"CACATAGCACTTCTGC-1",0
"CACATAGCAGGGTATG-1",0
"CACATAGTCCTTGCCA-1",0
"CACATAGTCGGCGCAT-1",0
"CACATTTAGCAGATCG-1",0
"CACATTTAGGGCACTA-1",0
"CACATTTCACGGCGTT-1",0
"CACATTTCATTACCTT-1",2.14493407592794
"CACATTTGTCGAACAG-1",3.75148981059222
"CACATTTGTGTTGAGG-1",1.46122980539364
"CACATTTTCCAGAGGA-1",0
"CACATTTTCCGCATCT-1",1.5800194241723
"CACATTTTCTACTATC-1",1.68989523212849
"CACATTTTCTGTGCAA-1",0
"CACCACTAGCCACGTC-1",0
"CACCACTAGTGGTAAT-1",1.59770199151674
"CACCACTAGTTACCCA-1",1.7000594688291
"CACCACTCAAGCCCAC-1",2.35709500583626
"CACCACTCAGTTCATG-1",1.89553501908368
"CACCACTGTTATTCTC-1",0
"CACCACTTCACCGGGT-1",0
"CACCACTTCGAATCCA-1",2.81361236231799
"CACCACTTCGACCAGC-1",0
"CACCACTTCTAACCGA-1",0
"CACCACTTCTTTAGTC-1",1.77487760908237
"CACCAGGCACATTAGC-1",1.82315514601964
"CACCAGGCACTGCCAG-1",0
"CACCAGGCATAAAGGT-1",0
"CACCAGGCATGAACCT-1",1.78265118401869
"CACCAGGGTGAAATCA-1",0
"CACCAGGGTGTTTGGT-1",1.7000594688291
"CACCAGGGTTATCACG-1",1.70299123288682
"CACCAGGTCATGTAGC-1",0
"CACCAGGTCTGCTTGC-1",1.7000594688291
"CACCTTGAGACTTGAA-1",2.82535983370175
"CACCTTGAGTCAATAG-1",1.41493905331401
"CACCTTGCAGGCGATA-1",0
"CACCTTGCATTCCTGC-1",0
"CACCTTGGTCATTAGC-1",1.39134050249977
"CACCTTGGTGATGTCT-1",0
"CACCTTGGTTATGTGC-1",0
"CACCTTGTCAACCATG-1",1.76718820849755
"CACCTTGTCATTATCC-1",0
"CACCTTGTCCAAAGTC-1",0
"CACCTTGTCTCACATT-1",1.89553501908368
"CACTCCAAGACAAGCC-1",3.68516922054625
"CACTCCAAGGTACTCT-1",1.68989523212849
"CACTCCACAATGGACG-1",0
"CACTCCAGTACATGTC-1",0
"CACTCCAGTTGTCGCG-1",2.19366380648398
"CACTCCATCAACACAC-1",1.80947696635039
"CACTCCATCCCAGGTG-1",1.41399611329836
"CAGAATCAGAAACCTA-1",0
"CAGAATCAGCCAACAG-1",0
"CAGAATCAGCTGGAAC-1",3.88904110388816
"CAGAATCAGGACTGGT-1",0
"CAGAATCAGTATCGAA-1",1.82315514601964
"CAGAATCCACAGAGGT-1",0
"CAGAATCCAGGGTACA-1",0
"CAGAATCGTAAGTGTA-1",0
"CAGAATCGTAATCACC-1",0
"CAGAATCTCAGTTTGG-1",0
"CAGAATCTCGCAAGCC-1",0
"CAGAATCTCGGTCCGA-1",0
"CAGAATCTCTTGCAAG-1",0
"CAGAATCTCTTGTACT-1",2.14493407592794
"CAGAGAGAGAATTGTG-1",0
"CAGAGAGAGCAATATG-1",3.61690356616575
"CAGAGAGCAAGAAGAG-1",1.7000594688291
"CAGAGAGCACCAGATT-1",1.56220326605152
"CAGAGAGGTAATCACC-1",0
"CAGAGAGGTAGCTGCC-1",2.00231072315989
"CAGAGAGGTAGGACAC-1",1.67775140648335
"CAGAGAGGTATAGGGC-1",0
"CAGAGAGGTCCGAATT-1",0
"CAGAGAGGTTGAGGTG-1",3.88904110388816
"CAGAGAGTCACCCGAG-1",0
"CAGAGAGTCATAACCG-1",0
"CAGAGAGTCCGAACGC-1",2.19366380648398
"CAGAGAGTCTGGTATG-1",0
"CAGATCAAGAGACGAA-1",0
"CAGATCAAGCACCGTC-1",2.14493407592794
"CAGATCAAGCTTCGCG-1",2.01629094581711
"CAGATCAAGGATTCGG-1",0
"CAGATCAAGTGTACCT-1",1.79510060163789
"CAGATCAAGTTTAGGA-1",0
"CAGATCACAATAACGA-1",1.58063191318502
"CAGATCACACACCGAC-1",1.86539945915656
"CAGATCACACGGTAAG-1",0
"CAGATCACACTCTGTC-1",0
"CAGATCACAGCATACT-1",0
"CAGATCACAGTGGGAT-1",0
"CAGATCAGTACCAGTT-1",0
"CAGATCAGTGCGGTAA-1",0
"CAGATCATCTGATTCT-1",0
"CAGCAGCAGATGCCAG-1",0
"CAGCAGCAGGGAACGG-1",1.72311168315317
"CAGCAGCCACCTATCC-1",0
"CAGCAGCCATCACAAC-1",0
"CAGCAGCTCAACACTG-1",1.2133165770732
"CAGCAGCTCGAACTGT-1",0
"CAGCAGCTCGCCGTGA-1",0
"CAGCATAAGAGACGAA-1",0
"CAGCATAGTCTAGGTT-1",1.41493905331401
"CAGCATAGTTTACTCT-1",1.57392569303943
"CAGCATATCACGAAGG-1",2.00231072315989
"CAGCATATCAGGCAAG-1",1.56220326605152
"CAGCATATCCTTAATC-1",1.35183456833378
"CAGCCGAAGCATCATC-1",0
"CAGCCGAAGTTTCCTT-1",0
"CAGCCGACACGTGAGA-1",1.41399611329836
"CAGCCGACATCAGTCA-1",1.80947696635039
"CAGCCGAGTGATGTCT-1",1.79510060163789
"CAGCCGATCACCAGGC-1",3.58361382122852
"CAGCCGATCCTCAATT-1",0
"CAGCGACAGAAACGCC-1",0
"CAGCGACAGCGTCAAG-1",0
"CAGCGACCAAACGTGG-1",1.86539945915656
"CAGCGACCAAAGCGGT-1",0
"CAGCGACCACGTCAGC-1",0
"CAGCGACCATGGGACA-1",0
"CAGCGACGTCTGATTG-1",0
"CAGCGACGTGGACGAT-1",1.2133165770732
"CAGCGACGTGGTTTCA-1",0
"CAGCGACGTTCGGCAC-1",0
"CAGCGACTCCGCAAGC-1",0
"CAGCGACTCTGGGCCA-1",0
"CAGCTAAAGATGTGTA-1",0
"CAGCTAAAGCAGACTG-1",0
"CAGCTAAAGCTGTTCA-1",0
"CAGCTAAAGGAGCGTT-1",0
"CAGCTAACACAGATTC-1",0
"CAGCTAACATCAGTAC-1",2.42187281397639
"CAGCTAAGTAATCGTC-1",0
"CAGCTAAGTCTCACCT-1",0
"CAGCTAAGTTCGTCTC-1",2.80347443359135
"CAGCTAATCCACGCAG-1",0
"CAGCTAATCCCTAACC-1",1.56220326605152
"CAGCTAATCTGGTTCC-1",0
"CAGCTAATCTTAGCCC-1",0
"CAGCTAATCTTCGGTC-1",0
"CAGCTGGAGACACTAA-1",1.1851503914433
"CAGCTGGAGATCCTGT-1",1.89553501908368
"CAGCTGGCACCAACCG-1",3.88904110388816
"CAGCTGGCAGTGGAGT-1",0
"CAGCTGGCATGCATGT-1",2.80347443359135
"CAGCTGGTCTACCTGC-1",0
"CAGGTGCAGAGACGAA-1",0
"CAGGTGCAGATCCTGT-1",0
"CAGGTGCAGGCATGTG-1",1.8409030527332
"CAGGTGCCAGGAACGT-1",0
"CAGGTGCCATAGTAAG-1",1.57392569303943
"CAGGTGCCATCGGAAG-1",2.14493407592794
"CAGGTGCTCAGTTGAC-1",0
"CAGGTGCTCCAAGTAC-1",0
"CAGGTGCTCTTGTATC-1",0
"CAGTAACAGATATGGT-1",0
"CAGTAACAGATGGCGT-1",1.35183456833378
"CAGTAACCAATCACAC-1",3.07827908851564
"CAGTAACCACTCGACG-1",0
"CAGTAACGTGATAAGT-1",0
"CAGTAACGTGCACCAC-1",0
"CAGTAACTCAGAGGTG-1",0
"CAGTAACTCGTACGGC-1",0
"CAGTAACTCGTGACAT-1",0
"CAGTAACTCTGCCAGG-1",1.8116156410013
"CAGTCCTAGAATCTCC-1",1.68989523212849
"CAGTCCTAGATCTGCT-1",0
"CAGTCCTCAGTATAAG-1",0
"CAGTCCTTCAACACGT-1",0
"CAGTCCTTCCATGAGT-1",1.79092662167429
"CAGTCCTTCCCGACTT-1",1.80947696635039
"CAGTCCTTCCCTTGTG-1",0
"CAGTCCTTCGAACGGA-1",0
"CAGTCCTTCGGTTCGG-1",0
"CAGTCCTTCTACTTAC-1",0
"CATATGGAGAGATGAG-1",2.35191829274565
"CATATGGAGGCATGGT-1",0
"CATATGGAGTATTGGA-1",0
"CATATGGCAAGCGTAG-1",1.5800194241723
"CATATGGGTCGCATAT-1",2.62615392477935
"CATATGGTCATTATCC-1",0
"CATATGGTCATTGCGA-1",0
"CATATTCCACCACCAG-1",0
"CATATTCGTGACTACT-1",1.46122980539364
"CATATTCGTGGTACAG-1",0
"CATATTCGTGTGACGA-1",3.61690356616575
"CATATTCTCACAGGCC-1",1.65546109680231
"CATATTCTCGCAAACT-1",0
"CATCAAGAGAACTCGG-1",1.79092662167429
"CATCAAGAGATGGCGT-1",0
"CATCAAGAGCCGCCTA-1",0
"CATCAAGCACGAAACG-1",0
"CATCAAGCAGCCTTTC-1",0
"CATCAAGCATGGAATA-1",0
"CATCAAGGTTACTGAC-1",0
"CATCAAGGTTCCATGA-1",1.67775140648335
"CATCAAGTCTAAGCCA-1",0
"CATCAAGTCTGACCTC-1",0
"CATCAGAAGCTAGTCT-1",0
"CATCAGACAAGCCATT-1",0
"CATCAGACAATGACCT-1",0
"CATCAGACACGGCCAT-1",0
"CATCAGACAGACAGGT-1",0
"CATCAGACATAACCTG-1",0
"CATCAGAGTAATTGGA-1",3.61690356616575
"CATCAGAGTACATGTC-1",3.79157680370527
"CATCAGAGTGTTAAGA-1",2.01629094581711
"CATCAGAGTTCAACCA-1",0
"CATCAGATCGTTGACA-1",0
"CATCCACGTAAAGTCA-1",0
"CATCCACGTACCGTAT-1",1.35183456833378
"CATCCACGTGCCTGTG-1",3.01211538468019
"CATCCACGTTTAAGCC-1",0
"CATCGAAAGAGTACAT-1",0
"CATCGAAAGCTGTCTA-1",0
"CATCGAACAAGAGGCT-1",0
"CATCGAACAAGCTGAG-1",2.35191829274565
"CATCGAACACATTTCT-1",0
"CATCGAACATAAAGGT-1",0
"CATCGAAGTAGTACCT-1",1.66027520171672
"CATCGAAGTCCGACGT-1",2.87831433821652
"CATCGAAGTGCACTTA-1",0
"CATCGAATCAAACCAC-1",0
"CATCGAATCCGCGGTA-1",0
"CATCGAATCCGTAGTA-1",0
"CATCGGGAGAAGCCCA-1",1.81376069513352
"CATCGGGAGCGAGAAA-1",0
"CATCGGGAGGGTGTGT-1",1.66027520171672
"CATCGGGAGGTGTTAA-1",0
"CATCGGGAGTGACTCT-1",1.84807577775508
"CATCGGGCACTCAGGC-1",0
"CATCGGGCAGACGCTC-1",0
"CATCGGGCATCACAAC-1",0
"CATCGGGGTCCTCTTG-1",0
"CATCGGGGTGAGGGAG-1",0
"CATCGGGGTTCGAATC-1",2.01629094581711
"CATCGGGTCAGGATCT-1",1.87049181002277
"CATCGGGTCCACGAAT-1",0
"CATCGGGTCGATGAGG-1",0
"CATGACAAGACCACGA-1",1.8116156410013
"CATGACAAGCTCCTCT-1",0
"CATGACAAGTAACCCT-1",0
"CATGACAAGTATCTCG-1",0
"CATGACAGTCGTCTTC-1",0
"CATGACAGTGAACCTT-1",0
"CATGACATCAATAAGG-1",0
"CATGACATCTAACTGG-1",0
"CATGCCTAGACCTAGG-1",0
"CATGCCTAGAGTCTGG-1",2.00065018203098
"CATGCCTCACCACCAG-1",0
"CATGCCTGTCAAAGCG-1",0
"CATGCCTGTCGATTGT-1",0
"CATGCCTTCCACGACG-1",2.42187281397639
"CATGCCTTCCTCATTA-1",0
"CATGCCTTCGCATGAT-1",2.35709500583626
"CATGGCGAGAGCTGGT-1",0
"CATGGCGAGTACGACG-1",0
"CATGGCGTCCAAAGTC-1",0
"CATGGCGTCCCTTGTG-1",1.7000594688291
"CATGGCGTCGGCCGAT-1",0
"CATGGCGTCTCAAACG-1",1.80947696635039
"CATGGCGTCTGCCCTA-1",0
"CATTATCAGACCCACC-1",0
"CATTATCAGTCCCACG-1",0
"CATTATCCAAGTCTGT-1",0
"CATTATCCAGGGCATA-1",0
"CATTATCGTCAATGTC-1",1.72311168315317
"CATTATCTCACAAACC-1",0
"CATTATCTCAGATAAG-1",0
"CATTATCTCGCGTTTC-1",2.00065018203098
"CATTATCTCGTTGCCT-1",2.00797019034326
"CATTATCTCTATCCCG-1",0
"CATTATCTCTTAACCT-1",1.80947696635039
"CATTCGCAGGTGCTAG-1",0
"CATTCGCCAAGGGTCA-1",0
"CATTCGCCAGCCTATA-1",1.9179810120487
"CATTCGCCATACAGCT-1",1.28776377828259
"CATTCGCCATGGATGG-1",0
"CATTCGCCATGTCTCC-1",0
"CATTCGCCATTCACTT-1",0
"CATTCGCGTAGCACGA-1",1.7000594688291
"CATTCGCTCATCACCC-1",0
"CCAATCCAGACCACGA-1",0
"CCAATCCAGATATGGT-1",0
"CCAATCCAGTCGAGTG-1",2.00231072315989
"CCAATCCAGTCGTTTG-1",0
"CCAATCCAGTTTAGGA-1",1.8409030527332
"CCAATCCCAAGCGAGT-1",0
"CCAATCCTCGGACAAG-1",0
"CCACCTAAGGATGGTC-1",0
"CCACCTAAGTCGAGTG-1",0
"CCACCTAAGTGGGATC-1",1.70299123288682
"CCACCTAAGTGTGGCA-1",0
"CCACCTACAACAACCT-1",0
"CCACCTACAAGCCGCT-1",0
"CCACCTACAATCTACG-1",0
"CCACCTAGTAGTACCT-1",1.80947696635039
"CCACCTAGTCGCGTGT-1",0
"CCACCTAGTGGGTCAA-1",0
"CCACCTATCAGTTGAC-1",0
"CCACCTATCTGATACG-1",2.62615392477935
"CCACGGAAGGGAACGG-1",0
"CCACGGACATGTCGAT-1",0
"CCACGGAGTAAGGGCT-1",3.58361382122852
"CCACGGAGTCAGATAA-1",0
"CCACGGAGTCCGTGAC-1",0
"CCACGGAGTGTAATGA-1",0
"CCACGGAGTTCTGAAC-1",0
"CCACGGATCACATAGC-1",0
"CCACGGATCCACGTGG-1",0
"CCACGGATCTACTATC-1",1.76718820849755
"CCACGGATCTAGAGTC-1",0
"CCACTACAGAGTACCG-1",0
"CCACTACAGCTTTGGT-1",0
"CCACTACCAGCAGTTT-1",0
"CCACTACCAGTAGAGC-1",0
"CCACTACGTCCGAATT-1",0
"CCACTACGTCTCAACA-1",2.87831433821652
"CCACTACGTGACAAAT-1",1.1851503914433
"CCACTACGTGACCAAG-1",1.89553501908368
"CCACTACGTGCACGAA-1",1.93603268455258
"CCACTACTCACTCTTA-1",0
"CCACTACTCCGCATCT-1",0
"CCACTACTCGGAAATA-1",0
"CCACTACTCTCGTATT-1",0
"CCACTACTCTCGTTTA-1",0
"CCAGCGAAGCCCAACC-1",0
"CCAGCGACATCGGGTC-1",0
"CCAGCGACATGTCCTC-1",1.68989523212849
"CCAGCGAGTAGGCATG-1",2.00231072315989
"CCAGCGAGTCCGTTAA-1",0
"CCAGCGATCAGAAATG-1",0
"CCATGTCAGCGATCCC-1",0
"CCATGTCAGGTCGGAT-1",2.14493407592794
"CCATGTCAGGTTACCT-1",1.60180185878519
"CCATGTCCAAGCTGGA-1",0
"CCATGTCCACATCCGG-1",0
"CCATGTCGTCCAGTAT-1",0
"CCATGTCTCCAAGTAC-1",0
"CCATGTCTCTTGTATC-1",1.5800194241723
"CCATTCGCAGTACACT-1",1.82315514601964
"CCATTCGCAGTTTACG-1",0
"CCATTCGGTAATCGTC-1",0
"CCATTCGGTATTACCG-1",0
"CCCAATCAGTCACGCC-1",0
"CCCAATCCAGGTGGAT-1",1.58063191318502
"CCCAATCGTGAAGGCT-1",2.42187281397639
"CCCAATCGTTGGAGGT-1",0
"CCCAATCTCACATGCA-1",0
"CCCAATCTCCAGTATG-1",1.70299123288682
"CCCAATCTCGGAGCAA-1",0
"CCCAGTTAGAATAGGG-1",1.56220326605152
"CCCAGTTAGATCCCGC-1",1.5800194241723
"CCCAGTTAGCGTGAAC-1",3.60886129677141
"CCCAGTTAGGAATCGC-1",1.66027520171672
"CCCAGTTAGTCCGGTC-1",1.81742202314284
"CCCAGTTAGTTTGCGT-1",1.8409030527332
"CCCAGTTGTACATGTC-1",0
"CCCAGTTGTCTGCAAT-1",0
"CCCAGTTTCTGAAAGA-1",0
"CCCATACAGGGTTCCC-1",0
"CCCATACAGTGTTTGC-1",0
"CCCATACCAAAGGTGC-1",0
"CCCATACCAACACCCG-1",1.9179810120487
"CCCATACCAGCAGTTT-1",0
"CCCATACGTATTACCG-1",0
"CCCATACGTCAATACC-1",1.76718820849755
"CCCATACGTCTAGTCA-1",0
"CCCATACGTTGAGTTC-1",0
"CCCATACTCAATAAGG-1",2.80347443359135
"CCCATACTCAGCGACC-1",0
"CCCATACTCATCACCC-1",0
"CCCATACTCCGTAGGC-1",0
"CCCTCCTAGGAATCGC-1",3.01211538468019
"CCCTCCTCAGCTTAAC-1",1.61168168290827
"CCCTCCTCATATGAGA-1",0
"CCCTCCTCATCACGTA-1",0
"CCCTCCTGTATGGTTC-1",0
"CCCTCCTGTTAGATGA-1",0
"CCCTCCTTCAATCACG-1",0
"CCCTCCTTCCGCAGTG-1",0
"CCGGGATAGCTTCGCG-1",0
"CCGGGATAGGCGACAT-1",0
"CCGGGATAGGCTAGGT-1",0
"CCGGGATCACAGTCGC-1",2.35105865117698
"CCGGGATGTATAGGTA-1",0
"CCGGGATTCAGAGCTT-1",0
"CCGGGATTCGCTAGCG-1",3.88904110388816
"CCGGGATTCGCTTGTC-1",0
"CCGGTAGAGCGTCTAT-1",0
"CCGGTAGAGTACGCCC-1",0
"CCGGTAGCACATAACC-1",0
"CCGGTAGCACGCATCG-1",0
"CCGGTAGGTACTTCTT-1",1.78265118401869
"CCGGTAGGTCAAACTC-1",1.49278393904348
"CCGGTAGTCGTCCGTT-1",0
"CCGTACTAGAGAACAG-1",0
"CCGTACTAGTCCGTAT-1",0
"CCGTACTCAAGCCCAC-1",2.87831433821652
"CCGTACTCAAGCGAGT-1",0
"CCGTACTCATCCCACT-1",0
"CCGTACTGTACAGCAG-1",3.61690356616575
"CCGTACTGTGCGGTAA-1",2.00564269809515
"CCGTACTTCGTTACAG-1",0
"CCGTGGAAGACGCACA-1",0
"CCGTGGAAGAGTTGGC-1",0
"CCGTGGAAGGTGATAT-1",1.57392569303943
"CCGTGGAAGGTTCCTA-1",1.2133165770732
"CCGTGGACAGCCTTGG-1",0
"CCGTGGAGTTCCATGA-1",1.58063191318502
"CCGTGGATCTAACTTC-1",0
"CCGTTCAAGCGTAATA-1",0
"CCGTTCAAGTACGATA-1",0
"CCGTTCAAGTAGATGT-1",1.85078388857223
"CCGTTCACAGGATCGA-1",0
"CCGTTCAGTATAGGGC-1",1.41517501661356
"CCGTTCAGTCGCGAAA-1",0
"CCGTTCATCGTACCGG-1",0
"CCTAAAGAGAGTTGGC-1",0
"CCTAAAGCAAACCTAC-1",0
"CCTAAAGCATGTCTCC-1",0
"CCTAAAGGTACTCAAC-1",0
"CCTAAAGGTCGGCACT-1",1.28776377828259
"CCTAAAGGTGTAATGA-1",0
"CCTAAAGTCACCGTAA-1",0
"CCTAAAGTCAGCGATT-1",0
"CCTAAAGTCGGCGCTA-1",0
"CCTAAAGTCGGTCCGA-1",3.79157680370527
"CCTACACAGGACCACA-1",1.58063191318502
"CCTACACAGGGTGTTG-1",0
"CCTACACCAGTAAGAT-1",3.75148981059222
"CCTACACGTATAGTAG-1",0
"CCTACACGTCCGAACC-1",0
"CCTACACGTGGGTCAA-1",0
"CCTACACGTTTGACTG-1",1.79510060163789
"CCTACACTCGGCGCTA-1",0
"CCTACACTCGTGACAT-1",1.49278393904348
"CCTACCAAGATAGGAG-1",0
"CCTACCAAGCAAATCA-1",0
"CCTACCAAGCGTAGTG-1",0
"CCTACCAAGTGCGATG-1",1.93603268455258
"CCTACCAGTATCAGTC-1",0
"CCTACCAGTCTCTCTG-1",0
"CCTACCAGTCTTTCAT-1",1.58063191318502
"CCTACCATCAGCACAT-1",2.82535983370175
"CCTACCATCGCCAGCA-1",0
"CCTAGCTAGCAAATCA-1",0
"CCTAGCTAGCTCCTCT-1",0
"CCTAGCTAGGTTACCT-1",0
"CCTAGCTAGTACGCGA-1",0
"CCTAGCTCAATGAATG-1",0
"CCTAGCTCAATGGTCT-1",0
"CCTAGCTCACATCCAA-1",0
"CCTAGCTCAGCCAGAA-1",0
"CCTAGCTGTAGAAAGG-1",0
"CCTAGCTGTCACCCAG-1",0
"CCTAGCTGTCTGATTG-1",0
"CCTAGCTTCACGATGT-1",0
"CCTAGCTTCGTAGGAG-1",0
"CCTATTAAGAATTCCC-1",0
"CCTATTAAGCAGGCTA-1",0
"CCTATTAAGCAGGTCA-1",0
"CCTATTAAGGGAGTAA-1",2.19366380648398
"CCTATTAAGGTAGCCA-1",0
"CCTATTACACAACTGT-1",0
"CCTATTACACATCCGG-1",2.01629094581711
"CCTATTAGTCAATACC-1",0
"CCTATTATCATCACCC-1",0
"CCTATTATCTGCGACG-1",0
"CCTCAGTAGCTAACTC-1",0
"CCTCAGTCAGGTGGAT-1",0
"CCTCAGTGTCCATCCT-1",0
"CCTCAGTGTCCGACGT-1",0
"CCTCAGTGTCTTGTCC-1",0
"CCTCAGTGTGGGTATG-1",0
"CCTCTGAAGTATCGAA-1",0
"CCTCTGAAGTGGGTTG-1",0
"CCTCTGACAAGCTGTT-1",1.89553501908368
"CCTCTGACACCGATAT-1",0
"CCTCTGACAGATGAGC-1",0
"CCTCTGAGTCAATACC-1",1.57392569303943
"CCTCTGAGTCCGAACC-1",3.07827908851564
"CCTCTGAGTCGTGGCT-1",0
"CCTCTGAGTCTGATTG-1",2.00231072315989
"CCTTACGCAAGCGTAG-1",0
"CCTTACGCACCAACCG-1",0
"CCTTACGGTCATCCCT-1",0
"CCTTACGGTCCTCTTG-1",0
"CCTTACGTCACAACGT-1",2.14493407592794
"CCTTACGTCATCTGCC-1",2.35105865117698
"CCTTACGTCGGAGGTA-1",0
"CCTTCCCAGAGACTAT-1",0
"CCTTCCCAGCTAGGCA-1",2.00065018203098
"CCTTCCCAGGACGAAA-1",0
"CCTTCCCAGGGCATGT-1",0
"CCTTCCCAGGTACTCT-1",2.35191829274565
"CCTTCCCCATGATCCA-1",0
"CCTTCCCTCAAGGCTT-1",0
"CCTTCCCTCTATCCTA-1",0
"CCTTCCCTCTATCGCC-1",1.67775140648335
"CCTTCGAAGGCGCTCT-1",1.87049181002277
"CCTTCGACAACACCCG-1",0
"CCTTCGACAGCGATCC-1",0
"CCTTCGAGTAAGCACG-1",3.75148981059222
"CCTTCGAGTCCATGAT-1",0
"CCTTCGAGTGTGACCC-1",0
"CCTTCGAGTTGGTGGA-1",0
"CCTTCGATCACAGTAC-1",0
"CCTTCGATCCTATGTT-1",0
"CCTTCGATCGCACTCT-1",0
"CCTTTCTAGACGCTTT-1",1.46122980539364
"CCTTTCTAGGGCACTA-1",0
"CCTTTCTAGTGGAGTC-1",1.59770199151674
"CCTTTCTCAGACAAGC-1",0
"CCTTTCTCATCACGAT-1",0
"CCTTTCTCATGCCCGA-1",0
"CCTTTCTTCCCACTTG-1",0
"CCTTTCTTCTTTACGT-1",1.89553501908368
"CGAACATCACATGACT-1",0
"CGAACATCACTTGGAT-1",1.93603268455258
"CGAACATCAGTCCTTC-1",0
"CGAACATGTCTGATTG-1",3.83005164095063
"CGAACATGTGCTGTAT-1",1.84807577775508
"CGAACATTCTCAAACG-1",0
"CGAATGTAGAGGTTAT-1",0
"CGAATGTAGCGATAGC-1",2.00564269809515
"CGAATGTAGTTCGCAT-1",0
"CGAATGTCAATGCCAT-1",0
"CGAATGTGTCTAGTCA-1",1.84807577775508
"CGAATGTGTCTCACCT-1",1.88883661405088
"CGAATGTTCAACACAC-1",3.61690356616575
"CGAATGTTCATCACCC-1",1.66027520171672
"CGAATGTTCTGTACGA-1",0
"CGACCTTAGCTACCGC-1",1.79510060163789
"CGACCTTAGCTAGTCT-1",0
"CGACCTTCAAAGTGCG-1",0
"CGACCTTCACGAAATA-1",0
"CGACCTTGTAAGTGTA-1",0
"CGACCTTGTCAGAATA-1",0
"CGACCTTGTCTCCCTA-1",1.56220326605152
"CGACCTTGTCTCTTAT-1",1.9179810120487
"CGACCTTTCCGCGTTT-1",3.61690356616575
"CGACCTTTCGTTTATC-1",1.8116156410013
"CGACCTTTCTCCAGGG-1",0
"CGACTTCAGACACGAC-1",0
"CGACTTCAGGTAGCCA-1",0
"CGACTTCAGTCTTGCA-1",0
"CGACTTCCAATGGACG-1",0
"CGACTTCGTGGTGTAG-1",1.45163986525757
"CGACTTCGTTGAGTTC-1",0
"CGACTTCTCACTTACT-1",0
"CGACTTCTCTCGCTTG-1",0
"CGAGAAGAGAAACGCC-1",0
"CGAGAAGAGCCAACAG-1",0
"CGAGAAGAGCGTGTCC-1",0.870344147873255
"CGAGAAGCAAGTTCTG-1",2.42187281397639
"CGAGAAGCACATCCGG-1",0
"CGAGAAGCAGGCTGAA-1",2.87831433821652
"CGAGAAGTCGGATGGA-1",0
"CGAGCACAGCCAGAAC-1",0
"CGAGCACCACATGTGT-1",1.81376069513352
"CGAGCACGTAGCGTCC-1",0
"CGAGCACGTAGCGTGA-1",0
"CGAGCACGTCAGATAA-1",0
"CGAGCACGTGCCTTGG-1",1.1851503914433
"CGAGCACTCCCGGATG-1",0
"CGAGCACTCCGCTGTT-1",3.83005164095063
"CGAGCACTCGTGACAT-1",0
"CGAGCCAAGCTAGCCC-1",0
"CGAGCCAGTATATCCG-1",0
"CGAGCCAGTCAAGCGA-1",0
"CGATCGGAGAGCCTAG-1",0
"CGATCGGAGTACGATA-1",0
"CGATCGGCAAACGCGA-1",0
"CGATCGGCAAGCGATG-1",1.41493905331401
"CGATCGGCAATACGCT-1",1.77487760908237
"CGATCGGCAGTTAACC-1",0
"CGATCGGCATACTCTT-1",0
"CGATCGGGTCGACTGC-1",0
"CGATCGGTCAACGGGA-1",0
"CGATCGGTCTAGCACA-1",1.72311168315317
"CGATGGCAGCCGTCGT-1",0
"CGATGGCAGTCCAGGA-1",0
"CGATGGCCACTTAACG-1",0
"CGATGGCCAGCGTAAG-1",0
"CGATGGCCATCATCCC-1",0
"CGATGGCTCCTAGAAC-1",0
"CGATGGCTCGCTAGCG-1",0
"CGATGGCTCTGACCTC-1",0
"CGATGTAAGGCAATTA-1",0
"CGATGTAAGTTTGCGT-1",2.62615392477935
"CGATGTACACAGGCCT-1",1.56220326605152
"CGATGTACAGGTCTCG-1",0
"CGATGTAGTCCAGTGC-1",0
"CGATGTAGTCTAGGTT-1",1.68989523212849
"CGATGTAGTGTGCCTG-1",0
"CGATGTAGTTTGCATG-1",1.80947696635039
"CGATTGAAGATGTGGC-1",0
"CGATTGACAGACGCAA-1",0
"CGATTGAGTATGGTTC-1",0
"CGATTGAGTTCAGACT-1",1.89553501908368
"CGATTGATCATGGTCA-1",0
"CGATTGATCTGCGGCA-1",0
"CGCCAAGAGAATGTTG-1",0
"CGCCAAGAGACCTTTG-1",1.89553501908368
"CGCCAAGAGATCGGGT-1",0
"CGCCAAGAGATCTGAA-1",1.72311168315317
"CGCCAAGAGCGTGTCC-1",0
"CGCCAAGGTCTAGGTT-1",3.61690356616575
"CGCCAAGTCAGGATCT-1",0
"CGCCAAGTCCACTCCA-1",0
"CGCCAAGTCTTGTTTG-1",0
"CGCGGTAAGCTAGCCC-1",1.87049181002277
"CGCGGTAAGGGTTCCC-1",0
"CGCGGTACAAACTGCT-1",0
"CGCGGTACAATGGAAT-1",1.61168168290827
"CGCGGTACAGCTGTTA-1",0
"CGCGGTAGTCAAGCGA-1",2.01629094581711
"CGCGGTAGTGAGGCTA-1",1.84403241487607
"CGCGGTAGTTTGCATG-1",0
"CGCGTTTAGTTATCGC-1",1.8116156410013
"CGCGTTTCAACAACCT-1",0
"CGCGTTTCAAGCGAGT-1",1.30415213556407
"CGCGTTTCAATGGACG-1",0
"CGCGTTTCACGGTGTC-1",0
"CGCGTTTGTGCTGTAT-1",0
"CGCGTTTGTGGACGAT-1",0
"CGCGTTTTCAAACCGT-1",3.61690356616575
"CGCGTTTTCAGCCTAA-1",0
"CGCGTTTTCCTATGTT-1",2.35709500583626
"CGCGTTTTCGTGGTCG-1",1.2133165770732
"CGCTATCAGAAACCGC-1",0
"CGCTATCAGTCATCCA-1",0
"CGCTATCCAAGCGAGT-1",1.28776377828259
"CGCTATCCAGTCGATT-1",0
"CGCTATCCATCGACGC-1",0
"CGCTATCCATTTCAGG-1",0
"CGCTATCGTACCGAGA-1",0
"CGCTATCGTTCGAATC-1",0
"CGCTATCGTTTCGCTC-1",0
"CGCTATCTCGTTACAG-1",0
"CGCTGGAAGGACATTA-1",3.58361382122852
"CGCTGGAAGGGCACTA-1",1.84807577775508
"CGCTGGAAGGTGATAT-1",0
"CGCTGGACAGACTCGC-1",0
"CGCTGGAGTGTAATGA-1",1.79510060163789
"CGCTGGAGTTCTGGTA-1",0
"CGCTGGATCCGAAGAG-1",0
"CGCTGGATCCGTTGCT-1",1.79510060163789
"CGCTGGATCGTAGGAG-1",0
"CGCTGGATCGTTACAG-1",3.83005164095063
"CGCTTCAAGAAGGGTA-1",1.57392569303943
"CGCTTCAAGGTCGGAT-1",0
"CGCTTCACACGGTGTC-1",1.81742202314284
"CGCTTCACAGACAAGC-1",0
"CGCTTCACATCACCCT-1",0
"CGCTTCAGTCGCGGTT-1",1.2133165770732
"CGCTTCATCTTAGAGC-1",0
"CGGACACAGCGATATA-1",0
"CGGACACAGCGATGAC-1",1.41399611329836
"CGGACACAGCTTCGCG-1",3.61690356616575
"CGGACACAGGTAAACT-1",0
"CGGACACAGTAGCCGA-1",0
"CGGACACCACAGGAGT-1",0
"CGGACACCATTCACTT-1",0
"CGGACACGTGAGCGAT-1",0
"CGGACACGTGCTCTTC-1",0
"CGGACACGTGTGACCC-1",0
"CGGACGTAGGTTACCT-1",0
"CGGACGTCATGGGACA-1",0
"CGGACGTGTGAAAGAG-1",0
"CGGACGTGTTGGTAAA-1",0
"CGGACGTTCATGTGGT-1",1.89553501908368
"CGGACGTTCTGTCCGT-1",0
"CGGACTGAGGAGCGAG-1",0
"CGGACTGAGGAGTCTG-1",0
"CGGACTGAGTGGTAGC-1",0
"CGGACTGCAACTTGAC-1",3.13789848972927
"CGGACTGCAATGACCT-1",0
"CGGACTGCACAACGTT-1",0
"CGGACTGCACGCCAGT-1",0
"CGGACTGCAGTATGCT-1",1.86539945915656
"CGGACTGGTAAAGGAG-1",0
"CGGACTGGTATAAACG-1",0
"CGGACTGGTGTAAGTA-1",0
"CGGACTGGTGTGGTTT-1",0
"CGGACTGGTTGACGTT-1",1.84807577775508
"CGGACTGTCCATGCTC-1",1.65546109680231
"CGGACTGTCCGTCAAA-1",0
"CGGACTGTCGTTTGCC-1",0
"CGGAGCTAGTTTAGGA-1",0
"CGGAGCTGTAGAAAGG-1",1.30415213556407
"CGGAGCTTCACTTATC-1",0
"CGGAGCTTCATGTAGC-1",1.77487760908237
"CGGAGCTTCCACGAAT-1",0
"CGGAGTCAGTGCGATG-1",0
"CGGAGTCAGTGTGAAT-1",2.35191829274565
"CGGAGTCCAGTGGGAT-1",0
"CGGAGTCCATTATCTC-1",2.82535983370175
"CGGAGTCGTAGCTGCC-1",0
"CGGAGTCGTGTTCGAT-1",1.85078388857223
"CGGAGTCTCCCAGGTG-1",1.58063191318502
"CGGAGTCTCCGTAGTA-1",1.70299123288682
"CGGCTAGAGAAACGCC-1",1.77487760908237
"CGGCTAGAGCACCGTC-1",0
"CGGCTAGAGCTAAACA-1",0
"CGGCTAGCAGACAAAT-1",0
"CGGCTAGGTAACGCGA-1",0
"CGGCTAGGTTCATGGT-1",0
"CGGCTAGTCAAAGACA-1",0
"CGGCTAGTCGTGGGAA-1",3.88904110388816
"CGGCTAGTCTTGTTTG-1",1.58063191318502
"CGGGTCAAGAGTCGGT-1",0
"CGGGTCAAGCACACAG-1",0
"CGGGTCAAGCTAACTC-1",3.75148981059222
"CGGGTCAAGGACACCA-1",1.93603268455258
"CGGGTCAAGTATGACA-1",0
"CGGGTCACAATGACCT-1",1.60180185878519
"CGGGTCACACCGAAAG-1",0
"CGGGTCACAGCCACCA-1",1.8116156410013
"CGGGTCACATACAGCT-1",0
"CGGGTCACATCCTTGC-1",1.77487760908237
"CGGGTCAGTAGCGCTC-1",0
"CGGGTCAGTCGATTGT-1",3.79157680370527
"CGGGTCAGTGCAACTT-1",3.61690356616575
"CGGGTCAGTTGTTTGG-1",1.41399611329836
"CGGGTCATCAACACCA-1",2.81361236231799
"CGGGTCATCACCTTAT-1",0
"CGGGTCATCCACGACG-1",0
"CGGTTAACAGGACCCT-1",0
"CGGTTAACATGTCCTC-1",0
"CGGTTAACATTCCTGC-1",1.58063191318502
"CGGTTAAGTCGACTGC-1",0
"CGGTTAATCCGGCACA-1",0
"CGGTTAATCCTTTCGG-1",0
"CGGTTAATCTTATCTG-1",0
"CGTAGCGAGATGTAAC-1",1.1851503914433
"CGTAGCGAGGCAATTA-1",1.66027520171672
"CGTAGCGCAAGCGCTC-1",2.35709500583626
"CGTAGCGTCCAACCAA-1",0
"CGTAGCGTCGGCGGTT-1",1.67775140648335
"CGTAGGCAGGGCTCTC-1",0
"CGTAGGCCAAGCGATG-1",0
"CGTAGGCCACTAAGTC-1",0
"CGTAGGCCAGAGTGTG-1",0
"CGTAGGCCATCCCATC-1",2.81361236231799
"CGTAGGCGTATTAGCC-1",0
"CGTAGGCGTCAATACC-1",0
"CGTAGGCGTGGCGAAT-1",0
"CGTAGGCTCCAGAAGG-1",0
"CGTCACTAGTCATGCT-1",0
"CGTCACTCAAAGCGGT-1",0
"CGTCACTCAGGTCCAC-1",0
"CGTCACTCAGTCACTA-1",0
"CGTCACTTCCTTGACC-1",0
"CGTCACTTCGGTGTTA-1",0
"CGTCACTTCTGTGCAA-1",1.1851503914433
"CGTCACTTCTTGAGAC-1",2.35105865117698
"CGTCAGGAGCTGTTCA-1",0
"CGTCAGGCAAAGCAAT-1",0
"CGTCAGGCAAAGCGGT-1",0
"CGTCAGGCAACACGCC-1",0
"CGTCAGGCATCCGCGA-1",0
"CGTCAGGGTCAGCTAT-1",0
"CGTCAGGGTCGTTGTA-1",3.61690356616575
"CGTCAGGGTGTAAGTA-1",1.70299123288682
"CGTCAGGTCCACTGGG-1",0
"CGTCAGGTCGACAGCC-1",2.80347443359135
"CGTCAGGTCGGGAGTA-1",0
"CGTCCATAGACCACGA-1",0
"CGTCCATAGCGATTCT-1",0
"CGTCCATAGGCTATCT-1",0
"CGTCCATAGTCTCAAC-1",0
"CGTCCATCACGACTCG-1",0
"CGTCCATCATTCACTT-1",1.58063191318502
"CGTCCATGTCTAGCGC-1",0
"CGTCCATGTGATAAAC-1",1.46122980539364
"CGTCCATGTTTGGGCC-1",0
"CGTCCATGTTTGTGTG-1",3.61690356616575
"CGTCCATTCAACACCA-1",0
"CGTCCATTCATTCACT-1",0
"CGTCTACAGTGCGTGA-1",1.66027520171672
"CGTCTACGTAGTAGTA-1",0
"CGTCTACTCGAGCCCA-1",3.79157680370527
"CGTCTACTCGCCATAA-1",1.80947696635039
"CGTCTACTCGGCCGAT-1",0
"CGTCTACTCGTCCAGG-1",0
"CGTGAGCAGATCTGAA-1",0
"CGTGAGCAGCAATCTC-1",1.76718820849755
"CGTGAGCAGCGGATCA-1",0
"CGTGAGCAGCTAGTGG-1",1.2133165770732
"CGTGAGCAGCTTCGCG-1",0
"CGTGAGCAGGGCACTA-1",0
"CGTGAGCAGGGTGTGT-1",2.00564269809515
"CGTGAGCAGTGGAGAA-1",0
"CGTGAGCCAAGCCGCT-1",1.65546109680231
"CGTGAGCCACGTAAGG-1",0
"CGTGAGCCATACGCCG-1",3.88904110388816
"CGTGAGCGTAGATTAG-1",2.62615392477935
"CGTGAGCGTCTCTTAT-1",0
"CGTGAGCTCACAAACC-1",0
"CGTGAGCTCCAAATGC-1",1.70299123288682
"CGTGAGCTCCGAGCCA-1",0
"CGTGAGCTCGTTGCCT-1",0
"CGTGAGCTCTGGGCCA-1",0
"CGTGTAAAGATAGTCA-1",0
"CGTGTAAAGGTGTTAA-1",0
"CGTGTAAAGTACATGA-1",0
"CGTGTAACATGGGACA-1",0
"CGTGTAAGTGTCTGAT-1",1.51040875805983
"CGTGTAATCTACTATC-1",0
"CGTGTAATCTCGATGA-1",0
"CGTGTAATCTTTAGTC-1",0
"CGTGTCTAGGCGCTCT-1",0
"CGTGTCTAGGGATGGG-1",2.00797019034326
"CGTGTCTCAGACAAAT-1",0
"CGTGTCTCAGACACTT-1",0
"CGTGTCTGTAAGAGGA-1",0
"CGTGTCTGTATATGAG-1",0
"CGTGTCTGTCAAAGCG-1",1.7000594688291
"CGTGTCTGTTCCGTCT-1",0
"CGTGTCTTCAATCACG-1",1.1851503914433
"CGTGTCTTCAGAGGTG-1",0
"CGTGTCTTCATAGCAC-1",2.13566668433679
"CGTGTCTTCCGAACGC-1",0
"CGTGTCTTCGGCATCG-1",0
"CGTGTCTTCGTGGACC-1",0
"CGTGTCTTCTACTTAC-1",1.76718820849755
"CGTGTCTTCTGAGTGT-1",0
"CGTTAGAAGATCTGAA-1",0
"CGTTAGAAGGCCCTTG-1",0
"CGTTAGACACGAAAGC-1",0
"CGTTAGACAGCTTCGG-1",0
"CGTTAGAGTTTAAGCC-1",0
"CGTTAGATCACTTATC-1",0
"CGTTAGATCAGCCTAA-1",0
"CGTTCTGAGAAGGGTA-1",1.7000594688291
"CGTTCTGAGTGAACAT-1",1.85078388857223
"CGTTCTGCAGCTCGCA-1",0
"CGTTCTGCATTGGCGC-1",0
"CGTTCTGGTGAGGGTT-1",0
"CGTTCTGTCTGATTCT-1",0
"CGTTGGGAGCTAGTTC-1",0
"CGTTGGGAGGATGCGT-1",2.00065018203098
"CGTTGGGCACATTAGC-1",0
"CGTTGGGCAGACAGGT-1",0
"CGTTGGGGTTCCCGAG-1",1.78265118401869
"CGTTGGGTCATGCTCC-1",1.63321559807939
"CGTTGGGTCCATGAAC-1",1.30415213556407
"CGTTGGGTCTACCAGA-1",1.65546109680231
"CTAACTTAGTCCTCCT-1",1.41517501661356
"CTAACTTCAATAGCAA-1",0
"CTAACTTCAATCGGTT-1",0
"CTAACTTGTGAGGCTA-1",0
"CTAACTTTCGTACGGC-1",0
"CTAACTTTCTGGCGTG-1",0
"CTAAGACAGGGAAACA-1",1.89553501908368
"CTAAGACAGTACATGA-1",0
"CTAAGACAGTTCGCGC-1",0
"CTAAGACCAAGTAATG-1",0
"CTAAGACCAGTAAGAT-1",0
"CTAAGACCATGCAATC-1",2.62615392477935
"CTAAGACGTAAGGATT-1",0
"CTAAGACGTATCAGTC-1",0
"CTAAGACGTCACCTAA-1",0
"CTAAGACTCGTTGCCT-1",1.2133165770732
"CTAAGACTCTTACCGC-1",0
"CTAAGACTCTTGAGGT-1",3.88904110388816
"CTAATGGAGCAATCTC-1",0
"CTAATGGAGCGCTCCA-1",0
"CTAATGGAGCTCCCAG-1",0
"CTAATGGAGCTGAAAT-1",2.87831433821652
"CTAATGGAGTTAGGTA-1",0
"CTAATGGCATGGAATA-1",0
"CTAATGGGTACCGCTG-1",0
"CTAATGGGTCTAGCGC-1",0
"CTAATGGGTGAGGGAG-1",2.00231072315989
"CTAATGGGTTGGTGGA-1",0
"CTAATGGTCATGCTCC-1",1.74344089195725
"CTAATGGTCCACTGGG-1",0
"CTAATGGTCCGTTGCT-1",0
"CTAATGGTCCTAGAAC-1",0
"CTACACCAGTGCGATG-1",0
"CTACACCCACGGACAA-1",0
"CTACACCGTAATAGCA-1",0
"CTACACCGTCTGATTG-1",1.7000594688291
"CTACACCGTTCGTCTC-1",0
"CTACACCTCAGAAATG-1",0
"CTACACCTCGGCTTGG-1",1.65546109680231
"CTACACCTCGGTCCGA-1",3.75148981059222
"CTACACCTCTCGCATC-1",0.870344147873255
"CTACACCTCTCTGCTG-1",0
"CTACATTAGATCACGG-1",0
"CTACATTCACTCGACG-1",0
"CTACATTCATTTCACT-1",0
"CTACATTGTGATGATA-1",0
"CTACATTGTTCGAATC-1",0
"CTACATTTCAACGCTA-1",0
"CTACATTTCGCCATAA-1",0
"CTACATTTCTAGCACA-1",0
"CTACCCACACAGAGGT-1",2.35191829274565
"CTACCCACACGACGAA-1",1.58063191318502
"CTACCCACATGGTTGT-1",1.68989523212849
"CTACCCAGTATCTGCA-1",1.72311168315317
"CTACCCAGTATGAATG-1",0
"CTACCCAGTCAGAAGC-1",3.61690356616575
"CTACCCAGTGTGACCC-1",0
"CTACCCAGTTATGTGC-1",0
"CTACCCATCTACGAGT-1",1.68989523212849
"CTACGTCAGGTGCAAC-1",0
"CTACGTCAGTGCGATG-1",1.41517501661356
"CTACGTCAGTTGTCGT-1",0
"CTACGTCCATATACCG-1",0
"CTACGTCGTATATGGA-1",0
"CTACGTCGTGTGGTTT-1",2.00231072315989
"CTACGTCTCAAAGTAG-1",3.88904110388816
"CTACGTCTCACGACTA-1",0
"CTACGTCTCACGGTTA-1",0
"CTACGTCTCCTAGAAC-1",0
"CTAGAGTAGCTGTCTA-1",1.1851503914433
"CTAGAGTAGGATCGCA-1",1.87049181002277
"CTAGAGTAGTCCATAC-1",0
"CTAGAGTCACATTAGC-1",0
"CTAGAGTCAGTATGCT-1",0
"CTAGAGTCATACTCTT-1",1.1851503914433
"CTAGAGTCATGTAAGA-1",1.72311168315317
"CTAGAGTGTGACCAAG-1",1.67775140648335
"CTAGAGTTCAACACCA-1",0
"CTAGAGTTCCGTCAAA-1",0
"CTAGAGTTCCTAAGTG-1",1.61168168290827
"CTAGAGTTCGCCAGCA-1",0
"CTAGAGTTCGCTTAGA-1",1.1851503914433
"CTAGAGTTCGTGACAT-1",1.5800194241723
"CTAGAGTTCTGATTCT-1",0
"CTAGCCTCACCAGATT-1",1.89553501908368
"CTAGCCTGTATATCCG-1",1.41517501661356
"CTAGCCTGTGATGCCC-1",2.82535983370175
"CTAGCCTTCGGGAGTA-1",0
"CTAGTGAAGCTGGAAC-1",1.57392569303943
"CTAGTGAAGTGTACCT-1",0
"CTAGTGACAAGTCTAC-1",1.85078388857223
"CTAGTGACAGGATCGA-1",1.2133165770732
"CTAGTGAGTTATGCGT-1",0
"CTAGTGATCAGTTGAC-1",0
"CTAGTGATCCAGTAGT-1",0
"CTCACACAGCTAAGAT-1",0
"CTCACACAGCTGCCCA-1",0
"CTCACACAGGATGCGT-1",1.87049181002277
"CTCACACCACGTAAGG-1",0
"CTCACACCACTGTTAG-1",0
"CTCACACCATATACGC-1",0
"CTCACACGTGCTGTAT-1",0
"CTCACACGTTCCATGA-1",0
"CTCACACGTTTGGGCC-1",0
"CTCACACTCACCGGGT-1",1.72311168315317
"CTCACACTCATCGGAT-1",0
"CTCACACTCCGCGCAA-1",3.66141843169706
"CTCACACTCTAACCGA-1",0
"CTCAGAAAGAGCTGCA-1",0
"CTCAGAAAGGAGTAGA-1",1.60180185878519
"CTCAGAACAACGCACC-1",0
"CTCAGAACAAGCGATG-1",0
"CTCAGAACAGGGCATA-1",3.58361382122852
"CTCAGAAGTGACGGTA-1",0
"CTCAGAATCTTAACCT-1",0
"CTCATTAAGAACTGTA-1",0
"CTCATTACATGGTCAT-1",0
"CTCATTAGTGTAACGG-1",0
"CTCATTAGTTTACTCT-1",0
"CTCCTAGCAAGTACCT-1",3.75148981059222
"CTCCTAGCAATTCCTT-1",1.49278393904348
"CTCCTAGCACTGTCGG-1",1.85078388857223
"CTCCTAGCAGTCCTTC-1",0
"CTCCTAGCATAACCTG-1",1.9179810120487
"CTCCTAGCATGCGCAC-1",2.13566668433679
"CTCCTAGGTAGAAAGG-1",1.81376069513352
"CTCCTAGGTCCGAGTC-1",1.66027520171672
"CTCCTAGGTCTAGCCG-1",0
"CTCCTAGGTGTTTGTG-1",0
"CTCCTAGGTTCGTGAT-1",2.35709500583626
"CTCCTAGGTTGTTTGG-1",0
"CTCCTAGTCACTTACT-1",2.14493407592794
"CTCCTAGTCTCATTCA-1",0
"CTCGAAAAGCCCAACC-1",1.74344089195725
"CTCGAAAAGCTATGCT-1",1.49278393904348
"CTCGAAAAGGCCCTTG-1",0
"CTCGAAAAGGGCTTCC-1",0
"CTCGAAACAAGCCGTC-1",0
"CTCGAAACACATTAGC-1",0
"CTCGAAACACCGAAAG-1",1.5800194241723
"CTCGAAACACGGCTAC-1",0
"CTCGAAACAGTAAGAT-1",0
"CTCGAGGAGCCATCGC-1",1.7000594688291
"CTCGAGGAGGGCTTCC-1",0
"CTCGAGGCAGATAATG-1",1.82315514601964
"CTCGAGGGTATTCTCT-1",1.81742202314284
"CTCGAGGGTGCCTGGT-1",0
"CTCGGAGAGTCCCACG-1",1.59770199151674
"CTCGGAGCACTTCTGC-1",0
"CTCGGAGCAGCTGCAC-1",2.80347443359135
"CTCGGAGCAGGATCGA-1",0
"CTCGGAGGTAGCCTAT-1",1.80947696635039
"CTCGGAGGTCATGCCG-1",0
"CTCGGAGTCAAACGGG-1",0
"CTCGGAGTCACATACG-1",1.57392569303943
"CTCGGAGTCAGCTTAG-1",1.80947696635039
"CTCGGGAAGACCTAGG-1",0
"CTCGGGACACAGCCCA-1",1.39134050249977
"CTCGGGACATAAAGGT-1",1.89553501908368
"CTCGGGACATCCCACT-1",0
"CTCGGGACATGTCGAT-1",1.51040875805983
"CTCGGGAGTCGCGTGT-1",2.35105865117698
"CTCGGGAGTGACTACT-1",2.19366380648398
"CTCGGGAGTTACGACT-1",0
"CTCGGGATCCGTACAA-1",0
"CTCGGGATCCTTGACC-1",0
"CTCGGGATCTTGTTTG-1",0
"CTCGTACAGCGATAGC-1",0
"CTCGTACCAGCGTAAG-1",3.88904110388816
"CTCGTACCATAGTAAG-1",0
"CTCGTACGTAGAGTGC-1",0
"CTCGTACGTATCACCA-1",0
"CTCGTACGTGCAGTAG-1",0
"CTCGTACTCAAAGTAG-1",0
"CTCGTACTCAATCTCT-1",0
"CTCGTACTCGTTGCCT-1",1.87049181002277
"CTCGTACTCTGGTTCC-1",0
"CTCGTCAAGATGCCTT-1",0
"CTCGTCAAGTGGAGTC-1",2.81361236231799
"CTCGTCAAGTTTGCGT-1",1.93603268455258
"CTCGTCACAACGATCT-1",0
"CTCGTCACACATCCGG-1",0
"CTCGTCACAGTCGTGC-1",0
"CTCGTCAGTCTCATCC-1",2.13566668433679
"CTCGTCAGTCTCCATC-1",0
"CTCGTCAGTGAGCGAT-1",0
"CTCGTCAGTTGACGTT-1",0
"CTCGTCAGTTGGGACA-1",1.7000594688291
"CTCGTCATCACTTATC-1",0
"CTCGTCATCGACCAGC-1",0
"CTCGTCATCTGCTGTC-1",0
"CTCTAATCACCAGGTC-1",0
"CTCTAATCACGGTGTC-1",0
"CTCTAATCAGGAATCG-1",0
"CTCTAATGTCCAAGTT-1",0
"CTCTACGAGCTAAACA-1",0
"CTCTACGAGCTAGTGG-1",1.60180185878519
"CTCTACGAGTACGCCC-1",0
"CTCTACGAGTAGGCCA-1",0
"CTCTACGCAATAACGA-1",0
"CTCTACGCAGACGCTC-1",0
"CTCTACGCATGACATC-1",1.77487760908237
"CTCTACGTCATGTCTT-1",0
"CTCTACGTCCCTAATT-1",0
"CTCTACGTCGGCATCG-1",0
"CTCTACGTCGGTCTAA-1",0
"CTCTGGTAGCGTTCCG-1",2.80347443359135
"CTCTGGTAGGCATGGT-1",0
"CTCTGGTAGTGCCAGA-1",0
"CTCTGGTCACAAGCCC-1",0
"CTCTGGTCAGCCTTTC-1",0
"CTCTGGTTCATCTGTT-1",0
"CTCTGGTTCTTGTACT-1",1.84807577775508
"CTGAAACAGATCCCGC-1",0
"CTGAAACAGGTGCTAG-1",2.00564269809515
"CTGAAACAGTCCGTAT-1",0
"CTGAAACAGTGTCTCA-1",0
"CTGAAACGTCATCGGC-1",0
"CTGAAACGTTAAAGAC-1",1.35183456833378
"CTGAAACTCATACGGT-1",1.81742202314284
"CTGAAGTAGTGCGTGA-1",0
"CTGAAGTCAGCTGTAT-1",1.82315514601964
"CTGAAGTGTTAAAGTG-1",0
"CTGAAGTTCAAGCCTA-1",0
"CTGAAGTTCGGATGTT-1",0
"CTGATAGAGGGAGTAA-1",1.56220326605152
"CTGATAGAGTGCAAGC-1",0
"CTGATAGCAGCCTTTC-1",1.58063191318502
"CTGATAGCATCCCATC-1",1.93603268455258
"CTGATAGCATCTCCCA-1",0
"CTGATAGGTCAAAGCG-1",2.87831433821652
"CTGATAGGTCGCTTTC-1",0
"CTGATAGGTTACGACT-1",0
"CTGATAGTCGCGATCG-1",0
"CTGATCCAGGCATTGG-1",1.57392569303943
"CTGATCCAGGTGACCA-1",0
"CTGATCCCACAGAGGT-1",0
"CTGATCCCAGGCTGAA-1",0
"CTGATCCGTGCCTGGT-1",0
"CTGATCCGTTATCCGA-1",2.14493407592794
"CTGATCCGTTGTGGCC-1",0
"CTGCCTAAGGGTCTCC-1",0
"CTGCCTAAGGTGATAT-1",1.5800194241723
"CTGCCTAAGTACGCGA-1",0
"CTGCCTAAGTGCGTGA-1",0
"CTGCCTACATCCCACT-1",1.28776377828259
"CTGCCTATCAATAAGG-1",2.87831433821652
"CTGCGGAAGAAGGACA-1",0
"CTGCGGAAGAGCTGGT-1",0
"CTGCGGAAGATGAGAG-1",0
"CTGCGGACAGGTCGTC-1",0
"CTGCGGACATGTCTCC-1",0
"CTGCGGAGTCACTTCC-1",0
"CTGCGGAGTCGTGGCT-1",0
"CTGCGGAGTTCTGTTT-1",1.39134050249977
"CTGCGGAGTTGGACCC-1",0
"CTGCGGATCGCCTGTT-1",3.07827908851564
"CTGCGGATCTTACCGC-1",0
"CTGCTGTAGGGTGTTG-1",0
"CTGCTGTAGTACCGGA-1",1.58063191318502
"CTGCTGTAGTGGAGAA-1",1.68989523212849
"CTGCTGTCACATCTTT-1",3.75148981059222
"CTGCTGTGTTAAAGAC-1",0
"CTGCTGTTCTCCAACC-1",0
"CTGCTGTTCTTACCGC-1",0
"CTGGTCTAGCGTTGCC-1",1.49278393904348
"CTGGTCTAGGACAGCT-1",0
"CTGGTCTAGGGCTTGA-1",1.28776377828259
"CTGGTCTAGTCGAGTG-1",0
"CTGGTCTCAAAGGAAG-1",0
"CTGGTCTCACCAGTTA-1",0
"CTGGTCTGTACCTACA-1",1.41399611329836
"CTGGTCTGTACGCTGC-1",0
"CTGGTCTGTCCGCTGA-1",1.68989523212849
"CTGGTCTGTCCGTTAA-1",1.77487760908237
"CTGGTCTGTTCATGGT-1",0
"CTGGTCTGTTCGTGAT-1",0
"CTGGTCTTCAACGGGA-1",0
"CTGGTCTTCACTTACT-1",0
"CTGGTCTTCTTACCTA-1",2.13566668433679
"CTGTGCTGTATATCCG-1",0
"CTGTGCTGTCATCCCT-1",1.84807577775508
"CTGTGCTGTCCCTACT-1",1.8116156410013
"CTGTGCTGTCGGCACT-1",0
"CTGTGCTTCCATTCTA-1",0
"CTGTTTAAGAAACCGC-1",0
"CTGTTTAAGATCGATA-1",2.00564269809515
"CTGTTTAAGGAGTTGC-1",1.76718820849755
"CTGTTTAGTCAAAGCG-1",2.13566668433679
"CTGTTTATCAGCCTAA-1",0
"CTGTTTATCATTTGGG-1",0
"CTGTTTATCTCCAGGG-1",0
"CTGTTTATCTCTTGAT-1",1.65546109680231
"CTGTTTATCTTCTGGC-1",3.29191578892007
"CTTAACTAGCCAGTAG-1",1.60180185878519
"CTTAACTAGGCTCTTA-1",0
"CTTAACTAGGTGCACA-1",3.29191578892007
"CTTAACTAGTCTCGGC-1",0
"CTTACCGAGCGCTTAT-1",3.13789848972927
"CTTACCGAGGCTACGA-1",0
"CTTACCGCAGATCTGT-1",0
"CTTACCGCAGTCAGAG-1",1.28776377828259
"CTTACCGGTCCTGCTT-1",0
"CTTACCGGTCGCCATG-1",1.67775140648335
"CTTACCGGTCTACCTC-1",0
"CTTACCGTCGGACAAG-1",1.79510060163789
"CTTAGGAAGCCCAACC-1",1.84403241487607
"CTTAGGACACGACGAA-1",0
"CTTAGGAGTTATGTGC-1",0
"CTTAGGATCCCATTTA-1",0
"CTTAGGATCTTTACAC-1",1.66027520171672
"CTTCTCTAGAACTCGG-1",1.8409030527332
"CTTCTCTAGAGTGAGA-1",1.89553501908368
"CTTCTCTAGCAGGCTA-1",0
"CTTCTCTAGTTAACGA-1",1.51040875805983
"CTTCTCTCAAAGGTGC-1",0
"CTTCTCTGTAACGACG-1",0
"CTTCTCTGTGCATCTA-1",0
"CTTCTCTTCGAGCCCA-1",0
"CTTGGCTAGCGATATA-1",1.93603268455258
"CTTGGCTAGTACGTTC-1",0
"CTTGGCTCATTACCTT-1",0
"CTTGGCTGTCTCCATC-1",0
"CTTGGCTTCCCTAATT-1",0
"CTTGGCTTCGCGTAGC-1",1.79510060163789
"CTTGGCTTCTCGTTTA-1",0
"CTTTGCGAGCAAATCA-1",0
"CTTTGCGAGCGTTCCG-1",1.65546109680231
"CTTTGCGAGTATCTCG-1",0
"CTTTGCGCAATTCCTT-1",0
"CTTTGCGCACTTAAGC-1",0
"CTTTGCGCAGACGCAA-1",0
"CTTTGCGGTAGAGGAA-1",0
"CTTTGCGTCCAGGGCT-1",0
"GAAACTCAGAGACGAA-1",1.89553501908368
"GAAACTCAGAGGTTAT-1",0
"GAAACTCAGCAGCCTC-1",0
"GAAACTCAGCCCAGCT-1",0
"GAAACTCAGCTAAACA-1",4.31814377274523
"GAAACTCAGTGCTGCC-1",0
"GAAACTCCAAGCCCAC-1",3.88904110388816
"GAAACTCCACATGACT-1",1.77487760908237
"GAAACTCCAGACACTT-1",1.56220326605152
"GAAACTCCATGGATGG-1",0
"GAAACTCGTACTCGCG-1",2.00231072315989
"GAAACTCGTAGCGATG-1",0
"GAAACTCGTGTGAAAT-1",1.70299123288682
"GAAACTCGTTTGTGTG-1",0
"GAAATGAAGCCAGTTT-1",1.59770199151674
"GAAATGAAGCTAGTCT-1",0
"GAAATGAAGTACGTAA-1",0
"GAAATGATCATGCTCC-1",0
"GAAATGATCCTCGCAT-1",0
"GAACATCAGATGGCGT-1",1.59770199151674
"GAACATCCAACAACCT-1",0
"GAACATCCACATCTTT-1",1.67775140648335
"GAACATCCACCTATCC-1",0
"GAACATCCACGGACAA-1",0
"GAACATCCATGCTAGT-1",3.83005164095063
"GAACATCGTACGACCC-1",0
"GAACATCGTGGACGAT-1",0
"GAACATCGTTCCCGAG-1",3.61690356616575
"GAACATCTCCAAGTAC-1",1.89553501908368
"GAACATCTCGATCCCT-1",0
"GAACATCTCTCCAACC-1",0
"GAACCTAAGAACTGTA-1",1.39134050249977
"GAACCTAAGAGCAATT-1",0
"GAACCTAAGCCAGTAG-1",0
"GAACCTACAAGGACAC-1",2.35709500583626
"GAACCTACAGACACTT-1",0
"GAACCTAGTACCAGTT-1",1.66027520171672
"GAACCTAGTGTCAATC-1",0
"GAACCTATCACGATGT-1",1.93603268455258
"GAACGGAAGACGCAAC-1",0
"GAACGGAAGTAATCCC-1",0
"GAACGGAAGTCAATAG-1",0
"GAACGGAAGTGGACGT-1",0
"GAACGGACACAGCGTC-1",1.74344089195725
"GAACGGACACCTCGTT-1",1.6802341060118
"GAACGGACACTTAACG-1",0
"GAACGGAGTAGCGTAG-1",0
"GAACGGAGTCAGAGGT-1",1.85078388857223
"GAACGGAGTGGCGAAT-1",0
"GAACGGATCACTCCTG-1",0
"GAACGGATCCACGAAT-1",0
"GAACGGATCGTAGGAG-1",0
"GAACGGATCTGTCAAG-1",0
"GAAGCAGAGACTAAGT-1",0
"GAAGCAGAGAGACGAA-1",1.60180185878519
"GAAGCAGAGCCACGCT-1",0
"GAAGCAGAGTTCGCGC-1",0
"GAAGCAGCAATCCGAT-1",1.49278393904348
"GAAGCAGCAGATCTGT-1",1.4911814428667
"GAAGCAGCAGATGAGC-1",0
"GAAGCAGCATGAACCT-1",0
"GAAGCAGCATGGAATA-1",2.01629094581711
"GAAGCAGGTAACGCGA-1",0
"GAAGCAGGTCATACTG-1",0
"GAAGCAGTCCTAGTGA-1",0
"GAAGCAGTCTTATCTG-1",0
"GAATAAGCAAGGTGTG-1",0
"GAATAAGCAGACAAGC-1",0
"GAATAAGCATGCAACT-1",1.72311168315317
"GAATAAGGTCCGTTAA-1",0
"GAATAAGGTGAGTGAC-1",1.51040875805983
"GAATAAGGTTCCCTTG-1",0
"GAATAAGTCGTTTAGG-1",0
"GAATGAAAGAGTCTGG-1",0
"GAATGAAAGCTTATCG-1",0
"GAATGAAAGGCATGTG-1",1.9179810120487
"GAATGAACAAACGCGA-1",0
"GAATGAACAGTGAGTG-1",3.61690356616575
"GAATGAACATCATCCC-1",0
"GAATGAAGTCAACATC-1",1.49278393904348
"GAATGAAGTCTCACCT-1",1.65546109680231
"GAATGAAGTGGCAAAC-1",2.90612049618071
"GAATGAAGTTGCGTTA-1",1.56220326605152
"GAATGAATCAGTTAGC-1",0
"GAATGAATCCTGCCAT-1",0.870344147873255
"GACACGCAGACGCACA-1",0
"GACACGCAGAGTAATC-1",2.14493407592794
"GACACGCAGCCAACAG-1",0
"GACACGCAGGAGTTTA-1",2.19366380648398
"GACACGCAGGGCATGT-1",0
"GACACGCAGGTGCACA-1",0
"GACACGCAGTCCAGGA-1",0
"GACACGCAGTGGGATC-1",1.28776377828259
"GACACGCAGTGGGTTG-1",0
"GACACGCCAAGCGTAG-1",0.870344147873255
"GACACGCCAAGGACAC-1",0
"GACACGCCAGACGCTC-1",2.13566668433679
"GACACGCCATCCTTGC-1",0
"GACACGCGTTCACGGC-1",0
"GACACGCTCATGTAGC-1",0
"GACAGAGAGTACGATA-1",1.65546109680231
"GACAGAGCAACGATCT-1",1.30415213556407
"GACAGAGCAAGTCTAC-1",2.62615392477935
"GACAGAGCAGCTCCGA-1",0
"GACAGAGCAGCTGGCT-1",2.80347443359135
"GACAGAGTCAAACAAG-1",0
"GACAGAGTCAGAGACG-1",0
"GACAGAGTCCTTCAAT-1",0
"GACAGAGTCCTTGCCA-1",0
"GACAGAGTCTTCATGT-1",1.5800194241723
"GACCAATAGAAGGGTA-1",0
"GACCAATAGCTACCGC-1",1.76718820849755
"GACCAATAGCTACCTA-1",0
"GACCAATCAGGTGCCT-1",0
"GACCAATCATGCGCAC-1",0
"GACCAATGTACAGTTC-1",0
"GACCAATGTCGCTTCT-1",0
"GACCAATTCCGATATG-1",1.80947696635039
"GACCAATTCGAATGGG-1",0
"GACCAATTCGTCACGG-1",1.84807577775508
"GACCTGGCATCACAAC-1",0
"GACCTGGCATGTCTCC-1",0
"GACCTGGCATTGGCGC-1",1.81742202314284
"GACCTGGGTAAAGGAG-1",0
"GACCTGGGTCCAGTTA-1",0
"GACCTGGGTGCAGTAG-1",1.51040875805983
"GACCTGGTCATAGCAC-1",0
"GACCTGGTCCTTGCCA-1",1.82315514601964
"GACCTGGTCGCATGAT-1",1.89553501908368
"GACCTGGTCGTCACGG-1",1.63321559807939
"GACGCGTAGTGGTAAT-1",1.2133165770732
"GACGCGTAGTTGTAGA-1",0
"GACGCGTGTAAAGGAG-1",1.30415213556407
"GACGCGTGTGTGAAAT-1",0
"GACGCGTGTTAAGACA-1",0
"GACGCGTTCAAACCGT-1",0
"GACGCGTTCCAAATGC-1",1.28776377828259
"GACGCGTTCCGCGGTA-1",1.8116156410013
"GACGCGTTCCTACAGA-1",3.07827908851564
"GACGCGTTCTCCGGTT-1",0
"GACGGCTAGAAGATTC-1",1.9179810120487
"GACGGCTAGAGCTGGT-1",1.79510060163789
"GACGGCTCAAGGTTTC-1",1.72311168315317
"GACGGCTCACCGCTAG-1",0
"GACGGCTCATGAACCT-1",0
"GACGGCTCATGCAACT-1",0
"GACGGCTGTGTGTGCC-1",0
"GACGGCTGTTATGTGC-1",0
"GACGGCTGTTTGGCGC-1",0
"GACGGCTTCTATCGCC-1",1.39134050249977
"GACGTGCAGGCAAAGA-1",0
"GACGTGCAGGGTGTGT-1",0
"GACGTGCAGGTGTTAA-1",2.42187281397639
"GACGTGCCAGGTCGTC-1",1.89553501908368
"GACGTGCGTAACGTTC-1",0
"GACGTGCTCACCTCGT-1",0
"GACGTTAAGCTACCGC-1",2.82535983370175
"GACGTTAAGGCAAAGA-1",0
"GACGTTAAGTCAAGCG-1",0
"GACGTTACAAGCCATT-1",0
"GACGTTACAAGGTTTC-1",0
"GACGTTACAGACACTT-1",2.82535983370175
"GACGTTAGTATCTGCA-1",1.8409030527332
"GACGTTAGTTTGACAC-1",3.58361382122852
"GACGTTAGTTTGACTG-1",0
"GACGTTATCACAGGCC-1",0
"GACGTTATCATTGCGA-1",1.93603268455258
"GACGTTATCCCGGATG-1",1.8116156410013
"GACGTTATCCGAAGAG-1",0
"GACGTTATCGCGTTTC-1",0
"GACGTTATCTGTCCGT-1",0
"GACTAACAGACAGAGA-1",0
"GACTAACAGTGGAGAA-1",1.86539945915656
"GACTAACCAAATCCGT-1",1.84403241487607
"GACTAACGTCTAGTCA-1",1.1851503914433
"GACTAACGTGCAACTT-1",0
"GACTAACGTTCAGACT-1",2.87831433821652
"GACTAACTCCTTTCTC-1",1.59770199151674
"GACTAACTCTTGCCGT-1",1.51040875805983
"GACTAACTCTTTACAC-1",0
"GACTACAAGATATGGT-1",0
"GACTACACAAATCCGT-1",0
"GACTACAGTGCTGTAT-1",0
"GACTACATCAGCCTAA-1",2.14560021193091
"GACTACATCAGGTAAA-1",0
"GACTACATCTGCAGTA-1",1.5800194241723
"GACTGCGAGCGTAGTG-1",0
"GACTGCGAGTTGTAGA-1",0
"GACTGCGCACTTAACG-1",0
"GACTGCGCATGTTCCC-1",0
"GACTGCGGTACGCACC-1",1.63321559807939
"GACTGCGGTTCTCATT-1",0
"GACTGCGTCAACACAC-1",0
"GACTGCGTCACGACTA-1",0
"GACTGCGTCGCCCTTA-1",0
"GACTGCGTCTCAAACG-1",0
"GAGCAGAGTAGGGTAC-1",0
"GAGCAGAGTCAGATAA-1",0
"GAGCAGAGTCATATGC-1",2.14560021193091
"GAGCAGAGTGAGCGAT-1",0
"GAGCAGAGTGTAACGG-1",0
"GAGCAGAGTGTGACCC-1",0
"GAGCAGAGTTCGGGCT-1",0
"GAGCAGAGTTTAAGCC-1",2.62615392477935
"GAGCAGAGTTTGCATG-1",0
"GAGGTGAAGCAACGGT-1",0
"GAGGTGAAGGCTCTTA-1",0
"GAGGTGAAGTGGTAGC-1",0
"GAGGTGAAGTTGTAGA-1",1.8116156410013
"GAGGTGACACTGTCGG-1",0
"GAGGTGACATCCTTGC-1",1.89553501908368
"GAGGTGACATGCATGT-1",1.61168168290827
"GAGGTGAGTACCTACA-1",0
"GAGGTGAGTCATTAGC-1",0
"GAGGTGAGTTCCTCCA-1",0
"GAGGTGATCATCGCTC-1",0
"GAGGTGATCTAGAGTC-1",0
"GAGGTGATCTCTAGGA-1",0
"GAGGTGATCTGCTGTC-1",0
"GAGGTGATCTGGGCCA-1",1.79092662167429
"GAGTCCGAGGACAGAA-1",0
"GAGTCCGAGGCATGTG-1",0
"GAGTCCGAGGCGTACA-1",3.75932842407365
"GAGTCCGCAAACCCAT-1",0
"GAGTCCGGTCAAGCGA-1",3.79157680370527
"GAGTCCGGTGACCAAG-1",0
"GAGTCCGGTGACTCAT-1",1.68989523212849
"GAGTCCGGTGTGACCC-1",0
"GAGTCCGGTTCGGGCT-1",1.72311168315317
"GAGTCCGGTTTGCATG-1",1.80947696635039
"GAGTCCGTCGGCGCAT-1",0
"GAGTCCGTCTGATTCT-1",1.79510060163789
"GATCAGTAGATGTCGG-1",0
"GATCAGTAGTGGTAGC-1",2.62615392477935
"GATCAGTGTATATGAG-1",0
"GATCAGTGTCTGCGGT-1",0
"GATCAGTGTTATGCGT-1",2.87831433821652
"GATCAGTGTTGTACAC-1",0
"GATCGATAGAATGTTG-1",0
"GATCGATAGAGCTGCA-1",0
"GATCGATAGCATGGCA-1",1.85078388857223
"GATCGATCAAGCGAGT-1",0
"GATCGATCAAGCGTAG-1",0
"GATCGATGTCAACATC-1",0
"GATCGATGTTGCCTCT-1",0
"GATCGATTCCGCATCT-1",0
"GATCGCGAGATAGTCA-1",0
"GATCGCGAGCCTTGAT-1",1.58063191318502
"GATCGCGAGGAGCGTT-1",0
"GATCGCGCAGGTCGTC-1",1.41399611329836
"GATCGCGGTACAGCAG-1",1.60180185878519
"GATCGCGGTGAGTATA-1",0
"GATCGCGGTTGTCGCG-1",1.9179810120487
"GATCGCGTCACTCCTG-1",0
"GATCGTAAGACATAAC-1",0.870344147873255
"GATCGTAAGCTCAACT-1",3.61690356616575
"GATCGTACATAACCTG-1",0
"GATCGTAGTGGCTCCA-1",0
"GATCGTATCATATCGG-1",1.84403241487607
"GATCGTATCATGTCCC-1",0
"GATCGTATCTTACCGC-1",0
"GATCTAGAGCGTCTAT-1",1.72311168315317
"GATCTAGAGTGGAGAA-1",0
"GATCTAGCAACACCTA-1",0
"GATCTAGCAAGGGTCA-1",1.2133165770732
"GATCTAGGTCTAAAGA-1",3.00203669896295
"GATCTAGGTCTCACCT-1",1.9179810120487
"GATCTAGGTCTCTTTA-1",0
"GATCTAGTCACATAGC-1",0
"GATCTAGTCTAAGCCA-1",0
"GATGAAAAGAGTAATC-1",0
"GATGAAAAGCTCCCAG-1",0
"GATGAAACACGGTAGA-1",2.42187281397639
"GATGAAACAGCTGTAT-1",1.6802341060118
"GATGAAAGTGGGTATG-1",0.870344147873255
"GATGAAATCACCCTCA-1",0
"GATGAAATCACTCCTG-1",1.9179810120487
"GATGAAATCAGCAACT-1",0
"GATGAAATCGAGAGCA-1",0
"GATGAGGAGATCCCGC-1",0
"GATGAGGAGTTCGATC-1",0
"GATGAGGCACCAGTTA-1",0
"GATGAGGGTATCACCA-1",0
"GATGAGGGTATTCGTG-1",3.68516922054625
"GATGAGGGTCGCGTGT-1",1.41399611329836
"GATGAGGGTGATGATA-1",3.00203669896295
"GATGAGGTCACAGGCC-1",0
"GATGAGGTCACATAGC-1",0
"GATGAGGTCCCTTGTG-1",0
"GATGAGGTCTGCTGTC-1",0
"GATGCTAAGACTAAGT-1",0
"GATGCTAAGGATGCGT-1",0
"GATGCTAAGGCTCTTA-1",0
"GATGCTAAGGGAACGG-1",1.93603268455258
"GATGCTAAGTATCTCG-1",0
"GATGCTAAGTCTCGGC-1",1.46122980539364
"GATGCTACATGTTGAC-1",0
"GATGCTACATTGCGGC-1",0
"GATGCTAGTCTCCATC-1",0
"GATGCTAGTGGAAAGA-1",0
"GATGCTAGTTAGGGTG-1",0
"GATGCTATCCTGTACC-1",0
"GATGCTATCGGCGCTA-1",0
"GATTCAGAGAAACCTA-1",0
"GATTCAGAGAGTGACC-1",0
"GATTCAGAGATTACCC-1",1.51040875805983
"GATTCAGAGGGTCGAT-1",0
"GATTCAGAGGTCGGAT-1",0
"GATTCAGAGTCAATAG-1",1.80947696635039
"GATTCAGCAAGTTGTC-1",0.870344147873255
"GATTCAGCAATTCCTT-1",1.2133165770732
"GATTCAGCAGGGTACA-1",0
"GATTCAGCATCGACGC-1",0
"GATTCAGCATTATCTC-1",0
"GATTCAGGTAAATACG-1",2.62615392477935
"GATTCAGTCAACTCTT-1",0
"GCAAACTAGATGTTAG-1",0
"GCAAACTAGTCATGCT-1",1.89553501908368
"GCAAACTAGTCTCAAC-1",1.74344089195725
"GCAAACTCACAGGTTT-1",0
"GCAAACTGTCAGATAA-1",0
"GCAAACTGTCTCCATC-1",0
"GCAAACTTCGTGGTCG-1",0
"GCAATCAAGGGATCTG-1",0
"GCAATCAAGTATCTCG-1",1.66027520171672
"GCAATCAAGTGGGTTG-1",0
"GCAATCACAGCTTAAC-1",0
"GCAATCACATGTCGAT-1",0
"GCAATCACATTCCTCG-1",0
"GCAATCAGTAGGAGTC-1",0
"GCAATCAGTATAATGG-1",0
"GCAATCAGTTCTCATT-1",0
"GCAATCAGTTCTGGTA-1",1.46122980539364
"GCACATAAGAGCTATA-1",1.82315514601964
"GCACATAAGATGTTAG-1",0
"GCACATAAGCCTTGAT-1",0
"GCACATAAGGAGTACC-1",1.81742202314284
"GCACATAAGTGAAGTT-1",0
"GCACATACACCACGTG-1",0
"GCACATACAGCTGTAT-1",0
"GCACATACAGGAACGT-1",0
"GCACATAGTCATCGGC-1",2.19366380648398
"GCACATAGTCCGAATT-1",0
"GCACATAGTCTCTTTA-1",0
"GCACATAGTGCGCTTG-1",0
"GCACATATCACCTCGT-1",0
"GCACATATCTGGTTCC-1",2.01629094581711
"GCACTCTCAAGACACG-1",0
"GCACTCTCAATCACAC-1",2.81361236231799
"GCACTCTCATTTCAGG-1",0
"GCACTCTGTAAACCTC-1",0
"GCACTCTGTACCAGTT-1",1.39134050249977
"GCACTCTGTAGAAAGG-1",0
"GCACTCTGTCGAACAG-1",0
"GCACTCTGTCTAGGTT-1",1.2133165770732
"GCACTCTTCAACTCTT-1",0
"GCACTCTTCCCTAATT-1",1.1851503914433
"GCACTCTTCTGCCCTA-1",0
"GCAGCCAAGCTGATAA-1",0
"GCAGCCACATGAGCGA-1",0
"GCAGCCAGTAATCGTC-1",0
"GCAGCCAGTGTCGCTG-1",0
"GCAGCCATCAGTTGAC-1",0
"GCAGCCATCCCAACGG-1",1.80947696635039
"GCAGCCATCCGTACAA-1",0
"GCAGTTAAGTCCATAC-1",0
"GCAGTTAAGTCCGTAT-1",0
"GCAGTTAAGTTAACGA-1",1.82315514601964
"GCAGTTAGTGGACGAT-1",3.66141843169706
"GCAGTTAGTTATTCTC-1",1.68989523212849
"GCAGTTATCGCGATCG-1",0
"GCATACAAGATCTGCT-1",2.80347443359135
"GCATACAAGCAACGGT-1",0
"GCATACACAACGCACC-1",1.30415213556407
"GCATACACAAGGACTG-1",0
"GCATACACAAGTCTGT-1",0
"GCATACACAGTCAGCC-1",0
"GCATACACATCCTAGA-1",0
"GCATACACATCGGAAG-1",0
"GCATACAGTCCGAACC-1",0
"GCATACAGTTCTGGTA-1",0
"GCATACATCCACGACG-1",1.85078388857223
"GCATGATAGAATGTTG-1",0
"GCATGATAGAGTAATC-1",1.5800194241723
"GCATGATAGCTGATAA-1",0
"GCATGATAGGACCACA-1",0
"GCATGATAGGCTAGCA-1",0
"GCATGATAGTCAAGCG-1",0
"GCATGATAGTGGAGAA-1",2.81361236231799
"GCATGATCACACCGAC-1",0
"GCATGATCACATTTCT-1",0
"GCATGATGTCCCTACT-1",0
"GCATGATGTTGCGCAC-1",1.82315514601964
"GCATGATTCGTGGACC-1",1.59770199151674
"GCATGCGAGCATGGCA-1",0
"GCATGCGAGTCCAGGA-1",3.61690356616575
"GCATGCGCACTGCCAG-1",0
"GCATGCGGTAAGGATT-1",2.01629094581711
"GCATGCGGTCCTCTTG-1",1.78265118401869
"GCATGCGGTGTGAAAT-1",0
"GCATGCGTCCGCGGTA-1",1.51040875805983
"GCATGTAAGAACTGTA-1",0
"GCATGTAAGACAGACC-1",0
"GCATGTAAGTACTTGC-1",2.82535983370175
"GCATGTAAGTGCAAGC-1",0
"GCATGTACAACACGCC-1",0
"GCATGTATCACGAAGG-1",0
"GCCAAATCAAACTGTC-1",0
"GCCAAATCAAGGGTCA-1",0
"GCCAAATCAAGTTCTG-1",1.77487760908237
"GCCAAATCATAACCTG-1",1.58063191318502
"GCCAAATGTATAAACG-1",0
"GCCAAATGTGTTTGGT-1",2.81361236231799
"GCCAAATGTTTCGCTC-1",1.56220326605152
"GCCAAATTCAGGTAAA-1",2.00065018203098
"GCCAAATTCCGAGCCA-1",0
"GCCAAATTCCGCGGTA-1",2.35105865117698
"GCCAAATTCGGCTACG-1",1.93603268455258
"GCCTCTAAGAGTACCG-1",1.56220326605152
"GCCTCTAAGCCATCGC-1",0
"GCCTCTAAGCCGCCTA-1",0
"GCCTCTAAGCGATAGC-1",0
"GCCTCTAAGCTGCAAG-1",0
"GCCTCTAAGCTTCGCG-1",1.2133165770732
"GCCTCTAAGTCACGCC-1",0
"GCCTCTACAAGACGTG-1",0
"GCCTCTACAGCTATTG-1",0
"GCCTCTAGTAAGGATT-1",1.59770199151674
"GCCTCTAGTGATGATA-1",0
"GCCTCTAGTTAAGGGC-1",0
"GCCTCTATCAGCGACC-1",0
"GCCTCTATCCGATATG-1",1.67775140648335
"GCCTCTATCGAATCCA-1",0
"GCCTCTATCGAGCCCA-1",0
"GCCTCTATCGCTGATA-1",0
"GCCTCTATCTTTAGGG-1",0
"GCGACCAAGAGGTTAT-1",0
"GCGACCACACTTACGA-1",0
"GCGACCAGTCAGGACA-1",0
"GCGACCAGTCTAGAGG-1",1.1851503914433
"GCGACCATCAACGGGA-1",0
"GCGACCATCCCGGATG-1",0
"GCGACCATCTACTCAT-1",0
"GCGAGAAAGGTTCCTA-1",0
"GCGAGAAAGTACGATA-1",0
"GCGAGAAAGTGTCTCA-1",0
"GCGAGAACAAGCCCAC-1",0
"GCGAGAACACTGAAGG-1",1.9179810120487
"GCGAGAAGTAGCGCTC-1",0
"GCGAGAAGTCCCTACT-1",0
"GCGAGAATCCTTTCGG-1",0
"GCGAGAATCGAGAGCA-1",0
"GCGAGAATCGCACTCT-1",0
"GCGCAACAGTCCTCCT-1",1.72311168315317
"GCGCAACAGTGTACGG-1",0
"GCGCAACCAAGTCTGT-1",1.30415213556407
"GCGCAACCAGCCACCA-1",0
"GCGCAACGTAGCGCTC-1",0
"GCGCAACGTCCCTTGT-1",0
"GCGCAACGTCCTAGCG-1",0
"GCGCAACGTCGACTAT-1",1.8116156410013
"GCGCAACGTCTAGAGG-1",0
"GCGCAACTCAATACCG-1",0
"GCGCAGTCACATCCAA-1",0
"GCGCAGTCATTACCTT-1",0
"GCGCAGTGTTAGGGTG-1",0
"GCGCAGTTCGATCCCT-1",0
"GCGCAGTTCGCGGATC-1",1.87049181002277
"GCGCCAAAGACATAAC-1",0
"GCGCCAAAGGACAGCT-1",0
"GCGCCAAAGGCCCTTG-1",2.35191829274565
"GCGCCAAAGGGCTTCC-1",0
"GCGCCAAAGGTACTCT-1",1.63321559807939
"GCGCCAACATAACCTG-1",0
"GCGCCAACATTGGGCC-1",1.86539945915656
"GCGCCAAGTACTTGAC-1",2.35709500583626
"GCGCCAAGTCGGCACT-1",0
"GCGCCAAGTGAAAGAG-1",0
"GCGCCAAGTTGTACAC-1",0
"GCGCCAATCCGTTGCT-1",0
"GCGCGATAGAAGGTTT-1",1.93603268455258
"GCGCGATAGCAGGTCA-1",1.61168168290827
"GCGCGATAGTGAATTG-1",0
"GCGCGATAGTTTGCGT-1",1.82315514601964
"GCGCGATCAGCTCGAC-1",0
"GCGCGATGTAAGTAGT-1",1.89553501908368
"GCGCGATGTCACTTCC-1",1.86539945915656
"GCGCGATGTTACCAGT-1",0
"GCGCGATTCAGTTAGC-1",0
"GCGCGATTCGTTTAGG-1",0
"GCGGGTTAGAAACGAG-1",1.56220326605152
"GCGGGTTAGCTATGCT-1",0
"GCGGGTTAGTGTGAAT-1",1.46122980539364
"GCGGGTTCACGCGAAA-1",0
"GCGGGTTCAGGCAGTA-1",0
"GCGGGTTCAGTAACGG-1",2.35105865117698
"GCGGGTTGTGAGTATA-1",0
"GCGGGTTGTGGCGAAT-1",0
"GCGGGTTTCCAAAGTC-1",1.39134050249977
"GCGGGTTTCCTTTCTC-1",1.84403241487607
"GCGGGTTTCTCCAACC-1",0
"GCGGGTTTCTTGAGGT-1",0
"GCGGGTTTCTTGTATC-1",0
"GCTCCTACAAACTGTC-1",0
"GCTCCTACACCAGGTC-1",1.86539945915656
"GCTCCTACACCGATAT-1",3.66141843169706
"GCTCCTACAGGGTACA-1",2.80347443359135
"GCTCCTACATTAGCCA-1",0
"GCTCCTAGTCAGGACA-1",0
"GCTCCTAGTCCGTCAG-1",0
"GCTCCTATCAGCCTAA-1",1.72311168315317
"GCTCCTATCCCTAATT-1",0
"GCTCTGTAGAGGTAGA-1",1.84403241487607
"GCTCTGTAGCTGAACG-1",0
"GCTCTGTAGGAGTCTG-1",0
"GCTCTGTAGTGCTGCC-1",1.93603268455258
"GCTCTGTAGTGGACGT-1",0
"GCTCTGTTCACCTCGT-1",0
"GCTGCAGAGCGTGAGT-1",0
"GCTGCAGAGTCAAGCG-1",0
"GCTGCAGAGTCCCACG-1",1.87049181002277
"GCTGCAGCAATTGCTG-1",0
"GCTGCAGCATGCCCGA-1",1.86539945915656
"GCTGCAGCATGCCTAA-1",2.01629094581711
"GCTGCAGGTAAACCTC-1",0
"GCTGCAGGTACGAAAT-1",0
"GCTGCAGGTAGCGCAA-1",0
"GCTGCAGGTCACCCAG-1",0
"GCTGCAGGTCATGCCG-1",0
"GCTGCGAAGGAATGGA-1",0
"GCTGCGAGTCTAACGT-1",0
"GCTGCGAGTGTTTGGT-1",1.35183456833378
"GCTGCGATCTCCTATA-1",1.77487760908237
"GCTGCGATCTTGTTTG-1",0
"GCTGCTTAGAATTGTG-1",0
"GCTGCTTAGGCAATTA-1",0
"GCTGCTTCATCACGTA-1",0
"GCTGCTTCATCCAACA-1",0
"GCTGCTTCATGCCTAA-1",0
"GCTGCTTCATGGTCAT-1",1.8409030527332
"GCTGCTTGTAACGACG-1",0
"GCTGCTTGTAATCGTC-1",0
"GCTGCTTGTAGGGACT-1",0
"GCTGCTTGTGAAAGAG-1",2.14493407592794
"GCTGCTTTCCGGGTGT-1",0
"GCTGGGTAGACCCACC-1",0
"GCTGGGTAGCCACGCT-1",0
"GCTGGGTAGTCGCCGT-1",0
"GCTGGGTAGTCTCAAC-1",0
"GCTGGGTCACGGCTAC-1",2.62615392477935
"GCTGGGTCAGCCAATT-1",0
"GCTGGGTGTACAGTTC-1",1.84807577775508
"GCTGGGTGTACCGTTA-1",0
"GCTGGGTGTCGAGTTT-1",0
"GCTGGGTGTCTCCACT-1",2.00564269809515
"GCTGGGTGTGCCTGTG-1",0
"GCTGGGTTCAGCTTAG-1",2.00564269809515
"GCTGGGTTCCTTAATC-1",0
"GCTTCCAAGAAACCTA-1",1.67775140648335
"GCTTCCACACCACCAG-1",0
"GCTTCCACAGGTCGTC-1",3.68516922054625
"GCTTCCACAGTGAGTG-1",0
"GCTTCCAGTATAGGTA-1",0
"GCTTCCAGTTCAGCGC-1",0
"GCTTCCATCGTCCAGG-1",1.85078388857223
"GCTTGAAAGATGGCGT-1",0
"GCTTGAAAGCCGTCGT-1",0
"GCTTGAACAAACCTAC-1",0
"GCTTGAACACGGTGTC-1",1.8116156410013
"GCTTGAACATCGGAAG-1",0
"GCTTGAAGTGCGGTAA-1",0
"GCTTGAAGTTCTCATT-1",0
"GCTTGAATCAGGATCT-1",0
"GGAAAGCAGGCAGGTT-1",1.85078388857223
"GGAAAGCCAAACGCGA-1",0
"GGAAAGCCAAGTACCT-1",0
"GGAAAGCGTAAGCACG-1",0
"GGAAAGCGTCCTCCAT-1",0
"GGAAAGCGTCGCGTGT-1",0
"GGAAAGCGTGCTTCTC-1",0
"GGAAAGCTCCAGAGGA-1",1.65546109680231
"GGAACTTAGAGTAAGG-1",1.79092662167429
"GGAACTTCAATGTAAG-1",0
"GGAACTTCACAGGAGT-1",0
"GGAACTTCACCTCGTT-1",0
"GGAACTTGTCTCTTTA-1",0
"GGAACTTTCATTGCCC-1",0
"GGAACTTTCATTTGGG-1",3.61690356616575
"GGAACTTTCCGTCATC-1",1.70299123288682
"GGAACTTTCCTCAACC-1",2.00231072315989
"GGAACTTTCGGATGTT-1",2.13566668433679
"GGAATAAAGGTACTCT-1",0
"GGAATAAAGTGTCCAT-1",0
"GGAATAACAGCGTCCA-1",0
"GGAATAAGTCTGGTCG-1",0
"GGAATAAGTGCAGGTA-1",2.14560021193091
"GGAATAATCAGCACAT-1",0
"GGAATAATCTTTACGT-1",0
"GGACAAGAGGTACTCT-1",0
"GGACAAGCAACGATGG-1",0
"GGACAAGCAGTCGTGC-1",0
"GGACAAGCATGGGACA-1",0
"GGACAAGGTATAAACG-1",0
"GGACAAGGTATGAAAC-1",0
"GGACAAGGTCGGCATC-1",0
"GGACAAGGTTATGCGT-1",0
"GGACAAGTCTAACGGT-1",0
"GGACAGAAGCTAGTCT-1",0
"GGACAGAAGTACTTGC-1",1.5800194241723
"GGACAGACAACACGCC-1",0
"GGACAGACACAAGCCC-1",0
"GGACAGAGTAAGTGGC-1",1.60180185878519
"GGACAGAGTCTTTCAT-1",2.13566668433679
"GGACAGAGTGAGGGAG-1",0
"GGACAGAGTTCCACAA-1",1.89553501908368
"GGACAGATCAACGCTA-1",0
"GGACATTAGAGGGCTT-1",0
"GGACATTAGCCACGTC-1",0
"GGACATTCAAACGCGA-1",3.07827908851564
"GGACATTCAATGACCT-1",0
"GGACATTCACCAGCAC-1",1.93603268455258
"GGACATTGTTCTGGTA-1",0
"GGACATTTCCTCTAGC-1",0
"GGACGTCAGTACTTGC-1",3.58361382122852
"GGACGTCAGTGGTAAT-1",0
"GGACGTCCACAGTCGC-1",0
"GGACGTCGTGAGGGAG-1",0
"GGACGTCGTGGCGAAT-1",1.1851503914433
"GGACGTCGTTACGGAG-1",1.9179810120487
"GGACGTCGTTTAAGCC-1",1.78265118401869
"GGACGTCTCCACTCCA-1",0
"GGACGTCTCGCAAACT-1",0
"GGACGTCTCTCCAGGG-1",1.84807577775508
"GGACGTCTCTCGAGTA-1",0
"GGACGTCTCTGGTGTA-1",0
"GGACGTCTCTTCGAGA-1",0
"GGAGCAAAGAACTCGG-1",0
"GGAGCAAAGACTGTAA-1",1.30415213556407
"GGAGCAAAGCCGCCTA-1",0
"GGAGCAAAGCTAAACA-1",0
"GGAGCAAAGTACGCCC-1",2.00564269809515
"GGAGCAACAAGCTGTT-1",0
"GGAGCAACAATGGACG-1",0
"GGAGCAACAATTCCTT-1",0
"GGAGCAACATGCTGGC-1",1.66027520171672
"GGAGCAAGTGAGTATA-1",0
"GGAGCAAGTTACTGAC-1",1.65546109680231
"GGAGCAATCAAGATCC-1",0
"GGAGCAATCCCATTTA-1",0
"GGATGTTCAAACTGTC-1",0
"GGATGTTTCATCACCC-1",0
"GGATGTTTCATGCATG-1",0
"GGATGTTTCCTACAGA-1",1.60180185878519
"GGATGTTTCCTCTAGC-1",0
"GGATTACAGATCCCAT-1",0
"GGATTACAGCTTCGCG-1",0
"GGATTACAGGCTAGCA-1",0
"GGATTACAGTATCTCG-1",1.74344089195725
"GGATTACCAAGCGTAG-1",0
"GGATTACCACATCCGG-1",0
"GGATTACCAGCGTAAG-1",0
"GGATTACGTAATAGCA-1",0
"GGATTACGTACACCGC-1",0
"GGATTACGTCTCTTTA-1",0
"GGATTACGTTGAGGTG-1",0
"GGATTACTCGCGCCAA-1",1.51040875805983
"GGATTACTCGGCGCAT-1",0
"GGATTACTCTGCCCTA-1",0
"GGCAATTCAATCGGTT-1",0
"GGCAATTCACGGCGTT-1",0
"GGCAATTCATCACCCT-1",0
"GGCAATTGTCGATTGT-1",0
"GGCAATTTCACTTACT-1",0
"GGCAATTTCAGCACAT-1",0
"GGCAATTTCTCCGGTT-1",0
"GGCCGATAGTGTCTCA-1",0
"GGCCGATCACGGACAA-1",1.68989523212849
"GGCCGATGTAGGACAC-1",0
"GGCCGATGTCACTGGC-1",0
"GGCCGATGTCCCTACT-1",1.2133165770732
"GGCCGATTCACCGTAA-1",0
"GGCCGATTCCGCGCAA-1",0
"GGCGACTAGAGCTGGT-1",1.87049181002277
"GGCGACTAGGACCACA-1",0
"GGCGACTAGGTTACCT-1",0
"GGCGACTCAAAGCGGT-1",0
"GGCGACTCAAGAGTCG-1",3.58361382122852
"GGCGACTCACCAGGTC-1",0
"GGCGACTCATTGTGCA-1",2.35709500583626
"GGCGACTTCAGAAATG-1",0
"GGCGACTTCAGAGACG-1",1.60180185878519
"GGCGACTTCCAGATCA-1",0
"GGCGACTTCTCTAGGA-1",0
"GGCGTGTAGCTAGCCC-1",0
"GGCGTGTAGGGTATCG-1",0
"GGCGTGTCAGGTCCAC-1",0
"GGCGTGTCAGTATAAG-1",0
"GGCGTGTCATCGTCGG-1",0
"GGCGTGTCATGGAATA-1",0
"GGCGTGTGTCTCCCTA-1",0
"GGCGTGTTCTTGAGGT-1",0
"GGCTCGAAGCCGTCGT-1",0
"GGCTCGAAGGTAAACT-1",1.56220326605152
"GGCTCGACAAGAAGAG-1",0
"GGCTCGACAATAGCAA-1",2.90612049618071
"GGCTCGACATGGTCAT-1",0
"GGCTCGAGTATATCCG-1",0
"GGCTCGAGTTACGTCA-1",0
"GGCTCGAGTTAGGGTG-1",0
"GGCTCGATCTGCAAGT-1",0
"GGCTGGTAGAAGAAGC-1",0
"GGCTGGTAGACCCACC-1",0
"GGCTGGTCAAGGACAC-1",3.29191578892007
"GGCTGGTCACTGCCAG-1",1.79092662167429
"GGCTGGTCATTTCAGG-1",2.00564269809515
"GGCTGGTGTATTCTCT-1",1.61168168290827
"GGCTGGTGTCGCATCG-1",1.56220326605152
"GGCTGGTGTCTAGTGT-1",1.65546109680231
"GGCTGGTGTTATGCGT-1",2.14493407592794
"GGGAATGAGCGTTGCC-1",0
"GGGAATGAGTAGGTGC-1",0
"GGGAATGGTAAGGGAA-1",0
"GGGAATGTCAACGAAA-1",2.35191829274565
"GGGAATGTCCAGTATG-1",1.59770199151674
"GGGAATGTCCGGGTGT-1",0
"GGGACCTAGATGTAAC-1",1.9179810120487
"GGGACCTAGTCTTGCA-1",0
"GGGACCTCAATCAGAA-1",0
"GGGACCTCACTGAAGG-1",2.81361236231799
"GGGAGATAGTACGACG-1",1.1851503914433
"GGGAGATCAAAGTGCG-1",0
"GGGAGATCAAATCCGT-1",0
"GGGAGATCAAGGACTG-1",0
"GGGAGATCACGCGAAA-1",1.76718820849755
"GGGAGATGTAGCGCAA-1",1.46122980539364
"GGGAGATTCAACGGGA-1",0
"GGGAGATTCATCACCC-1",2.00231072315989
"GGGATGAAGTGACATA-1",1.78265118401869
"GGGATGACATCATCCC-1",0
"GGGATGAGTCACCCAG-1",1.87049181002277
"GGGATGAGTGGAAAGA-1",0
"GGGATGAGTTACGACT-1",0
"GGGATGAGTTGGTAAA-1",0
"GGGATGATCAGTTAGC-1",1.5800194241723
"GGGATGATCTATCCTA-1",1.51040875805983
"GGGATGATCTTTAGGG-1",0
"GGGCACTAGTCTCGGC-1",2.00231072315989
"GGGCACTCATCTCCCA-1",0
"GGGCACTTCACCTCGT-1",0
"GGGCACTTCTGAGGGA-1",2.87831433821652
"GGGCATCCAATGTAAG-1",0
"GGGCATCCAGTCTTCC-1",0
"GGGCATCGTGGCGAAT-1",1.56220326605152
"GGGCATCTCACAGTAC-1",2.80347443359135
"GGGCATCTCCCTTGTG-1",1.67775140648335
"GGGCATCTCCGGCACA-1",0
"GGGCATCTCTGTCCGT-1",0
"GGGCATCTCTTATCTG-1",1.59770199151674
"GGGTCTGAGAAGATTC-1",0
"GGGTCTGAGATCCCGC-1",2.81361236231799
"GGGTCTGAGCCAACAG-1",2.00065018203098
"GGGTCTGCACAGGCCT-1",0
"GGGTCTGCACCAGGTC-1",0
"GGGTCTGGTCTGGTCG-1",0
"GGGTCTGGTGATGATA-1",0
"GGGTCTGGTGTGACCC-1",1.7000594688291
"GGGTCTGTCAACTCTT-1",1.45163986525757
"GGGTCTGTCACTCCTG-1",0
"GGGTCTGTCCGTAGTA-1",1.81742202314284
"GGGTTGCAGACAGAGA-1",2.62615392477935
"GGGTTGCAGACCTTTG-1",1.76718820849755
"GGGTTGCAGATCGATA-1",0
"GGGTTGCAGGGTGTTG-1",3.22659907763189
"GGGTTGCAGGTGGGTT-1",1.77487760908237
"GGGTTGCCAATAACGA-1",0
"GGGTTGCCACGCCAGT-1",0
"GGGTTGCCATTAACCG-1",0
"GGGTTGCGTACATCCA-1",0
"GGGTTGCGTAGCGCAA-1",2.82535983370175
"GGGTTGCGTCCTCCAT-1",0
"GGGTTGCGTCGAGTTT-1",0
"GGGTTGCGTGAGTATA-1",0
"GGGTTGCGTGTGACCC-1",0
"GGGTTGCTCGTACCGG-1",0
"GGTATTGAGCACCGTC-1",0
"GGTATTGAGCTATGCT-1",0
"GGTATTGCACATCCAA-1",0
"GGTATTGCAGCTTCGG-1",0
"GGTATTGGTTCCGTCT-1",1.81742202314284
"GGTATTGTCAGAAATG-1",0
"GGTATTGTCCATTCTA-1",0
"GGTATTGTCGCCAGCA-1",0
"GGTGAAGAGACACGAC-1",1.79510060163789
"GGTGAAGAGATCCGAG-1",0
"GGTGAAGCAAGGTGTG-1",0
"GGTGAAGCACTCGACG-1",0
"GGTGAAGCAGTATGCT-1",0
"GGTGAAGGTATGAAAC-1",1.30415213556407
"GGTGAAGGTCAGAATA-1",1.5800194241723
"GGTGAAGGTGGTACAG-1",0
"GGTGAAGGTGTATGGG-1",0
"GGTGAAGGTGTCTGAT-1",0
"GGTGAAGGTGTGGTTT-1",0
"GGTGAAGGTGTGTGCC-1",0
"GGTGAAGTCACGATGT-1",1.80947696635039
"GGTGAAGTCACTCTTA-1",0
"GGTGAAGTCTGGCGTG-1",0
"GGTGCGTAGGTGATTA-1",0
"GGTGCGTAGTACGATA-1",0
"GGTGCGTCACTTAAGC-1",0
"GGTGCGTCAGCTGTAT-1",0
"GGTGCGTGTTCGTTGA-1",0
"GGTGCGTTCCGTACAA-1",0
"GGTGCGTTCTTGACGA-1",0
"GGTGTTAAGGGCTCTC-1",0
"GGTGTTAAGTAGCGGT-1",1.56220326605152
"GGTGTTAAGTGGGATC-1",0
"GGTGTTAAGTTATCGC-1",0
"GGTGTTACAAATCCGT-1",0.870344147873255
"GGTGTTACACGGATAG-1",0
"GGTGTTAGTAATCACC-1",0
"GGTGTTAGTAGCAAAT-1",0
"GGTGTTAGTGTATGGG-1",0
"GGTGTTAGTTGAACTC-1",2.00231072315989
"GGTGTTATCGGACAAG-1",2.81361236231799
"GGTGTTATCGGTGTTA-1",1.84807577775508
"GGTGTTATCTACTTAC-1",0
"GTAACGTAGGTGACCA-1",0
"GTAACGTCACAGGCCT-1",0
"GTAACGTGTACCATCA-1",0
"GTAACGTGTGAGTATA-1",0
"GTAACGTGTTACGGAG-1",0
"GTAACGTGTTAGGGTG-1",0
"GTAACGTTCGGTCCGA-1",0
"GTAACGTTCTCATTCA-1",1.5800194241723
"GTAACTGAGTGGGTTG-1",1.5800194241723
"GTAACTGCAATGGAAT-1",0
"GTAACTGCACAGGCCT-1",0
"GTAACTGCAGGATCGA-1",0
"GTAACTGCATCGGGTC-1",1.89553501908368
"GTAACTGGTATTACCG-1",0
"GTAACTGTCACGGTTA-1",0
"GTAACTGTCTACTATC-1",0
"GTACGTAAGGTGCTTT-1",1.57392569303943
"GTACGTACAGGAATGC-1",3.07827908851564
"GTACGTACATGGATGG-1",0
"GTACGTAGTGAGTGAC-1",0
"GTACGTAGTTGGTAAA-1",0
"GTACGTATCACCTCGT-1",0
"GTACGTATCATCGGAT-1",2.35191829274565
"GTACGTATCCACTGGG-1",0
"GTACTCCAGGCAGTCA-1",0
"GTACTCCCAATAGCGG-1",0
"GTACTCCCACAGGTTT-1",0
"GTACTCCTCACCTTAT-1",0
"GTACTCCTCATTGCCC-1",0
"GTACTCCTCCTTCAAT-1",3.07827908851564
"GTACTTTCAGTTAACC-1",1.65546109680231
"GTACTTTCATGTCGAT-1",1.30415213556407
"GTACTTTTCCGAAGAG-1",0
"GTAGGCCAGCAATCTC-1",0
"GTAGGCCCATTCGACA-1",1.81742202314284
"GTAGGCCGTAACGCGA-1",0
"GTAGGCCGTAAGGGCT-1",0
"GTAGGCCGTACGACCC-1",0
"GTAGGCCGTTCAGGCC-1",1.2133165770732
"GTAGGCCGTTGATTGC-1",1.35183456833378
"GTAGGCCTCAGCACAT-1",0
"GTAGTCAAGAATGTGT-1",0
"GTAGTCAAGATGCCTT-1",1.61168168290827
"GTAGTCAAGGACGAAA-1",1.72311168315317
"GTAGTCAAGTGAAGAG-1",3.07827908851564
"GTAGTCATCGTCACGG-1",0
"GTAGTCATCTGAAAGA-1",0
"GTATCTTAGAAACCAT-1",0
"GTATCTTAGGCTATCT-1",0
"GTATCTTAGTTGTCGT-1",0
"GTATCTTCACACCGCA-1",0
"GTATCTTCACGAAGCA-1",1.5800194241723
"GTATCTTGTTCGCTAA-1",0
"GTATCTTTCATGCTCC-1",0
"GTATCTTTCATGTAGC-1",0
"GTATTCTAGAAACCAT-1",0
"GTATTCTAGACAAAGG-1",0
"GTATTCTCAAAGTCAA-1",0
"GTATTCTCAACAACCT-1",1.57392569303943
"GTATTCTCAACTTGAC-1",0
"GTATTCTCAATAAGCA-1",1.5800194241723
"GTATTCTCAGGGTTAG-1",0
"GTATTCTCATACTACG-1",0
"GTATTCTCATGGTAGG-1",0
"GTATTCTGTAGTGAAT-1",0
"GTATTCTGTCTAGAGG-1",0
"GTCAAGTCATATGCTG-1",2.90612049618071
"GTCAAGTCATGGTTGT-1",1.85078388857223
"GTCAAGTGTCAGCTAT-1",0
"GTCAAGTGTTCCACTC-1",0
"GTCACAAAGCCGATTT-1",2.00564269809515
"GTCACAAAGTGGAGTC-1",0
"GTCACAACAGGTGGAT-1",0
"GTCACAAGTAAACGCG-1",0
"GTCACAATCAGGATCT-1",3.01211538468019
"GTCACAATCAGTTGAC-1",1.77487760908237
"GTCACAATCATGCATG-1",1.45163986525757
"GTCACGGAGATCACGG-1",0
"GTCACGGCATATACCG-1",1.39134050249977
"GTCACGGGTGAGTGAC-1",0
"GTCACGGGTGTGGCTC-1",1.58063191318502
"GTCACGGTCGAGAGCA-1",0
"GTCACGGTCTACCTGC-1",0
"GTCATTTAGAGACTAT-1",0
"GTCATTTCACGTGAGA-1",1.7000594688291
"GTCATTTGTAGAAGGA-1",0
"GTCATTTGTCAGATAA-1",0
"GTCATTTTCCAGAGGA-1",1.77487760908237
"GTCCTCAAGCCCAACC-1",1.89553501908368
"GTCCTCAAGTAGATGT-1",1.77487760908237
"GTCCTCAAGTGGGCTA-1",1.80947696635039
"GTCCTCACAATCACAC-1",0
"GTCCTCAGTGGAAAGA-1",2.00564269809515
"GTCCTCATCAAAGACA-1",0
"GTCCTCATCGTCCGTT-1",0
"GTCGGGTCACTGAAGG-1",0
"GTCGGGTCACTTCGAA-1",1.93603268455258
"GTCGGGTCATGAAGTA-1",0
"GTCGGGTGTCTCACCT-1",0
"GTCGGGTGTGTGACGA-1",0
"GTCGGGTGTGTGTGCC-1",0
"GTCGGGTGTTACGTCA-1",1.63321559807939
"GTCGGGTTCTGCTGTC-1",0
"GTCGGGTTCTGTGCAA-1",0
"GTCGTAAAGAGATGAG-1",0
"GTCGTAAAGCTGCAAG-1",1.79092662167429
"GTCGTAAAGGCGACAT-1",1.30415213556407
"GTCGTAACATCACGAT-1",0
"GTCGTAAGTATCACCA-1",0
"GTCGTAATCCAAGTAC-1",1.7000594688291
"GTCTCGTAGACCACGA-1",0
"GTCTCGTCAGGAACGT-1",1.87049181002277
"GTCTCGTGTGGTAACG-1",0
"GTCTCGTGTTTGGCGC-1",0
"GTCTCGTTCACCGGGT-1",1.70299123288682
"GTCTCGTTCAGTGCAT-1",0
"GTCTTCGAGACAAGCC-1",0
"GTCTTCGAGGAATGGA-1",0
"GTCTTCGAGTCAAGCG-1",0
"GTCTTCGCACATGGGA-1",0
"GTCTTCGCACCAGGTC-1",0
"GTCTTCGCAGACGCAA-1",2.00564269809515
"GTCTTCGCATAACCTG-1",0
"GTCTTCGCATCGATGT-1",0
"GTCTTCGGTCTAGTGT-1",0
"GTCTTCGTCTCGATGA-1",0
"GTGAAGGAGAGCTGGT-1",0
"GTGAAGGAGATCGGGT-1",0
"GTGAAGGAGCCAGTTT-1",0
"GTGAAGGAGTGTTGAA-1",0
"GTGAAGGCAAAGGCGT-1",0
"GTGAAGGCACTTAAGC-1",1.30415213556407
"GTGAAGGCAGATTGCT-1",0
"GTGAAGGGTATATGGA-1",0
"GTGAAGGGTCTCTCTG-1",2.81361236231799
"GTGAAGGTCTCCTATA-1",0
"GTGCAGCAGACATAAC-1",0
"GTGCAGCAGTGGTCCC-1",1.89553501908368
"GTGCAGCCACATCTTT-1",1.39134050249977
"GTGCAGCGTGAGTATA-1",0
"GTGCAGCTCTTAGAGC-1",0
"GTGCATAAGGCATGGT-1",0
"GTGCATAGTTTGTTGG-1",2.82535983370175
"GTGCATATCAGAGCTT-1",0
"GTGCATATCATCATTC-1",1.41517501661356
"GTGCATATCTGCGTAA-1",0
"GTGCGGTAGCAATCTC-1",0
"GTGCGGTAGGACAGAA-1",1.72311168315317
"GTGCGGTCAAAGGTGC-1",1.1851503914433
"GTGCGGTGTTCAGACT-1",3.61690356616575
"GTGCGGTGTTCTGTTT-1",1.59770199151674
"GTGCGGTTCATCTGCC-1",0
"GTGCGGTTCCAGGGCT-1",0
"GTGCGGTTCGGATGGA-1",0
"GTGCGGTTCTCGTTTA-1",0
"GTGCGGTTCTGCTGTC-1",0
"GTGCTTCAGCCAGTTT-1",0
"GTGCTTCAGGATTCGG-1",0
"GTGCTTCAGTACACCT-1",2.00065018203098
"GTGCTTCCACTTAACG-1",0
"GTGCTTCCAGCTATTG-1",1.9179810120487
"GTGCTTCGTAGAGTGC-1",1.51040875805983
"GTGCTTCTCACAATGC-1",0
"GTGCTTCTCACTTCAT-1",0
"GTGGGTCAGACCGGAT-1",0
"GTGGGTCAGACTGTAA-1",0
"GTGGGTCAGCCGTCGT-1",0
"GTGGGTCCACCAACCG-1",1.46122980539364
"GTGGGTCCACCACCAG-1",3.07827908851564
"GTGTGCGAGACCGGAT-1",1.77487760908237
"GTGTGCGAGACTTGAA-1",0
"GTGTGCGCAGGTCGTC-1",2.00065018203098
"GTGTGCGGTGAGCGAT-1",0
"GTGTGCGTCAGTCAGT-1",0
"GTGTGCGTCCCTTGTG-1",0
"GTGTGCGTCTAACTTC-1",0
"GTGTTAGAGGACAGAA-1",0
"GTGTTAGAGGCATGGT-1",0
"GTGTTAGAGTGGAGAA-1",0
"GTGTTAGAGTTTGCGT-1",0
"GTGTTAGCAATGGAAT-1",0
"GTGTTAGCACCACCAG-1",1.56220326605152
"GTGTTAGGTGCCTGGT-1",1.57392569303943
"GTGTTAGGTGGAAAGA-1",1.58063191318502
"GTGTTAGGTTCCATGA-1",0
"GTGTTAGGTTGGGACA-1",0
"GTTAAGCAGAGCTGCA-1",1.80947696635039
"GTTAAGCAGATAGCAT-1",0
"GTTAAGCAGCTAACAA-1",0
"GTTAAGCAGGCTACGA-1",0
"GTTAAGCAGTGTACCT-1",1.59770199151674
"GTTAAGCAGTTTGCGT-1",0
"GTTAAGCCATTCACTT-1",1.41517501661356
"GTTAAGCGTACTCGCG-1",0
"GTTAAGCGTCTAGGTT-1",2.35105865117698
"GTTAAGCGTGGCAAAC-1",0
"GTTAAGCGTTGCTCCT-1",0
"GTTAAGCTCCTTTCGG-1",0
"GTTACAGAGAGCTATA-1",1.78265118401869
"GTTACAGAGTACGATA-1",1.68989523212849
"GTTACAGCAGACGCCT-1",1.5800194241723
"GTTACAGCATCGGTTA-1",2.80347443359135
"GTTACAGGTATGGTTC-1",0
"GTTACAGGTCGACTGC-1",0
"GTTACAGGTCTAGGTT-1",0
"GTTCATTAGCGATGAC-1",0
"GTTCATTCATATACGC-1",0
"GTTCATTCATTGGCGC-1",0
"GTTCATTGTGCACGAA-1",1.76718820849755
"GTTCATTGTGTTAAGA-1",1.8409030527332
"GTTCATTGTTCAGTAC-1",1.89553501908368
"GTTCGGGAGACGACGT-1",2.82535983370175
"GTTCGGGAGCTAAGAT-1",0
"GTTCGGGAGTGTCTCA-1",0
"GTTCGGGGTAGGGTAC-1",0
"GTTCGGGGTGCAGGTA-1",0
"GTTCGGGTCCACGCAG-1",0
"GTTCGGGTCTACTTAC-1",1.79092662167429
"GTTCTCGAGACCACGA-1",0
"GTTCTCGAGCGATGAC-1",0
"GTTCTCGAGGCCATAG-1",0
"GTTCTCGCATCGGACC-1",0
"GTTCTCGGTAAGGGAA-1",0
"GTTCTCGGTAGCGTAG-1",0
"GTTCTCGGTCCGTGAC-1",0
"GTTCTCGGTGTTAAGA-1",0.870344147873255
"GTTCTCGTCAACGCTA-1",0
"GTTCTCGTCCTGTACC-1",0
"GTTTCTACAAACCTAC-1",0
"GTTTCTACAAGAAAGG-1",0
"GTTTCTAGTGTTGGGA-1",0
"GTTTCTATCCCAACGG-1",1.41399611329836
"GTTTCTATCCGTAGTA-1",0
"GTTTCTATCGGCATCG-1",0
"TAAACCGGTACTTAGC-1",0
"TAAACCGTCACTCTTA-1",2.82535983370175
"TAAACCGTCAGGCGAA-1",0
"TAAACCGTCCGTTGTC-1",0
"TAAACCGTCTTCCTTC-1",3.07827908851564
"TAAGAGACAAGTTGTC-1",0
"TAAGAGAGTATATCCG-1",1.1851503914433
"TAAGAGATCAATCACG-1",0
"TAAGAGATCTAACGGT-1",0
"TAAGAGATCTTTCCTC-1",0
"TAAGCGTAGTGGACGT-1",0
"TAAGCGTAGTGTCTCA-1",1.93603268455258
"TAAGCGTCAGCTTCGG-1",0
"TAAGCGTCAGGTGGAT-1",1.63321559807939
"TAAGCGTGTCCTGCTT-1",0
"TAAGCGTGTGCCTGGT-1",0
"TAAGCGTGTTGTTTGG-1",2.00564269809515
"TAAGCGTTCCTCATTA-1",0
"TAAGCGTTCGGCGCAT-1",0
"TAAGCGTTCTCGCATC-1",2.14493407592794
"TAAGTGCAGGCTAGGT-1",0
"TAAGTGCAGTAGCGGT-1",0
"TAAGTGCCAACGCACC-1",0
"TAAGTGCCATACAGCT-1",0
"TAAGTGCGTAAACACA-1",0
"TAAGTGCGTCTCACCT-1",1.77487760908237
"TAAGTGCGTTCAGACT-1",0
"TAAGTGCTCACCCTCA-1",0
"TAAGTGCTCACTGGGC-1",2.35709500583626
"TAAGTGCTCTGGCGTG-1",0
"TACACGACACCCATTC-1",1.79092662167429
"TACACGAGTGATAAAC-1",1.8409030527332
"TACACGATCTGTCTCG-1",1.85078388857223
"TACAGTGAGATGCGAC-1",1.82315514601964
"TACAGTGAGCGTTGCC-1",0
"TACAGTGAGTGTACGG-1",2.14560021193091
"TACAGTGCAGGAATCG-1",0
"TACAGTGCAGGTGCCT-1",0
"TACAGTGGTACTCAAC-1",0
"TACAGTGGTTGGACCC-1",0
"TACCTATAGAGCTGGT-1",1.41399611329836
"TACCTATAGAGTTGGC-1",0
"TACCTATAGGCTCATT-1",1.7000594688291
"TACCTATAGTTAGCGG-1",1.84807577775508
"TACCTATCAAGCTGGA-1",0
"TACCTATGTAAATGAC-1",1.82315514601964
"TACCTATGTAGAGTGC-1",3.88948679608186
"TACCTATGTCACCTAA-1",0
"TACCTATGTGTTGAGG-1",0
"TACCTATGTTAAAGAC-1",0
"TACCTATTCTATGTGG-1",1.8116156410013
"TACCTATTCTTCCTTC-1",1.85078388857223
"TACCTTAAGAGGTTGC-1",0
"TACCTTAAGTCAAGCG-1",0.870344147873255
"TACCTTAAGTGGTCCC-1",0
"TACCTTACAACTGGCC-1",0
"TACCTTACAAGGGTCA-1",1.5800194241723
"TACCTTACACTCAGGC-1",0
"TACCTTACATCTACGA-1",0
"TACCTTAGTAGCGTCC-1",0
"TACCTTAGTCTCCACT-1",0
"TACGGATAGATGGCGT-1",0
"TACGGATAGGTACTCT-1",0
"TACGGATCAGGGATTG-1",0
"TACGGATCATCACCCT-1",1.89553501908368
"TACGGATGTCTAGCCG-1",0
"TACGGATTCGGTGTCG-1",2.81361236231799
"TACGGATTCTACTATC-1",0
"TACGGGCAGGATGCGT-1",0
"TACGGGCAGGGAACGG-1",0
"TACGGGCAGTATTGGA-1",2.14493407592794
"TACGGGCAGTCAAGCG-1",0
"TACGGGCCAAGAAGAG-1",2.62615392477935
"TACGGGCCACCAGATT-1",0
"TACGGGCCATCAGTAC-1",0
"TACGGGCGTAAGGGCT-1",0
"TACGGGCGTCTGATTG-1",0
"TACGGGCGTGATGTGG-1",0
"TACGGGCTCACCTTAT-1",0
"TACGGGCTCAGCTCTC-1",0
"TACGGGCTCCACGAAT-1",0
"TACGGGCTCCTATTCA-1",0
"TACGGGCTCGGTGTTA-1",0
"TACGGTAAGATATGGT-1",1.28776377828259
"TACGGTAAGCCGATTT-1",0
"TACGGTAAGTCATGCT-1",0
"TACGGTAAGTGCCATT-1",0
"TACGGTACACAGGCCT-1",3.88904110388816
"TACGGTACATTTCAGG-1",1.57392569303943
"TACGGTAGTATATCCG-1",0
"TACGGTAGTCACTTCC-1",0
"TACGGTAGTGCAGGTA-1",0
"TACGGTAGTGGGTATG-1",0
"TACGGTATCGCAGGCT-1",0
"TACGGTATCGGACAAG-1",0
"TACGGTATCGTTTATC-1",0
"TACTCATAGTCACGCC-1",0
"TACTCATCAATCTACG-1",0
"TACTCATCACGGTAGA-1",0
"TACTCATCACTTCTGC-1",0
"TACTCATCATCCGTGG-1",0
"TACTCATCATGTCGAT-1",1.85078388857223
"TACTCATGTACAGCAG-1",0
"TACTCATGTCTTCAAG-1",0
"TACTCATTCCTTTCTC-1",0
"TACTCGCAGGCGACAT-1",0
"TACTCGCGTCAGAAGC-1",1.80947696635039
"TACTCGCGTCTGATTG-1",0
"TACTCGCGTGTAACGG-1",0
"TACTCGCGTTGAGTTC-1",1.41517501661356
"TACTCGCTCAACGGGA-1",1.30415213556407
"TACTCGCTCCGAATGT-1",0
"TACTTACAGACTAGGC-1",0
"TACTTACAGCTGAACG-1",0
"TACTTACAGTACACCT-1",1.70299123288682
"TACTTACAGTACGCCC-1",0
"TACTTACAGTGATCGG-1",3.75148981059222
"TACTTACCAAGCCGTC-1",1.28776377828259
"TACTTACCACAGGTTT-1",0
"TACTTACTCGCGTTTC-1",2.82535983370175
"TACTTGTAGCGATATA-1",0
"TACTTGTAGTAATCCC-1",0
"TACTTGTCAAACAACA-1",1.89553501908368
"TACTTGTCATGCAACT-1",0
"TACTTGTGTAGCACGA-1",0
"TACTTGTGTATAAACG-1",0
"TACTTGTGTTCCACAA-1",0
"TACTTGTTCTGCAGTA-1",0
"TAGACCAAGAGACGAA-1",3.07827908851564
"TAGACCAAGCCTCGTG-1",0
"TAGACCAAGTCGATAA-1",0
"TAGACCACAACACCCG-1",0
"TAGACCAGTAGATTAG-1",0
"TAGACCAGTTCATGGT-1",0
"TAGACCATCACTTCAT-1",0
"TAGACCATCGTCACGG-1",0
"TAGACCATCTCCAGGG-1",0
"TAGAGCTAGAATTCCC-1",0
"TAGAGCTAGTATTGGA-1",0
"TAGAGCTCACTGAAGG-1",1.57392569303943
"TAGAGCTGTACTTGAC-1",3.29191578892007
"TAGAGCTGTCTAAAGA-1",0
"TAGCCGGAGACTGGGT-1",0
"TAGCCGGAGTCCCACG-1",0
"TAGCCGGAGTGACATA-1",0
"TAGCCGGCAGCAGTTT-1",3.75148981059222
"TAGCCGGGTACAGTGG-1",1.39134050249977
"TAGCCGGGTACCATCA-1",0
"TAGCCGGGTCGCGAAA-1",1.82315514601964
"TAGCCGGTCACGACTA-1",0
"TAGGCATAGAACTGTA-1",0
"TAGGCATAGCTAGGCA-1",0
"TAGGCATAGTCGTACT-1",0
"TAGGCATAGTTTAGGA-1",0
"TAGGCATCAAGCCTAT-1",0
"TAGGCATCAGACGCAA-1",1.72311168315317
"TAGGCATGTACGAAAT-1",0
"TAGGCATGTCCAGTTA-1",2.14493407592794
"TAGGCATGTTCCACTC-1",0
"TAGGCATTCCCTAACC-1",1.77487760908237
"TAGGCATTCGCTAGCG-1",1.46122980539364
"TAGGCATTCGTAGATC-1",1.5800194241723
"TAGGCATTCTTCATGT-1",0
"TAGTGGTAGATCACGG-1",0
"TAGTGGTAGCTGTTCA-1",0
"TAGTGGTCAGTATAAG-1",0
"TAGTGGTGTAGCGTAG-1",0
"TAGTGGTTCAGCATGT-1",0
"TAGTGGTTCGGCGCAT-1",0
"TAGTGGTTCTCAAGTG-1",2.00564269809515
"TAGTGGTTCTGGGCCA-1",1.79744973696353
"TAGTGGTTCTTTAGTC-1",0
"TAGTTGGAGATAGGAG-1",1.41517501661356
"TAGTTGGCAGACGCAA-1",0
"TAGTTGGCATGCGCAC-1",0
"TAGTTGGGTATGGTTC-1",0
"TAGTTGGTCCGAATGT-1",0
"TAGTTGGTCTACTCAT-1",0
"TAGTTGGTCTCTAAGG-1",1.5800194241723
"TAGTTGGTCTGATACG-1",0
"TATCAGGAGAGTAAGG-1",0
"TATCAGGAGATCCGAG-1",0
"TATCAGGAGCAGATCG-1",0
"TATCAGGAGGTGCTTT-1",0
"TATCAGGCAACTTGAC-1",0
"TATCAGGCACGTTGGC-1",0
"TATCAGGGTCCGTTAA-1",0
"TATCAGGGTCTGCAAT-1",0
"TATCAGGGTTAAAGAC-1",0
"TATCAGGTCAAGATCC-1",0
"TATCAGGTCCACTCCA-1",2.80347443359135
"TATCAGGTCGTAGGTT-1",1.8116156410013
"TATCTCAAGAGTTGGC-1",0
"TATCTCAAGCCACCTG-1",0
"TATCTCAAGCGTAATA-1",2.14493407592794
"TATCTCAAGGCTAGCA-1",2.35191829274565
"TATCTCAAGTGGGCTA-1",0
"TATCTCACATGTCCTC-1",2.42187281397639
"TATCTCAGTAACGACG-1",0
"TATCTCAGTACCTACA-1",3.58361382122852
"TATCTCAGTACGACCC-1",0
"TATCTCAGTCAATGTC-1",1.63321559807939
"TATCTCATCAAGCCTA-1",1.57392569303943
"TATGCCCAGAAACCGC-1",1.28776377828259
"TATGCCCAGGTAGCTG-1",0
"TATGCCCCAATGGAAT-1",0
"TATGCCCCACTTAACG-1",0
"TATGCCCCATGTTCCC-1",1.60180185878519
"TATGCCCGTAGCCTCG-1",0
"TATGCCCGTATAGGGC-1",0
"TATGCCCGTATGAAAC-1",0
"TATGCCCGTCGCCATG-1",0
"TATGCCCGTGCCTTGG-1",0
"TATGCCCGTTAAGATG-1",0
"TATGCCCGTTGGTGGA-1",0
"TATGCCCGTTTAGGAA-1",0
"TATTACCAGAGAGCTC-1",0
"TATTACCAGCAAATCA-1",0
"TATTACCAGCCCGAAA-1",0
"TATTACCAGTATCTCG-1",1.8409030527332
"TATTACCCAAAGTGCG-1",0
"TATTACCCAGACAAGC-1",0
"TATTACCCAGTCAGCC-1",0
"TATTACCCATAAAGGT-1",0
"TATTACCCATCTACGA-1",0
"TATTACCGTCCAGTAT-1",0
"TCAACGAAGCCGATTT-1",0
"TCAACGAAGCGATGAC-1",0
"TCAACGAAGGCATGTG-1",0
"TCAACGAAGTAGTGCG-1",0
"TCAACGACACCAGGCT-1",0
"TCAACGACATGCCTTC-1",1.82315514601964
"TCAACGAGTTACCAGT-1",1.79510060163789
"TCAACGAGTTCCATGA-1",0
"TCAACGAGTTCTGGTA-1",0
"TCAACGATCAGTCCCT-1",0
"TCAACGATCTGTGCAA-1",0
"TCAATCTAGATCCCGC-1",0
"TCAATCTCACAAGCCC-1",0
"TCAATCTCACAGCCCA-1",0
"TCAATCTCATGACGGA-1",0
"TCAATCTCATTTGCTT-1",0
"TCAATCTGTAGTGAAT-1",1.79510060163789
"TCAATCTGTTAGATGA-1",0
"TCAATCTTCAGATAAG-1",0
"TCAATCTTCATGTCCC-1",0
"TCACAAGAGACTGGGT-1",0
"TCACAAGAGAGAGCTC-1",0
"TCACAAGAGGCCCTCA-1",1.68989523212849
"TCACAAGAGGTGGGTT-1",0
"TCACAAGAGTAGATGT-1",0
"TCACAAGCAGTATGCT-1",0
"TCACAAGCATAACCTG-1",0
"TCACAAGCATGACATC-1",1.28776377828259
"TCACAAGGTCAGATAA-1",1.60180185878519
"TCACAAGGTGTGGTTT-1",2.00797019034326
"TCACAAGTCATCATTC-1",0
"TCACAAGTCATGCATG-1",1.89553501908368
"TCACGAAAGCTCCTTC-1",1.8116156410013
"TCACGAAAGGTGCTTT-1",0
"TCACGAAAGTCTCGGC-1",2.82535983370175
"TCACGAACACAAGACG-1",0
"TCACGAACACTGTCGG-1",0
"TCACGAAGTGGTCCGT-1",0
"TCACGAAGTTGGTGGA-1",0
"TCACGAATCATGCAAC-1",0
"TCACGAATCCCGACTT-1",0
"TCACGAATCCTCGCAT-1",0
"TCACGAATCGTCACGG-1",2.00564269809515
"TCAGATGAGGTGCACA-1",0
"TCAGATGGTCTTGTCC-1",0
"TCAGATGGTGCCTGCA-1",0
"TCAGATGGTGCTGTAT-1",1.56220326605152
"TCAGATGTCAGTTTGG-1",0
"TCAGATGTCGCATGAT-1",0
"TCAGATGTCTCCTATA-1",0
"TCAGCAAAGGAGTCTG-1",1.49278393904348
"TCAGCAAAGGCTCATT-1",1.2133165770732
"TCAGCAAAGTACGACG-1",0
"TCAGCAAAGTGGCACA-1",2.87831433821652
"TCAGCAACACGCATCG-1",0
"TCAGCAAGTACCGGCT-1",0
"TCAGCAATCAGCGATT-1",0
"TCAGCAATCGGAAACG-1",0
"TCAGCAATCTTCAACT-1",0
"TCAGCTCAGGTGTTAA-1",0
"TCAGCTCAGTATGACA-1",0
"TCAGCTCCAATCTGCA-1",0
"TCAGCTCCACGGTTTA-1",0
"TCAGCTCGTAATAGCA-1",1.84807577775508
"TCAGCTCGTCCGTCAG-1",0
"TCAGCTCGTTCACGGC-1",0
"TCAGCTCTCACGATGT-1",0
"TCAGCTCTCATGCATG-1",0
"TCAGCTCTCCTAAGTG-1",0
"TCAGCTCTCTCGTATT-1",0
"TCAGGATAGACAGAGA-1",0
"TCAGGATAGATATGGT-1",0
"TCAGGATCAAACGTGG-1",0
"TCAGGATCAAGTTCTG-1",0
"TCAGGATCACGGTGTC-1",0
"TCAGGATCACTGTGTA-1",0
"TCAGGATCAGCATACT-1",0
"TCAGGATCATCTGGTA-1",1.51040875805983
"TCAGGATGTAAGCACG-1",0
"TCAGGATGTGGCCCTA-1",0
"TCAGGATTCCGATATG-1",0
"TCAGGATTCTCGATGA-1",0
"TCAGGTAAGATGGCGT-1",0
"TCAGGTAAGTGTTTGC-1",0
"TCAGGTACACAAGTAA-1",2.80347443359135
"TCAGGTACACAGAGGT-1",0
"TCAGGTACAGCTGCTG-1",0
"TCAGGTAGTAAACGCG-1",0
"TCATTACAGAAACCAT-1",0
"TCATTACAGGAGTTGC-1",1.89553501908368
"TCATTACAGTTGCAGG-1",0
"TCATTACCACATCCAA-1",0
"TCATTACCAGTCAGCC-1",0
"TCATTACGTACGCACC-1",1.76718820849755
"TCATTACGTCTAGAGG-1",0
"TCATTACGTGAAGGCT-1",0
"TCATTACGTTCTGTTT-1",0
"TCATTACTCATCGATG-1",0
"TCATTTGAGCCAGTTT-1",0
"TCATTTGCACGTCTCT-1",1.41399611329836
"TCATTTGCAGTTAACC-1",0
"TCATTTGTCCAGAGGA-1",0
"TCATTTGTCCCTTGCA-1",1.5800194241723
"TCATTTGTCCGTCAAA-1",0
"TCATTTGTCGCTAGCG-1",0
"TCATTTGTCGTACGGC-1",0
"TCATTTGTCTCTGCTG-1",0
"TCCACACCAAAGAATC-1",0
"TCCACACCACGCCAGT-1",0
"TCCACACGTACAGCAG-1",0
"TCCACACGTAGCCTAT-1",0
"TCCACACGTCATCGGC-1",0
"TCCACACGTGACCAAG-1",0
"TCCACACGTGCGAAAC-1",0
"TCCACACTCAACACCA-1",0
"TCCACACTCCAGTATG-1",0
"TCCACACTCCCATTTA-1",1.93603268455258
"TCCACACTCGAACTGT-1",1.70299123288682
"TCCCGATAGAAGAAGC-1",0
"TCCCGATAGCACAGGT-1",1.77487760908237
"TCCCGATAGCCGGTAA-1",1.80947696635039
"TCCCGATCAAGGTTCT-1",0
"TCCCGATCAGCCAATT-1",0
"TCCCGATCATCCAACA-1",0
"TCCCGATGTAAGGATT-1",0
"TCCCGATGTCAATACC-1",0
"TCCCGATTCAGAAATG-1",0
"TCCCGATTCAGTCCCT-1",0
"TCCCGATTCATCTGTT-1",0
"TCCCGATTCCCTAATT-1",0
"TCCCGATTCTGGAGCC-1",2.00065018203098
"TCGAGGCAGCGATGAC-1",0
"TCGAGGCAGTGTTTGC-1",1.61168168290827
"TCGAGGCCAAAGAATC-1",1.57392569303943
"TCGAGGCCAAGTTCTG-1",0
"TCGAGGCCAGTAACGG-1",1.77487760908237
"TCGAGGCGTATATCCG-1",2.35105865117698
"TCGAGGCTCGCAAGCC-1",2.42187281397639
"TCGAGGCTCTTGAGAC-1",1.7000594688291
"TCGAGGCTCTTTCCTC-1",1.46122980539364
"TCGCGAGAGACAAAGG-1",0
"TCGCGAGAGTGAATTG-1",2.14493407592794
"TCGCGAGCAAGCGTAG-1",0
"TCGCGAGCACCGAATT-1",0
"TCGCGAGCAGTAAGAT-1",0
"TCGCGAGTCCACGAAT-1",0
"TCGCGAGTCTAGCACA-1",0
"TCGCGAGTCTCTAGGA-1",1.59770199151674
"TCGCGAGTCTTCATGT-1",0
"TCGCGTTAGTGGGCTA-1",1.46122980539364
"TCGCGTTCACAGGCCT-1",0
"TCGCGTTCATCACAAC-1",0
"TCGCGTTCATCTCGCT-1",1.8409030527332
"TCGCGTTGTTCACCTC-1",1.61168168290827
"TCGCGTTTCAAGATCC-1",0
"TCGCGTTTCAGGTAAA-1",0
"TCGCGTTTCATTCACT-1",3.83005164095063
"TCGCGTTTCCTGTACC-1",0
"TCGCGTTTCGCCCTTA-1",1.66027520171672
"TCGGGACCACACATGT-1",1.93603268455258
"TCGGGACTCCTTGCCA-1",1.70299123288682
"TCGGGACTCTGCGGCA-1",0
"TCGGGACTCTTGTCAT-1",0
"TCGGTAAAGACAGGCT-1",1.89553501908368
"TCGGTAAAGCTCAACT-1",0
"TCGGTAACAAGCTGAG-1",0
"TCGGTAACAGGAATGC-1",0
"TCGGTAAGTATATGGA-1",0
"TCGGTAAGTCTAGTCA-1",0
"TCGGTAATCCCGGATG-1",0
"TCGTACCAGCAGGCTA-1",0
"TCGTACCAGTTTCCTT-1",0
"TCGTACCGTTTGCATG-1",1.65546109680231
"TCGTACCTCGGGAGTA-1",0
"TCGTAGAAGCTAACTC-1",2.80347443359135
"TCGTAGAAGGCGACAT-1",1.28776377828259
"TCGTAGAAGGGAACGG-1",1.85078388857223
"TCGTAGAAGTCCATAC-1",1.8116156410013
"TCGTAGACAATCCAAC-1",2.62615392477935
"TCGTAGACACTCAGGC-1",0
"TCGTAGAGTATGAATG-1",0
"TCGTAGAGTGAGCGAT-1",1.9179810120487
"TCGTAGAGTGTGTGCC-1",0
"TCGTAGAGTTCAACCA-1",0
"TCGTAGAGTTCCATGA-1",2.81361236231799
"TCGTAGATCCAAGCCG-1",0
"TCGTAGATCTTAGCCC-1",0
"TCTATTGAGCGATTCT-1",1.70299123288682
"TCTATTGAGTGCCATT-1",2.00564269809515
"TCTATTGCACATCTTT-1",0
"TCTATTGGTAAGTGTA-1",3.61690356616575
"TCTATTGGTCCAACTA-1",1.46122980539364
"TCTATTGGTCTGCCAG-1",1.89553501908368
"TCTATTGGTTGCTCCT-1",0
"TCTATTGTCGGCGCTA-1",0
"TCTCATAAGCTAAACA-1",0
"TCTCATAAGCTAGTCT-1",0
"TCTCATAAGTGCCATT-1",0
"TCTCATAGTACCGGCT-1",0
"TCTCATAGTGTAAGTA-1",0
"TCTCATATCAAGCCTA-1",1.89553501908368
"TCTCATATCACCTTAT-1",1.67775140648335
"TCTCATATCCTGTACC-1",0
"TCTCTAAAGACCGGAT-1",0
"TCTCTAAAGGGTGTTG-1",1.30415213556407
"TCTCTAACAGCCTATA-1",1.8116156410013
"TCTCTAAGTCCAGTAT-1",0
"TCTCTAAGTCCATGAT-1",0
"TCTCTAAGTCTCATCC-1",1.56220326605152
"TCTCTAAGTGGAAAGA-1",0
"TCTCTAATCAAACCAC-1",0
"TCTCTAATCACAGGCC-1",0
"TCTCTAATCACATACG-1",0
"TCTCTAATCCGTAGGC-1",0
"TCTCTAATCGTATCAG-1",1.82315514601964
"TCTGAGACAAACCTAC-1",0.870344147873255
"TCTGAGACAGAGTGTG-1",0
"TCTGAGAGTAAGGGAA-1",1.89553501908368
"TCTGAGATCCTTGACC-1",1.59770199151674
"TCTGAGATCTATCCTA-1",0
"TCTGGAAAGCGATGAC-1",2.35105865117698
"TCTGGAAAGCTCTCGG-1",1.86539945915656
"TCTGGAAAGGAGCGAG-1",0
"TCTGGAACACAAGACG-1",0
"TCTGGAACACACTGCG-1",0
"TCTGGAACACTTCTGC-1",0
"TCTGGAAGTGAGTATA-1",1.58063191318502
"TCTTCGGAGGTTCCTA-1",0
"TCTTCGGAGTTCGATC-1",0
"TCTTCGGCAAAGCAAT-1",1.7000594688291
"TCTTCGGCAAAGGTGC-1",0
"TCTTCGGCAATAGCAA-1",1.46122980539364
"TCTTCGGCAATGTAAG-1",0
"TCTTCGGCACACCGAC-1",0
"TCTTCGGCAGCCAATT-1",0
"TCTTCGGGTCATTAGC-1",1.87049181002277
"TCTTCGGTCGTAGGTT-1",0
"TCTTCGGTCTCTAAGG-1",1.78265118401869
"TCTTTCCAGAGAGCTC-1",1.67775140648335
"TCTTTCCAGTCATCCA-1",0
"TCTTTCCCATCTCCCA-1",1.35183456833378
"TCTTTCCGTAATCACC-1",1.57392569303943
"TCTTTCCGTAGTACCT-1",0
"TCTTTCCTCACAACGT-1",0
"TCTTTCCTCAGCTGGC-1",0
"TCTTTCCTCCAAGTAC-1",0
"TCTTTCCTCCTCGCAT-1",0
"TGAAAGAAGCTAAGAT-1",0
"TGAAAGACAAGCCGTC-1",0
"TGAAAGACACATTCGA-1",1.81742202314284
"TGAAAGACATGAGCGA-1",0
"TGAAAGAGTCTAGCGC-1",0
"TGAAAGAGTCTCATCC-1",0
"TGAAAGATCCCGACTT-1",1.93603268455258
"TGAAAGATCTATGTGG-1",0
"TGACAACCAAGCGAGT-1",0
"TGACAACGTAGGGACT-1",0
"TGACAACGTGCGCTTG-1",0
"TGACAACGTGGTTTCA-1",1.8409030527332
"TGACAACTCACAAACC-1",0
"TGACAACTCCACGTGG-1",2.00065018203098
"TGACAACTCGAATGCT-1",0
"TGACGGCAGCGCCTCA-1",1.61168168290827
"TGACGGCAGGCTCAGA-1",0
"TGACGGCAGTCAAGCG-1",0
"TGACGGCCACAGACTT-1",0
"TGACGGCGTCATCCCT-1",1.7000594688291
"TGACGGCTCAGGCGAA-1",0
"TGACGGCTCCACTGGG-1",1.9179810120487
"TGACTAGAGACCCACC-1",0
"TGACTAGAGGGCATGT-1",0
"TGACTAGAGTCTCAAC-1",0
"TGACTAGAGTTGAGAT-1",2.62615392477935
"TGACTAGCAGCATACT-1",1.49278393904348
"TGACTAGCAGTCAGAG-1",0
"TGACTAGCATTTCACT-1",1.61168168290827
"TGACTAGGTAAATACG-1",0
"TGACTAGGTGAAAGAG-1",0
"TGACTAGGTGCAGTAG-1",0
"TGACTAGTCATGCATG-1",0
"TGACTAGTCCATGCTC-1",0
"TGACTAGTCTGTTGAG-1",0
"TGACTTTAGAACAATC-1",0
"TGACTTTAGTCTCGGC-1",3.88904110388816
"TGACTTTAGTTAGGTA-1",0
"TGACTTTCAGTCCTTC-1",0
"TGACTTTCATTATCTC-1",0
"TGACTTTGTCACACGC-1",0
"TGACTTTTCCTCAATT-1",0
"TGACTTTTCTGCCCTA-1",0
"TGAGAGGAGGCTCATT-1",0
"TGAGAGGCAAAGTCAA-1",0
"TGAGAGGCAAGCCATT-1",1.74344089195725
"TGAGAGGCACCATGTA-1",1.56220326605152
"TGAGAGGGTCACTGGC-1",0
"TGAGAGGGTCTAAACC-1",0
"TGAGAGGTCGAACTGT-1",3.61690356616575
"TGAGAGGTCGCGTTTC-1",0
"TGAGAGGTCTGACCTC-1",2.80347443359135
"TGAGCATAGAAACGAG-1",0
"TGAGCATAGAAGCCCA-1",0
"TGAGCATAGATGTCGG-1",0
"TGAGCATAGGAATGGA-1",3.61690356616575
"TGAGCATCACCAGGCT-1",0
"TGAGCATCAGATGAGC-1",0
"TGAGCATCAGCGTAAG-1",0
"TGAGCATCAGCTGTAT-1",0
"TGAGCATGTGGCCCTA-1",0
"TGAGCATTCCACGTTC-1",0
"TGAGCATTCCGATATG-1",0
"TGAGCATTCGGCCGAT-1",1.28776377828259
"TGAGCCGCATCGGGTC-1",0
"TGAGCCGGTCGAACAG-1",0
"TGAGCCGGTGTAATGA-1",1.72311168315317
"TGAGCCGGTTGATTCG-1",1.77487760908237
"TGAGCCGTCATCTGCC-1",0
"TGAGCCGTCGTCACGG-1",2.14493407592794
"TGAGCCGTCTTGAGGT-1",1.39134050249977
"TGAGGGAAGAGACTAT-1",0
"TGAGGGAAGGAGTACC-1",0
"TGAGGGAAGTCATCCA-1",0
"TGAGGGAAGTCATGCT-1",0
"TGAGGGACACCAGTTA-1",0
"TGAGGGACATAAGACA-1",0
"TGAGGGAGTAAACGCG-1",2.19366380648398
"TGAGGGAGTTAGGGTG-1",0
"TGAGGGATCAACGGGA-1",0
"TGAGGGATCTAGCACA-1",2.62615392477935
"TGAGGGATCTCTTATG-1",1.80947696635039
"TGATTTCCATCCGGGT-1",0
"TGATTTCGTAGGCATG-1",0
"TGATTTCGTTAAGACA-1",0
"TGATTTCTCTGATTCT-1",0
"TGCACCTAGACCTTTG-1",1.60180185878519
"TGCACCTAGGACGAAA-1",1.8409030527332
"TGCACCTCAAGTTGTC-1",0
"TGCACCTCAATAGAGT-1",0
"TGCACCTCATCCGGGT-1",3.83005164095063
"TGCACCTGTAATCACC-1",0
"TGCACCTGTCACACGC-1",3.29191578892007
"TGCACCTTCACGGTTA-1",2.42187281397639
"TGCACCTTCATCGGAT-1",0
"TGCACCTTCCGCGGTA-1",0
"TGCACCTTCGAACTGT-1",0
"TGCACCTTCTCTTGAT-1",0
"TGCCAAACAATGTAAG-1",1.85078388857223
"TGCCAAACAATTCCTT-1",1.28776377828259
"TGCCAAAGTTCGCGAC-1",0
"TGCCAAATCCAAACTG-1",0.870344147873255
"TGCCAAATCCCTGACT-1",0
"TGCCAAATCGGCGGTT-1",1.66027520171672
"TGCCCATAGACTAGGC-1",0
"TGCCCATAGCGTCAAG-1",1.56220326605152
"TGCCCATAGCGTGAAC-1",0
"TGCCCATAGCTGTTCA-1",0
"TGCCCATAGGATGGAA-1",1.70299123288682
"TGCCCATAGTACGCCC-1",0
"TGCCCATAGTTGAGTA-1",1.9179810120487
"TGCCCATCACCAGGTC-1",0
"TGCCCATCACGAAATA-1",0
"TGCCCATCAGGACGTA-1",1.7000594688291
"TGCCCATCATGGAATA-1",1.79092662167429
"TGCCCATCATGGATGG-1",0
"TGCCCATGTAGCCTCG-1",0
"TGCCCATTCAAACCGT-1",1.86539945915656
"TGCCCATTCAGGCCCA-1",0
"TGCCCATTCCTTCAAT-1",1.4911814428667
"TGCCCATTCGGAAATA-1",0
"TGCCCTAAGGTCGGAT-1",1.8409030527332
"TGCCCTAAGGTTCCTA-1",0
"TGCCCTACACCACCAG-1",0
"TGCCCTACAGCCACCA-1",0
"TGCCCTACAGTGAGTG-1",1.79510060163789
"TGCCCTAGTCCGAGTC-1",1.81742202314284
"TGCCCTAGTGGTTTCA-1",3.88948679608186
"TGCCCTAGTTTCGCTC-1",0
"TGCCCTATCGACGGAA-1",1.39134050249977
"TGCCCTATCTTCGGTC-1",0
"TGCGCAGAGACTAGGC-1",0
"TGCGCAGAGCACACAG-1",1.72311168315317
"TGCGCAGAGCGTCTAT-1",3.66272322758123
"TGCGCAGAGGAGCGAG-1",1.57392569303943
"TGCGCAGCAAACGTGG-1",0
"TGCGCAGCAGCTCGCA-1",0
"TGCGCAGCAGTAGAGC-1",0
"TGCGCAGTCCTACAGA-1",0
"TGCGGGTAGAGACTTA-1",1.30415213556407
"TGCGGGTAGATCGATA-1",0
"TGCGGGTAGCTCTCGG-1",1.70299123288682
"TGCGGGTAGGTGTGGT-1",0
"TGCGGGTAGTACTTGC-1",0
"TGCGGGTCAATGGAAT-1",0
"TGCGGGTCACACGCTG-1",0
"TGCGGGTCATTGGGCC-1",0
"TGCGGGTGTAGAAAGG-1",0
"TGCGGGTGTCACCTAA-1",0
"TGCGGGTGTCAGATAA-1",0
"TGCGGGTGTTAGAACA-1",0
"TGCGGGTTCAGTTCGA-1",2.14493407592794
"TGCGGGTTCGTAGATC-1",0
"TGCGGGTTCTCTTGAT-1",0
"TGCGTGGAGACGCAAC-1",0
"TGCGTGGAGACTGGGT-1",0
"TGCGTGGCAATTCCTT-1",0
"TGCGTGGGTGCACCAC-1",1.74344089195725
"TGCGTGGTCCGCGCAA-1",0
"TGCGTGGTCGCCCTTA-1",0
"TGCGTGGTCTGGCGAC-1",0
"TGCTACCAGAAAGTGG-1",1.63321559807939
"TGCTACCAGATGGCGT-1",0
"TGCTACCAGCAAATCA-1",1.87049181002277
"TGCTACCAGTCCGTAT-1",1.84807577775508
"TGCTACCCAAGAGGCT-1",0
"TGCTACCCACTTAACG-1",2.90612049618071
"TGCTACCCATCGTCGG-1",0
"TGCTACCCATGGTTGT-1",0
"TGCTACCGTGTGACGA-1",0
"TGCTACCTCCTCGCAT-1",0
"TGCTACCTCTTCTGGC-1",0
"TGCTGCTAGACTAAGT-1",0
"TGCTGCTAGGTGATAT-1",0
"TGCTGCTCAATAGAGT-1",0
"TGCTGCTCACAGACAG-1",0
"TGCTGCTCATCCCATC-1",0
"TGCTGCTCATGGTTGT-1",2.19366380648398
"TGCTGCTGTCATACTG-1",0
"TGCTGCTGTGAAGGCT-1",1.84403241487607
"TGCTGCTTCATTGCGA-1",1.7000594688291
"TGGACGCAGAGGTACC-1",0
"TGGACGCAGTCAAGGC-1",0
"TGGACGCCACAGAGGT-1",0
"TGGACGCCATGGTAGG-1",0
"TGGACGCGTCCGAACC-1",0
"TGGACGCGTCTCCCTA-1",3.88904110388816
"TGGCCAGAGAAGGTGA-1",3.29191578892007
"TGGCCAGAGAGTACAT-1",0
"TGGCCAGAGGCGATAC-1",0
"TGGCCAGAGGCGTACA-1",0
"TGGCCAGCAACTGCGC-1",0
"TGGCCAGCACGACTCG-1",0
"TGGCCAGGTCAATACC-1",1.65546109680231
"TGGCCAGTCGTAGATC-1",0
"TGGCCAGTCTATCCCG-1",0
"TGGCGCAAGCTACCTA-1",1.8116156410013
"TGGCGCAAGCTATGCT-1",3.79157680370527
"TGGCGCAAGTGTGGCA-1",1.60180185878519
"TGGCGCAAGTTACCCA-1",3.22659907763189
"TGGCGCACACAGGCCT-1",0
"TGGCGCACACGGATAG-1",0
"TGGCGCACAGCGATCC-1",0
"TGGCGCACATAGGATA-1",1.88883661405088
"TGGCGCAGTACTCTCC-1",1.28776377828259
"TGGCGCAGTGGACGAT-1",2.81361236231799
"TGGCGCAGTTATGTGC-1",1.35183456833378
"TGGCGCATCAAGAAGT-1",1.65546109680231
"TGGCGCATCATGCTCC-1",1.41399611329836
"TGGCGCATCATGTGGT-1",2.82535983370175
"TGGCGCATCATTATCC-1",0
"TGGCGCATCGTGGTCG-1",1.70299123288682
"TGGCTGGAGCGGATCA-1",0
"TGGCTGGAGTGCAAGC-1",0
"TGGCTGGCAAGTTAAG-1",0
"TGGCTGGCACGGATAG-1",1.93603268455258
"TGGCTGGCAGGAACGT-1",0
"TGGCTGGGTCGAGTTT-1",0
"TGGCTGGGTCGGCATC-1",0
"TGGCTGGGTCTAGCCG-1",0
"TGGCTGGGTTACGCGC-1",0
"TGGCTGGGTTGGACCC-1",0
"TGGCTGGTCTCGTTTA-1",0
"TGGGAAGAGATATACG-1",0
"TGGGAAGAGCCCAATT-1",1.87049181002277
"TGGGAAGAGCGCTCCA-1",0
"TGGGAAGAGGGCTTCC-1",0
"TGGGAAGAGTAAGTAC-1",2.81361236231799
"TGGGAAGAGTTAACGA-1",0
"TGGGAAGCAAGGTGTG-1",1.56220326605152
"TGGGAAGCAGATCCAT-1",0
"TGGGAAGCAGCGAACA-1",1.77487760908237
"TGGGAAGGTAAGTTCC-1",0
"TGGGAAGGTTAGATGA-1",3.88904110388816
"TGGGAAGGTTATTCTC-1",1.28776377828259
"TGGGAAGTCCCAAGAT-1",1.59770199151674
"TGGGAAGTCCTTCAAT-1",0
"TGGGAAGTCGTGGACC-1",0
"TGGGAAGTCTCCTATA-1",0
"TGGGCGTAGTCTCCTC-1",1.88883661405088
"TGGGCGTCAGACGTAG-1",0
"TGGGCGTCAGGGATTG-1",0
"TGGGCGTGTCCAAGTT-1",2.35105865117698
"TGGGCGTGTCTAGAGG-1",0
"TGGGCGTGTGGCTCCA-1",1.5800194241723
"TGGGCGTGTTTCGCTC-1",1.8409030527332
"TGGGCGTTCAGCTTAG-1",1.88883661405088
"TGGTTAGAGCTACCTA-1",0
"TGGTTAGAGTTAGGTA-1",0
"TGGTTAGGTGATGATA-1",0
"TGGTTAGGTTCACGGC-1",0
"TGGTTAGTCCCGACTT-1",0
"TGGTTAGTCTTGTATC-1",2.42187281397639
"TGGTTCCAGCCGTCGT-1",0
"TGGTTCCAGTAATCCC-1",0
"TGGTTCCCAAGTTGTC-1",0
"TGGTTCCCAGACAAAT-1",2.42187281397639
"TGGTTCCCAGACAGGT-1",0
"TGGTTCCCAGCTCGAC-1",0
"TGGTTCCCATGTCCTC-1",0
"TGGTTCCCATTTCACT-1",0
"TGGTTCCGTCCAAGTT-1",1.5800194241723
"TGGTTCCTCACATACG-1",0
"TGGTTCCTCAGCTTAG-1",0
"TGGTTCCTCTAACTTC-1",0
"TGGTTCCTCTAGAGTC-1",0
"TGGTTCCTCTGGGCCA-1",0
"TGTATTCAGCCCGAAA-1",1.78265118401869
"TGTATTCAGCGATCCC-1",3.58361382122852
"TGTATTCCAGGGCATA-1",1.74344089195725
"TGTATTCGTAAGAGAG-1",1.8116156410013
"TGTATTCGTTTGTTTC-1",1.89553501908368
"TGTATTCTCAGCATGT-1",3.29191578892007
"TGTATTCTCATCTGTT-1",0
"TGTCCCAAGCAGATCG-1",2.81361236231799
"TGTCCCAAGCTAGTTC-1",0
"TGTCCCAAGCTGAACG-1",1.66027520171672
"TGTCCCAAGTTGTCGT-1",1.63321559807939
"TGTCCCACAGTAAGCG-1",0
"TGTCCCACATCACGTA-1",0
"TGTCCCAGTAAGAGGA-1",1.46122980539364
"TGTCCCAGTAAGTGGC-1",0
"TGTCCCAGTCGGATCC-1",0
"TGTCCCATCATTTGGG-1",0
"TGTCCCATCTGCAAGT-1",1.5800194241723
"TGTCCCATCTGCGTAA-1",0
"TGTGGTAGTCCCGACA-1",0
"TGTGGTAGTGTGAAAT-1",0
"TGTGGTAGTGTGACGA-1",1.72311168315317
"TGTGGTATCCAGGGCT-1",0
"TGTGGTATCTTGCATT-1",1.77487760908237
"TGTGTTTAGAGGTTAT-1",0
"TGTGTTTAGCGTGAGT-1",0
"TGTGTTTAGTGCGTGA-1",0
"TGTGTTTCATGCGCAC-1",2.00231072315989
"TGTGTTTTCTCATTCA-1",0
"TGTGTTTTCTTTCCTC-1",0
"TGTTCCGAGAGCAATT-1",2.62615392477935
"TGTTCCGAGCAACGGT-1",0
"TGTTCCGAGGAATTAC-1",0
"TGTTCCGAGGACTGGT-1",1.74344089195725
"TGTTCCGCAGTGAGTG-1",0
"TGTTCCGGTGAGTATA-1",0
"TGTTCCGTCAAGCCTA-1",0
"TGTTCCGTCAGTTCGA-1",1.39134050249977
"TGTTCCGTCGGCGGTT-1",0
"TGTTCCGTCTGAAAGA-1",0
"TGTTCCGTCTGGTATG-1",2.35105865117698
"TTAACTCAGTGTACGG-1",0
"TTAACTCCAAGCGCTC-1",0
"TTAACTCCAGGCAGTA-1",0
"TTAACTCGTTCCACAA-1",0
"TTAACTCTCATAAAGG-1",0
"TTAACTCTCCCTCAGT-1",1.8409030527332
"TTAGGACAGCAGGCTA-1",0
"TTAGGACAGCTCTCGG-1",0
"TTAGGACCAAGCCATT-1",2.00065018203098
"TTAGGACCAGTCAGAG-1",0
"TTAGGACGTTTGTTTC-1",0
"TTAGGCAAGAAGATTC-1",0
"TTAGGCAAGAGCCCAA-1",1.63321559807939
"TTAGGCAAGAGTGACC-1",0
"TTAGGCAAGGTTCCTA-1",0
"TTAGGCAAGTCGTTTG-1",0
"TTAGGCAAGTGTACCT-1",0
"TTAGGCACAGACGCTC-1",2.62615392477935
"TTAGGCACATGTTCCC-1",0
"TTAGGCAGTAAGGATT-1",0
"TTAGGCAGTAAGTAGT-1",1.79092662167429
"TTAGGCAGTCTTGATG-1",1.93603268455258
"TTAGGCATCACGCATA-1",0
"TTAGGCATCAGTCAGT-1",0
"TTAGGCATCCAGTATG-1",2.62615392477935
"TTAGGCATCGTTACGA-1",0
"TTAGTTCAGGTGCAAC-1",1.72311168315317
"TTAGTTCCAATGTAAG-1",0
"TTAGTTCCATCCTTGC-1",1.46122980539364
"TTAGTTCGTAGCCTAT-1",0
"TTAGTTCGTGCAGACA-1",0
"TTAGTTCGTGTCAATC-1",0
"TTAGTTCGTTGCCTCT-1",0
"TTAGTTCTCAGGCCCA-1",0
"TTAGTTCTCGCAGGCT-1",0
"TTAGTTCTCTACTATC-1",1.56220326605152
"TTATGCTAGAATGTGT-1",3.00203669896295
"TTATGCTAGCACACAG-1",1.81742202314284
"TTATGCTAGCAGCCTC-1",1.41517501661356
"TTATGCTAGTCCCACG-1",1.61168168290827
"TTATGCTCAGCCAGAA-1",0
"TTATGCTCATACCATG-1",0
"TTATGCTCATGTAGTC-1",3.61690356616575
"TTATGCTGTCCGAGTC-1",0
"TTATGCTTCGATAGAA-1",0
"TTCCCAGAGAATTCCC-1",0
"TTCCCAGAGACTAGAT-1",1.51040875805983
"TTCCCAGAGTATCGAA-1",0
"TTCCCAGCAGATGGGT-1",0
"TTCCCAGCATCAGTAC-1",0
"TTCCCAGCATCTCCCA-1",1.85078388857223
"TTCCCAGCATTACCTT-1",2.35105865117698
"TTCCCAGTCAACACTG-1",0
"TTCCCAGTCGAGAGCA-1",0
"TTCGAAGAGTCTCAAC-1",0
"TTCGAAGCAAGCGCTC-1",0
"TTCGAAGCACATTAGC-1",0
"TTCGAAGCACGGTGTC-1",0
"TTCGGTCAGAGGACGG-1",1.7000594688291
"TTCGGTCAGCACACAG-1",0
"TTCGGTCAGGCCCTCA-1",0
"TTCGGTCAGTGAATTG-1",0
"TTCGGTCAGTTGAGAT-1",3.01211538468019
"TTCGGTCCAAGGGTCA-1",0
"TTCGGTCCACGTCAGC-1",0
"TTCGGTCGTAACGTTC-1",0
"TTCGGTCGTAGAGTGC-1",0
"TTCGGTCGTTCATGGT-1",0
"TTCGGTCGTTCTGTTT-1",0
"TTCGGTCTCAAAGACA-1",0
"TTCGGTCTCCAGTATG-1",1.49278393904348
"TTCGGTCTCGCGTTTC-1",0
"TTCGGTCTCGTCTGAA-1",0
"TTCTACAAGACTAAGT-1",0.870344147873255
"TTCTACAAGCAGCCTC-1",0
"TTCTACAAGCCTTGAT-1",0
"TTCTACAAGGCAGGTT-1",0
"TTCTACAAGGTAAACT-1",0
"TTCTACAAGTTAGGTA-1",0
"TTCTACACACGTGAGA-1",0
"TTCTACACAGCTGTTA-1",1.80947696635039
"TTCTACACATCGATTG-1",3.61690356616575
"TTCTACACATTACGAC-1",0
"TTCTACAGTACCGTTA-1",0
"TTCTACAGTATATGAG-1",0
"TTCTACAGTGGCTCCA-1",0
"TTCTACATCAACGGGA-1",0
"TTCTACATCCGCGTTT-1",3.61690356616575
"TTCTCAAAGAAAGTGG-1",0
"TTCTCAAAGAATCTCC-1",3.01211538468019
"TTCTCAAAGAGGTTAT-1",0
"TTCTCAAAGCAGCCTC-1",0
"TTCTCAAAGCCGCCTA-1",1.79092662167429
"TTCTCAAAGTCAATAG-1",1.5800194241723
"TTCTCAAAGTTGAGAT-1",3.13789848972927
"TTCTCAACACCCAGTG-1",1.77487760908237
"TTCTCAACATTGTGCA-1",1.1851503914433
"TTCTCAAGTATAAACG-1",0
"TTCTCAAGTCCCTTGT-1",0
"TTCTCAAGTCGAGATG-1",0
"TTCTCAATCATCGCTC-1",1.60180185878519
"TTCTCAATCCCTAACC-1",0
"TTCTCAATCGTAGGAG-1",2.00231072315989
"TTCTCCTAGAGTAAGG-1",0
"TTCTCCTAGCGACGTA-1",0
"TTCTCCTAGCGTGAGT-1",0
"TTCTCCTAGTCTCGGC-1",0
"TTCTCCTCAACACGCC-1",1.74344089195725
"TTCTCCTCAATAACGA-1",0
"TTCTCCTGTTAAGAAC-1",0
"TTCTCCTTCAGTTCGA-1",0
"TTCTCCTTCCGTAGGC-1",2.19366380648398
"TTCTCCTTCCTTTCTC-1",1.39134050249977
"TTCTCCTTCTGCAAGT-1",3.61690356616575
"TTCTCCTTCTTCAACT-1",0
"TTCTCCTTCTTGTACT-1",0
"TTCTTAGAGGACTGGT-1",1.89553501908368
"TTCTTAGCAAGGTGTG-1",0
"TTCTTAGCATCGGAAG-1",0
"TTCTTAGGTAGAAGGA-1",0
"TTCTTAGGTCATATGC-1",0
"TTCTTAGTCAGTTCGA-1",0
"TTGAACGGTCACTTCC-1",0
"TTGAACGTCATGTCCC-1",0
"TTGACTTAGCCACGTC-1",0
"TTGACTTAGCGACGTA-1",1.2133165770732
"TTGACTTAGTTAACGA-1",0
"TTGACTTCACTTACGA-1",0
"TTGACTTGTCTCTCTG-1",3.88904110388816
"TTGACTTGTGCGATAG-1",0
"TTGACTTTCCAGAGGA-1",0
"TTGACTTTCTGTCCGT-1",0
"TTGCCGTAGGAGCGTT-1",0
"TTGCCGTAGGTGGGTT-1",0
"TTGCCGTCATGGTCAT-1",0
"TTGCGTCAGACAGAGA-1",1.79510060163789
"TTGCGTCAGCTCCTTC-1",0
"TTGCGTCAGTCCATAC-1",0
"TTGCGTCAGTGAATTG-1",1.7000594688291
"TTGCGTCCAAATTGCC-1",1.68989523212849
"TTGCGTCCACTGTGTA-1",1.93603268455258
"TTGCGTCCAGTCACTA-1",0
"TTGCGTCGTCTGATTG-1",0
"TTGGAACAGCCCAATT-1",0
"TTGGAACAGCGTCTAT-1",1.82315514601964
"TTGGAACAGGCGTACA-1",0
"TTGGAACGTATTACCG-1",2.82535983370175
"TTGGAACTCCCATTAT-1",0
"TTGGAACTCCGTAGTA-1",0
"TTGGAACTCGTCCAGG-1",0
"TTGGCAAAGTTAGGTA-1",0
"TTGGCAAGTATAGGTA-1",0
"TTGGCAATCACATGCA-1",0
"TTGGCAATCAGAGCTT-1",0
"TTGGCAATCGCATGAT-1",0
"TTGGCAATCTAGAGTC-1",0
"TTGTAGGAGGTGCTAG-1",1.41517501661356
"TTGTAGGCACACGCTG-1",0
"TTGTAGGGTCTCCCTA-1",1.88883661405088
"TTGTAGGGTGGTAACG-1",0
"TTGTAGGTCGGCGCTA-1",0
"TTGTAGGTCTGCCAGG-1",0
"TTTACTGAGATCACGG-1",0
"TTTACTGCAAAGCAAT-1",0
"TTTACTGCACATGGGA-1",0
"TTTACTGCACCACGTG-1",0
"TTTACTGCATGGGACA-1",0
"TTTACTGCATGTCCTC-1",0
"TTTACTGGTAACGTTC-1",1.9179810120487
"TTTACTGGTGGTGTAG-1",0
"TTTACTGGTTCGCTAA-1",0
"TTTACTGTCTGGAGCC-1",1.1851503914433
"TTTATGCAGACTGTAA-1",3.07827908851564
"TTTATGCAGATGCGAC-1",2.14493407592794
"TTTATGCAGGCAAAGA-1",0
"TTTATGCAGGCCCGTT-1",0
"TTTATGCAGTTCCACA-1",0
"TTTATGCCAAACGCGA-1",0
"TTTATGCCAATCTGCA-1",0
"TTTATGCCACAGGTTT-1",0
"TTTATGCCAGCCAATT-1",0
"TTTATGCCAGGTCGTC-1",1.1851503914433
"TTTATGCCATGGTCAT-1",0
"TTTATGCTCACATAGC-1",2.35709500583626
"TTTATGCTCACCTTAT-1",0
"TTTATGCTCGGCGGTT-1",0
"TTTATGCTCTCGCTTG-1",0
"TTTCCTCAGCGTGAAC-1",0
"TTTCCTCAGGACTGGT-1",0
"TTTCCTCCAAAGTGCG-1",2.00231072315989
"TTTCCTCCAGGAATGC-1",2.35105865117698
"TTTCCTCCATTAGCCA-1",1.60180185878519
"TTTCCTCGTCCGAAGA-1",0
"TTTCCTCGTCGCTTTC-1",0
"TTTCCTCTCGGCCGAT-1",0
"TTTCCTCTCGTGTAGT-1",0
"TTTGCGCAGCTAAACA-1",0
"TTTGCGCAGCTAGTCT-1",0
"TTTGCGCAGGCCGAAT-1",0
"TTTGCGCAGTCAAGGC-1",0
"TTTGCGCCAAGTAGTA-1",0
"TTTGCGCCAGGTGCCT-1",1.39134050249977
"TTTGCGCGTCTAAACC-1",0
"TTTGCGCTCAAAGTAG-1",0
"TTTGCGCTCATGTAGC-1",0
"TTTGGTTAGAATGTGT-1",0
"TTTGGTTAGACAATAC-1",0
"TTTGGTTAGCGATTCT-1",1.35183456833378
"TTTGGTTAGGCTCAGA-1",0
"TTTGGTTAGTTACCCA-1",0
"TTTGGTTCAAACTGCT-1",0
"TTTGGTTCAAGCTGTT-1",0
"TTTGGTTCAGATCGGA-1",0
"TTTGGTTCATCACAAC-1",1.46122980539364
"TTTGGTTGTACTTCTT-1",0
"TTTGGTTGTATGCTTG-1",0
"TTTGGTTGTGCTTCTC-1",0
"TTTGGTTTCATGCTCC-1",0
"TTTGGTTTCCCTGACT-1",0
"TTTGTCAAGAGTCGGT-1",0
"TTTGTCACAAGTTCTG-1",0
"TTTGTCACAAGTTGTC-1",0
"TTTGTCATCACCTTAT-1",0
"TTTGTCATCCATTCTA-1",0
"TTTGTCATCCTTAATC-1",0
"TTTGTCATCTTATCTG-1",0
