"cell_barcode","expression"
"AAACCTGAGACAGAGA-1",1.27202018532068
"AAACCTGAGACTTTCG-1",0
"AAACCTGAGAGTAAGG-1",0
"AAACCTGAGAGTCGGT-1",1.90375129004809
"AAACCTGAGGATGGAA-1",0
"AAACCTGAGTAGATGT-1",0
"AAACCTGCAATCAGAA-1",0
"AAACCTGCACCGATAT-1",0
"AAACCTGCAGACGTAG-1",0
"AAACCTGCAGTATCTG-1",1.60592717715981
"AAACCTGCATAGTAAG-1",1.75600655495005
"AAACCTGCATGAACCT-1",3.2538146967112
"AAACCTGGTAAGAGGA-1",0
"AAACCTGGTCCAACTA-1",1.73052744977812
"AAACCTGTCCGTAGTA-1",0
"AAACCTGTCGAGAGCA-1",0
"AAACGGGAGTACGACG-1",0
"AAACGGGCAAGGTTTC-1",1.64898177957307
"AAACGGGCACGTCAGC-1",0
"AAACGGGCAGCGTTCG-1",0
"AAACGGGGTAGCCTCG-1",1.22253449173306
"AAACGGGGTCTACCTC-1",0
"AAACGGGGTGCGGTAA-1",3.23853065249147
"AAACGGGGTTGTCGCG-1",0
"AAACGGGTCCATGAGT-1",2.7248018763304
"AAACGGGTCCCAACGG-1",2.94789792700352
"AAACGGGTCCCATTAT-1",1.23139538262589
"AAAGATGCAGTCAGCC-1",0
"AAAGATGCATCTACGA-1",0
"AAAGCAAAGCGTCTAT-1",0
"AAAGCAACATGTCGAT-1",3.62802889033617
"AAAGCAAGTAGCTGCC-1",0
"AAAGCAAGTAGGCATG-1",1.80394603009865
"AAAGCAAGTGCGCTTG-1",0
"AAAGCAAGTTATTCTC-1",0
"AAAGCAATCCGTAGTA-1",1.56131017941111
"AAAGTAGAGATGTGTA-1",1.55745419419753
"AAAGTAGAGTGGGCTA-1",0
"AAAGTAGGTATATGGA-1",0
"AAAGTAGGTGAGCGAT-1",1.4911814428667
"AAAGTAGGTTGAGGTG-1",0
"AAATGCCAGCCCTAAT-1",1.24162561788252
"AAATGCCAGCGTGTCC-1",1.8498800654113
"AAATGCCCAACACCTA-1",0
"AAATGCCGTAGGAGTC-1",1.21731972188124
"AAATGCCGTCTTTCAT-1",1.67810552777897
"AAATGCCGTGGTCCGT-1",5.28067497443169
"AAATGCCGTTCCCGAG-1",0
"AAATGCCTCATAGCAC-1",0
"AAATGCCTCGCTTAGA-1",0
"AACACGTAGAATTCCC-1",1.05086324900709
"AACACGTAGCCCTAAT-1",3.66508019987753
"AACACGTAGGGTGTGT-1",0
"AACACGTCACTGTCGG-1",0
"AACACGTCATCCCATC-1",3.09590520071077
"AACACGTGTGCAACGA-1",1.55893456990057
"AACACGTGTGTCGCTG-1",0
"AACCATGAGCGCTTAT-1",0
"AACCATGGTCCGTTAA-1",0
"AACCATGTCAGTTCGA-1",1.48296601152254
"AACCATGTCATCGATG-1",3.23853065249147
"AACCATGTCCCAAGTA-1",1.44466720250658
"AACCGCGAGAAGCCCA-1",0
"AACCGCGAGACTGGGT-1",1.44466720250658
"AACCGCGAGAGGTACC-1",0
"AACCGCGAGTTAGGTA-1",0
"AACCGCGAGTTGCAGG-1",3.40078543970435
"AACCGCGCACGGTAGA-1",0
"AACCGCGCAGCATGAG-1",1.34781411449433
"AACCGCGCAGCCTGTG-1",0
"AACCGCGCAGCTGTGC-1",0
"AACCGCGCAGTATGCT-1",0
"AACCGCGGTACTTGAC-1",0
"AACCGCGGTCTGCAAT-1",1.46122980539364
"AACCGCGTCACATGCA-1",0
"AACCGCGTCACCGTAA-1",1.76317442783216
"AACCGCGTCCAGAGGA-1",2.36492133554336
"AACCGCGTCCGAAGAG-1",1.87095651088925
"AACGTTGAGCGATAGC-1",0
"AACGTTGAGCGATCCC-1",0
"AACGTTGAGCTTATCG-1",0
"AACGTTGCAAGTTGTC-1",1.46890644327991
"AACGTTGCAATAGAGT-1",1.73052744977812
"AACGTTGCAATGGATA-1",0
"AACGTTGCATGGATGG-1",0
"AACGTTGCATTCTCAT-1",1.39956469804079
"AACGTTGTCAACACGT-1",4.76745498298894
"AACGTTGTCGAGGTAG-1",0
"AACGTTGTCGGTCCGA-1",2.98207053895617
"AACTCAGAGAGCTATA-1",4.57077804265577
"AACTCAGAGAGTCGGT-1",1.64898177957307
"AACTCAGAGCCACCTG-1",3.45054588738454
"AACTCAGAGCCCAATT-1",2.7248018763304
"AACTCAGCAAACAACA-1",1.44466720250658
"AACTCAGCACAAGCCC-1",0
"AACTCAGCACGGTTTA-1",1.52122236300469
"AACTCAGCAGGATCGA-1",0
"AACTCAGCATAAAGGT-1",0
"AACTCAGGTTCCACAA-1",2.10187805565909
"AACTCAGTCGTACCGG-1",0
"AACTCCCAGCCCAGCT-1",0
"AACTCCCAGCTAAGAT-1",2.10187805565909
"AACTCCCCATGGTCTA-1",1.46122980539364
"AACTCCCGTTGCGCAC-1",1.4911814428667
"AACTCCCTCAAGAAGT-1",0
"AACTCCCTCAAGCCTA-1",0
"AACTCCCTCATCGCTC-1",1.58063191318502
"AACTCCCTCTGCAGTA-1",0
"AACTCCCTCTGGCGTG-1",0
"AACTCTTAGCAGACTG-1",0
"AACTCTTAGTCCGGTC-1",0
"AACTCTTCATGCTAGT-1",0
"AACTCTTGTCGAATCT-1",1.83468451394509
"AACTCTTGTCGGGTCT-1",3.23853065249147
"AACTCTTTCTCAAACG-1",0
"AACTCTTTCTCCAGGG-1",3.45641580174102
"AACTCTTTCTCTGCTG-1",1.94266006066584
"AACTGGTAGAAGATTC-1",0
"AACTGGTAGAGACTAT-1",0
"AACTGGTAGCCAACAG-1",1.90375129004809
"AACTGGTAGTGTACTC-1",0
"AACTGGTCACTGAAGG-1",0
"AACTGGTGTCCGAACC-1",0
"AACTGGTTCGGAGCAA-1",1.21731972188124
"AACTGGTTCGTGGGAA-1",5.65709552531423
"AACTGGTTCTGCTTGC-1",1.86447737042023
"AACTTTCAGCGTGAAC-1",0
"AACTTTCAGTATCTCG-1",0
"AACTTTCAGTTTCCTT-1",0
"AACTTTCCATCCTTGC-1",0
"AACTTTCGTCTAGAGG-1",1.65511853346191
"AACTTTCGTCTCTTTA-1",0
"AACTTTCGTTTGTTTC-1",0
"AAGACCTAGGGCTTCC-1",0
"AAGACCTAGTACACCT-1",0
"AAGACCTGTATATGAG-1",0
"AAGACCTGTATCAGTC-1",0
"AAGACCTGTCCGTGAC-1",1.23139538262589
"AAGACCTGTCGAAAGC-1",0
"AAGACCTTCGCCATAA-1",0
"AAGCCGCAGATCTGAA-1",1.56131017941111
"AAGCCGCAGGGTGTTG-1",0
"AAGCCGCAGTGGACGT-1",1.6880958603865
"AAGCCGCAGTGTACTC-1",3.79561880548436
"AAGCCGCCACGCTTTC-1",0
"AAGCCGCCAGGACGTA-1",0
"AAGCCGCGTACAGTTC-1",1.46890644327991
"AAGCCGCGTCATTAGC-1",0
"AAGCCGCTCACGAAGG-1",2.8976843818646
"AAGCCGCTCAGTTAGC-1",3.34063325574919
"AAGCCGCTCGCAAACT-1",5.28067497443169
"AAGCCGCTCGTCGTTC-1",0
"AAGCCGCTCTTACCGC-1",0
"AAGGAGCAGAAACCGC-1",0
"AAGGAGCAGGCATGTG-1",1.46122980539364
"AAGGAGCAGGCGCTCT-1",0
"AAGGAGCAGTTGAGTA-1",0
"AAGGAGCCACGGCGTT-1",0
"AAGGAGCGTCTGCAAT-1",1.65924073491792
"AAGGAGCTCGTCTGCT-1",0
"AAGGCAGAGAACTGTA-1",2.21810548003173
"AAGGCAGAGAGATGAG-1",0
"AAGGCAGAGGTGATAT-1",0
"AAGGCAGCATAGTAAG-1",0
"AAGGCAGGTACTTCTT-1",0
"AAGGCAGGTGTGCCTG-1",1.52038403247398
"AAGGCAGTCAGATAAG-1",2.7248018763304
"AAGGCAGTCGGAATCT-1",2.94789792700352
"AAGGTTCAGTATCTCG-1",0
"AAGGTTCCATCACGTA-1",1.27815292394912
"AAGGTTCGTATATGGA-1",0
"AAGGTTCGTCCGAATT-1",0
"AAGGTTCGTCGACTAT-1",2.51674442419746
"AAGGTTCGTGTGACCC-1",5.06258773333605
"AAGGTTCTCCGTCATC-1",0
"AAGGTTCTCCTCGCAT-1",1.46122980539364
"AAGGTTCTCTGCGGCA-1",0
"AAGTCTGAGCCATCGC-1",3.34063325574919
"AAGTCTGAGTCAAGCG-1",0
"AAGTCTGCAAAGGAAG-1",0
"AAGTCTGGTCAGCTAT-1",0
"AAGTCTGTCAAACAAG-1",0
"AAGTCTGTCACTGGGC-1",1.23139538262589
"AAGTCTGTCAGCAACT-1",0
"AATCCAGCAAAGTGCG-1",3.79561880548436
"AATCCAGCAGCATACT-1",1.36819599085483
"AATCCAGGTAGGCATG-1",1.67810552777897
"AATCCAGGTCTCCCTA-1",2.02195542015221
"AATCCAGTCCGAATGT-1",1.02074190468261
"AATCGGTAGGCATGGT-1",0
"AATCGGTTCCTGTACC-1",1.6880958603865
"AATCGGTTCGCCGTGA-1",0
"ACACCAAAGATGAGAG-1",2.66416114815826
"ACACCAAAGCCCTAAT-1",0
"ACACCAAAGGATGGTC-1",0
"ACACCAAAGTGTCCAT-1",0
"ACACCAACACTTCGAA-1",0
"ACACCAACAGACGCTC-1",1.61425526418314
"ACACCAACAGCCTATA-1",0
"ACACCAAGTCGCGTGT-1",0
"ACACCAAGTCTAAACC-1",1.44466720250658
"ACACCAAGTTATGTGC-1",1.66338806773757
"ACACCAATCGCGTTTC-1",4.89315825910749
"ACACCCTAGCCAGGAT-1",1.02074190468261
"ACACCCTAGTACTTGC-1",0.834477892848759
"ACACCCTCAAGCGCTC-1",1.65511853346191
"ACACCCTCATCACAAC-1",3.40078543970435
"ACACCCTCATGCCCGA-1",3.40078543970435
"ACACCCTGTCTGGTCG-1",1.73147862064088
"ACACCCTTCCGCAAGC-1",1.31103918124792
"ACACCCTTCCTTGCCA-1",0
"ACACCCTTCTATCCTA-1",0
"ACACCCTTCTGGCGTG-1",0
"ACACCGGAGGCTCAGA-1",1.80394603009865
"ACACCGGAGTGACATA-1",1.89746006310715
"ACACCGGAGTTACCCA-1",3.16509476565404
"ACACCGGCACCAGATT-1",3.45641580174102
"ACACCGGCACCGAAAG-1",1.8498800654113
"ACACCGGCATCACAAC-1",0
"ACACCGGTCCGCATAA-1",0
"ACACCGGTCTCGGACG-1",0
"ACACCGGTCTCTGTCG-1",1.3778787463806
"ACACTGAAGCACGCCT-1",0
"ACACTGAAGGTGATTA-1",1.3053269184011
"ACACTGACAATAGAGT-1",0
"ACACTGACAGACTCGC-1",2.15099969048133
"ACACTGACATCCAACA-1",0
"ACACTGAGTCCGAAGA-1",0
"ACACTGAGTGTTTGTG-1",0
"ACACTGAGTTTGACTG-1",0
"ACAGCCGAGGAATGGA-1",1.66338806773757
"ACAGCCGAGGCCCGTT-1",1.74812676048036
"ACAGCCGAGGTGCTTT-1",0
"ACAGCCGAGTGGTAGC-1",0
"ACAGCCGCATATACGC-1",1.59990646616855
"ACAGCCGCATGCAACT-1",2.86945390654228
"ACAGCCGGTAGGGTAC-1",0
"ACAGCCGGTCGAATCT-1",1.68989523212849
"ACAGCCGGTTCACCTC-1",2.84279219070872
"ACAGCCGGTTCCACTC-1",1.55893456990057
"ACAGCCGTCCAGAAGG-1",1.60592717715981
"ACAGCCGTCTTTACAC-1",0
"ACAGCTAAGCACCGCT-1",1.89746006310715
"ACAGCTAAGTATCTCG-1",4.20940190435095
"ACAGCTAAGTGTTGAA-1",1.87095651088925
"ACAGCTACATCGTCGG-1",3.23853065249147
"ACAGCTAGTCGACTAT-1",0
"ACAGCTAGTGGTACAG-1",1.44466720250658
"ACAGCTATCACCACCT-1",0
"ACAGCTATCTGCTTGC-1",0
"ACATACGAGAGCTTCT-1",1.71934145980446
"ACATACGAGCGTAGTG-1",1.68989523212849
"ACATACGAGCTTCGCG-1",0
"ACATACGAGCTTTGGT-1",0
"ACATACGCAAACGTGG-1",1.05086324900709
"ACATACGCAAGCCTAT-1",1.59990646616855
"ACATACGCATCTCCCA-1",3.47034330162262
"ACATACGCATTCTCAT-1",0
"ACATACGGTAGGAGTC-1",2.41210656909005
"ACATACGGTGCACCAC-1",0
"ACATACGGTGGTTTCA-1",1.9907182300845
"ACATACGTCGTATCAG-1",3.91630912223824
"ACATCAGAGCCACTAT-1",3.09284946504341
"ACATCAGAGCCTTGAT-1",1.8498800654113
"ACATCAGCAACACCCG-1",0
"ACATCAGCAACGATGG-1",0
"ACATCAGCAATTGCTG-1",0
"ACATCAGCACCGGAAA-1",1.56220326605152
"ACATCAGCATAAAGGT-1",1.80394603009865
"ACATCAGCATCCCACT-1",1.3778787463806
"ACATCAGCATTTGCCC-1",0
"ACATCAGGTAAGGATT-1",0
"ACATCAGGTCCGTGAC-1",0
"ACATCAGGTTAAGTAG-1",3.66692571788025
"ACATCAGTCAAACCGT-1",1.23139538262589
"ACATGGTAGCATGGCA-1",1.56131017941111
"ACATGGTAGCTGTTCA-1",1.55745419419753
"ACATGGTCACTTGGAT-1",1.88645899306714
"ACATGGTGTCAGATAA-1",0
"ACATGGTGTCTGCGGT-1",2.02195542015221
"ACATGGTGTGCAACTT-1",1.80056345012877
"ACATGGTTCCGCAAGC-1",0
"ACATGGTTCCTCCTAG-1",2.59519846826184
"ACATGGTTCTGGAGCC-1",2.51674442419746
"ACATGGTTCTTCTGGC-1",1.72918676816664
"ACCAGTAAGATCACGG-1",0
"ACCAGTAAGCTTCGCG-1",1.77895836945314
"ACCAGTACACAGATTC-1",4.20940190435095
"ACCAGTACACAGGCCT-1",0
"ACCAGTACAGTATGCT-1",1.95401084829981
"ACCAGTACAGTCAGAG-1",0
"ACCAGTACAGTTTACG-1",1.46122980539364
"ACCAGTAGTCACCCAG-1",0
"ACCAGTAGTCCATCCT-1",0
"ACCAGTAGTCTTCAAG-1",0
"ACCAGTAGTGGACGAT-1",0
"ACCAGTATCTGCGACG-1",2.41210656909005
"ACCAGTATCTGCTTGC-1",0
"ACCAGTATCTGTTTGT-1",1.87095651088925
"ACCCACTAGAGGTTAT-1",1.24162561788252
"ACCCACTAGATCCCGC-1",1.75726755185142
"ACCCACTAGATGTGTA-1",0
"ACCCACTAGCCCAATT-1",1.52038403247398
"ACCCACTCAAGGGTCA-1",3.62802889033617
"ACCCACTCAAGGTTCT-1",1.56131017941111
"ACCCACTGTAAATGAC-1",0
"ACCCACTGTAGCCTCG-1",0
"ACCCACTGTCAAAGAT-1",1.56220326605152
"ACCCACTGTCAATACC-1",4.20940190435095
"ACCCACTGTGTGGTTT-1",0
"ACCCACTTCGCAAACT-1",0
"ACCCACTTCTGCCAGG-1",1.39956469804079
"ACCGTAACAATCGGTT-1",1.66825874174476
"ACCGTAACAATCTACG-1",1.64898177957307
"ACCGTAACAGGTCCAC-1",1.7063043852994
"ACCGTAAGTACAGCAG-1",0
"ACCGTAAGTCATGCAT-1",0
"ACCGTAAGTGAGTGAC-1",0
"ACCGTAAGTTAAGAAC-1",1.64898177957307
"ACCGTAAGTTCCGTCT-1",0
"ACCGTAATCACATAGC-1",0
"ACCGTAATCATGTGGT-1",1.3778787463806
"ACCGTAATCTGAAAGA-1",0
"ACCTTTACAATCGGTT-1",0
"ACCTTTACACGGACAA-1",0
"ACCTTTACAGCAGTTT-1",1.65924073491792
"ACCTTTACATGCAACT-1",1.55893456990057
"ACCTTTACATTTCAGG-1",2.59519846826184
"ACCTTTAGTGAACCTT-1",1.66338806773757
"ACCTTTAGTTCCACTC-1",3.16509476565404
"ACCTTTATCTCTAGGA-1",0
"ACGAGCCAGGCAGGTT-1",4.84560250094977
"ACGAGCCCACAGGCCT-1",3.91630912223824
"ACGAGCCCATGGAATA-1",0
"ACGAGCCGTGCACGAA-1",1.67527766992964
"ACGAGCCGTGTGACCC-1",0
"ACGAGCCGTTGGTTTG-1",4.89315825910749
"ACGAGCCTCAGTCCCT-1",1.82764235530237
"ACGAGCCTCGCAAACT-1",0
"ACGAGGACACTACAGT-1",1.60592717715981
"ACGAGGACATGTAGTC-1",0
"ACGAGGAGTACACCGC-1",0
"ACGAGGAGTGCCTGCA-1",5.06258773333605
"ACGAGGAGTTCTGAAC-1",1.36819599085483
"ACGAGGATCTGCGGCA-1",0
"ACGATACAGAGTGACC-1",0
"ACGATACAGCGCCTTG-1",1.94061461225251
"ACGATACCACGTTGGC-1",5.06258773333605
"ACGATACCATTGGGCC-1",1.42950232524682
"ACGATACGTCGAATCT-1",0
"ACGATACTCTGACCTC-1",0
"ACGATGTAGTGCGATG-1",2.7248018763304
"ACGATGTAGTTGAGAT-1",0
"ACGATGTCAACGCACC-1",0
"ACGATGTCACACGCTG-1",0
"ACGATGTGTATTCTCT-1",0
"ACGATGTGTCAGTGGA-1",0
"ACGATGTGTGACTACT-1",0
"ACGATGTGTGTCGCTG-1",0
"ACGATGTTCGCGTAGC-1",4.72849518186213
"ACGATGTTCTCTTATG-1",1.59990646616855
"ACGCAGCAGCGGCTTC-1",0
"ACGCAGCAGCTGCGAA-1",2.8976843818646
"ACGCAGCAGTGTACGG-1",1.64898177957307
"ACGCAGCCACCTCGTT-1",0
"ACGCAGCCATCGACGC-1",0
"ACGCAGCCATTACCTT-1",0
"ACGCAGCGTCCATGAT-1",0
"ACGCAGCGTCTACCTC-1",0
"ACGCAGCGTCTGGTCG-1",1.42877793858469
"ACGCAGCGTGCGATAG-1",1.9269522353107
"ACGCCAGCAAAGCAAT-1",0
"ACGCCAGCAACGCACC-1",1.78719078578184
"ACGCCAGCACGAGAGT-1",2.36492133554336
"ACGCCAGCAGTGAGTG-1",0
"ACGCCAGGTGCACTTA-1",0
"ACGCCAGGTGTGCGTC-1",1.74812676048036
"ACGCCAGTCACAGGCC-1",0
"ACGCCAGTCAGTGTTG-1",0
"ACGCCGAAGAAACGCC-1",0
"ACGCCGAAGATCTGCT-1",3.91630912223824
"ACGCCGACAGCCTGTG-1",1.61425526418314
"ACGCCGAGTTCCAACA-1",0
"ACGCCGATCCTATGTT-1",0
"ACGCCGATCGCAGGCT-1",0
"ACGCCGATCTTGTATC-1",3.5083873050445
"ACGGAGAAGCCAGTTT-1",0
"ACGGAGACACACATGT-1",1.9907182300845
"ACGGAGACAGCCTGTG-1",0
"ACGGAGACAGCGTAAG-1",0
"ACGGAGACAGTAAGCG-1",1.3778787463806
"ACGGAGAGTGTGACGA-1",1.22253449173306
"ACGGAGATCCACGAAT-1",0
"ACGGCCACACATCCAA-1",1.27202018532068
"ACGGCCACACATTCGA-1",0
"ACGGCCAGTACCGTAT-1",0
"ACGGCCAGTGTATGGG-1",1.8498800654113
"ACGGCCATCACGGTTA-1",2.19014490174816
"ACGGCCATCAGTGTTG-1",5.65709552531423
"ACGGCCATCTACTATC-1",2.15099969048133
"ACGGGCTAGGATCGCA-1",0
"ACGGGCTAGGTTCCTA-1",0
"ACGGGCTAGTGGCACA-1",0
"ACGGGCTCATCTGGTA-1",0
"ACGGGCTGTGAGGCTA-1",0
"ACGGGCTTCCGAACGC-1",1.90375129004809
"ACGGGTCAGATGCCAG-1",1.71934145980446
"ACGGGTCCATGATCCA-1",2.8535659338888
"ACGGGTCCATTAGGCT-1",1.55745419419753
"ACGGGTCCATTTCACT-1",3.40078543970435
"ACGGGTCGTTAGGGTG-1",1.86355644233966
"ACGGGTCTCAACACCA-1",0
"ACGGGTCTCCACGCAG-1",1.63653939971336
"ACGTCAAAGGGCTTCC-1",0
"ACGTCAAAGTGGTAAT-1",0
"ACGTCAACAACTGCGC-1",4.20940190435095
"ACGTCAACACAAGACG-1",1.56131017941111
"ACGTCAAGTAGCTCCG-1",1.24162561788252
"ACGTCAAGTGTCGCTG-1",0
"ACGTCAAGTTATGCGT-1",1.78059725485862
"ACGTCAATCAACCAAC-1",1.60592717715981
"ACGTCAATCATAACCG-1",0
"ACGTCAATCCAGAAGG-1",0
"ACGTCAATCTAACTCT-1",1.86355644233966
"ACTATCTAGAGGTTAT-1",1.88645899306714
"ACTATCTAGATACACA-1",0
"ACTATCTAGGAGTAGA-1",1.75323859068789
"ACTATCTAGGCATGTG-1",1.89746006310715
"ACTATCTCAAATACAG-1",1.83468451394509
"ACTATCTCAAATTGCC-1",0
"ACTATCTGTAGGGACT-1",0
"ACTATCTGTCGCGTGT-1",1.65683308016806
"ACTATCTGTGCACGAA-1",4.57077804265577
"ACTATCTGTGGTTTCA-1",0
"ACTATCTTCGCCGTGA-1",0
"ACTGAACAGAGTGAGA-1",0
"ACTGAACAGATCCCGC-1",2.02195542015221
"ACTGAACAGGTGATAT-1",0
"ACTGAACCAAAGCGGT-1",0
"ACTGAACCAAGCGAGT-1",2.7248018763304
"ACTGAACCAATTCCTT-1",0
"ACTGAACCAGCTGGCT-1",3.79561880548436
"ACTGAACCAGTCTTCC-1",0
"ACTGAACCATTACCTT-1",1.68701849187099
"ACTGAACGTAAGCACG-1",1.42877793858469
"ACTGAACGTAATCGTC-1",1.83468451394509
"ACTGAACGTCCAGTAT-1",3.91207304990333
"ACTGAACGTCTGATCA-1",0
"ACTGAACTCCCACTTG-1",0
"ACTGAGTAGCCGGTAA-1",0
"ACTGAGTCAGTGGGAT-1",2.15099969048133
"ACTGAGTCATTTGCCC-1",1.73052744977812
"ACTGAGTGTAGAGCTG-1",4.19345007863452
"ACTGAGTGTTGTGGCC-1",0
"ACTGAGTTCAGGTTCA-1",0
"ACTGATGAGACAGACC-1",1.47485632725806
"ACTGATGAGCGGATCA-1",1.27202018532068
"ACTGATGAGGTGCTTT-1",2.63440666968745
"ACTGATGCAGCAGTTT-1",0
"ACTGATGCATCACAAC-1",0
"ACTGATGGTCATGCAT-1",0
"ACTGATGTCACAATGC-1",1.42062753078112
"ACTGATGTCACTCCTG-1",0
"ACTGATGTCCCTGACT-1",0
"ACTGATGTCCGCTGTT-1",0
"ACTGATGTCCGGCACA-1",1.31103918124792
"ACTGATGTCCTATTCA-1",1.7063043852994
"ACTGCTCAGAGCTTCT-1",0
"ACTGCTCAGATGCCTT-1",0
"ACTGCTCCACACCGCA-1",2.66416114815826
"ACTGCTCCAGATGGGT-1",1.64390993462428
"ACTGCTCCATGCCTAA-1",3.91630912223824
"ACTGCTCGTAGGCATG-1",1.44466720250658
"ACTGCTCGTATCACCA-1",0
"ACTGCTCGTCCGAAGA-1",2.19014490174816
"ACTGCTCTCCGAGCCA-1",1.56131017941111
"ACTGTCCAGAGGGCTT-1",0
"ACTGTCCAGCAGCGTA-1",0
"ACTGTCCAGGCATGGT-1",0
"ACTGTCCCAAGGTTTC-1",1.05086324900709
"ACTGTCCCAAGTACCT-1",0
"ACTGTCCCAGTATCTG-1",0
"ACTGTCCCATAGAAAC-1",3.79561880548436
"ACTGTCCGTTGAGGTG-1",0
"ACTGTCCTCCACGTGG-1",0
"ACTGTCCTCCTTGGTC-1",0
"ACTGTCCTCTCTGTCG-1",0
"ACTTACTAGCGATAGC-1",0
"ACTTACTAGGGATGGG-1",0
"ACTTACTCACAGACAG-1",0
"ACTTACTCACATTTCT-1",0
"ACTTACTGTACTCAAC-1",0
"ACTTACTGTTCCACAA-1",2.02195542015221
"ACTTACTTCATCGGAT-1",0
"ACTTGTTAGACAAGCC-1",1.72311168315317
"ACTTGTTAGCTAGCCC-1",0
"ACTTGTTAGTTACCCA-1",0
"ACTTGTTCACGACGAA-1",3.5083873050445
"ACTTGTTCACGGCTAC-1",0
"ACTTGTTGTATCGCAT-1",1.86355644233966
"ACTTGTTGTGGTAACG-1",2.59519846826184
"ACTTGTTGTTGTGGAG-1",0
"ACTTGTTTCATCACCC-1",0
"ACTTTCACATGGTCAT-1",3.09590520071077
"ACTTTCAGTGACTACT-1",0
"ACTTTCATCGCCAGCA-1",1.7063043852994
"AGAATAGAGCTGAACG-1",0
"AGAATAGAGCTGTCTA-1",0
"AGAATAGAGGTAGCTG-1",1.87095651088925
"AGAATAGCATGGTCTA-1",0
"AGAATAGGTATTCTCT-1",1.23139538262589
"AGAATAGGTGCGGTAA-1",0
"AGAATAGGTTAAGAAC-1",4.20940190435095
"AGAATAGTCAGGCCCA-1",1.72311168315317
"AGACGTTAGAATGTGT-1",0
"AGACGTTAGCTCCTCT-1",0
"AGACGTTAGTGCCAGA-1",1.66338806773757
"AGACGTTCAGGATCGA-1",0
"AGACGTTGTAGCTGCC-1",0
"AGACGTTGTCTGCAAT-1",0
"AGACGTTGTTCTGTTT-1",0
"AGACGTTTCGCATGGC-1",1.36819599085483
"AGACGTTTCGCTTAGA-1",0
"AGAGCGACAACTTGAC-1",1.58063191318502
"AGAGCGACAAGTACCT-1",4.94872769806996
"AGAGCGACACAACGTT-1",2.15099969048133
"AGAGCGACATGAGCGA-1",0
"AGAGCGAGTCAGTGGA-1",3.34063325574919
"AGAGCGAGTCGACTGC-1",2.66416114815826
"AGAGCGAGTTGAGTTC-1",2.11168655381106
"AGAGCGATCGCGTAGC-1",0
"AGAGCGATCTATCCTA-1",1.65924073491792
"AGAGCGATCTCGCTTG-1",0
"AGAGCTTAGCCGTCGT-1",0
"AGAGCTTAGTACACCT-1",1.86355644233966
"AGAGCTTAGTCATGCT-1",4.20940190435095
"AGAGCTTGTAGAGCTG-1",1.58063191318502
"AGAGCTTGTATCACCA-1",0
"AGAGCTTTCACTATTC-1",0
"AGAGCTTTCCTGCAGG-1",1.44466720250658
"AGAGCTTTCGCAAACT-1",5.06258773333605
"AGAGCTTTCGCTTAGA-1",0
"AGAGTGGAGAGCCTAG-1",0
"AGAGTGGAGGCCCTTG-1",0
"AGAGTGGAGGTACTCT-1",0
"AGAGTGGCACAAGACG-1",1.77284598709209
"AGAGTGGCACCTCGTT-1",0
"AGAGTGGCATCCGGGT-1",2.84279219070872
"AGAGTGGCATCTGGTA-1",0
"AGAGTGGGTCAGCTAT-1",1.67527766992964
"AGAGTGGGTCCTCCAT-1",0
"AGAGTGGGTCTAGTCA-1",0
"AGAGTGGGTTACCGAT-1",0
"AGATCTGAGGTGGGTT-1",0
"AGATCTGAGTCAAGGC-1",3.09284946504341
"AGATCTGCAATGTTGC-1",0
"AGATCTGTCGAATCCA-1",1.65511853346191
"AGATCTGTCTGCAGTA-1",1.88645899306714
"AGATTGCAGGCTACGA-1",1.75600655495005
"AGATTGCCACGACGAA-1",0
"AGATTGCCAGATGGGT-1",1.66825874174476
"AGATTGCGTAGAGCTG-1",1.27202018532068
"AGATTGCGTGATGTCT-1",0
"AGATTGCGTGTTCGAT-1",1.55745419419753
"AGATTGCGTTCACGGC-1",0
"AGATTGCTCACTGGGC-1",1.4911814428667
"AGATTGCTCATCTGTT-1",1.82764235530237
"AGCAGCCAGCTGATAA-1",5.06258773333605
"AGCAGCCCACCGAAAG-1",3.40078543970435
"AGCAGCCGTCGACTGC-1",0
"AGCAGCCGTCGCTTTC-1",0
"AGCAGCCGTCTAACGT-1",1.72918676816664
"AGCAGCCGTGTGAAAT-1",0
"AGCAGCCGTTTGTTGG-1",0
"AGCAGCCTCCAAACAC-1",1.94061461225251
"AGCATACAGTGGTAGC-1",1.9907182300845
"AGCATACAGTTGTCGT-1",0
"AGCATACGTCTTCTCG-1",0
"AGCATACGTTAAGTAG-1",0
"AGCATACTCCGTTGCT-1",1.95401084829981
"AGCCTAAAGATATGGT-1",0
"AGCCTAACAAAGCGGT-1",0
"AGCCTAACAGATAATG-1",5.65709552531423
"AGCCTAAGTACGAAAT-1",0
"AGCCTAAGTCACCTAA-1",0
"AGCCTAAGTGTGCCTG-1",0
"AGCCTAATCACCCGAG-1",0
"AGCCTAATCCAATGGT-1",0
"AGCCTAATCCTTGGTC-1",0
"AGCCTAATCTGTGCAA-1",0
"AGCCTAATCTGTTTGT-1",0
"AGCGGTCAGCGAAGGG-1",1.86447737042023
"AGCGGTCAGGTACTCT-1",1.02074190468261
"AGCGGTCAGTGACTCT-1",1.22253449173306
"AGCGGTCCAGCCTTGG-1",0
"AGCGGTCGTCCTAGCG-1",1.72311168315317
"AGCGGTCGTGGTGTAG-1",0
"AGCGGTCGTTAAGGGC-1",0
"AGCGGTCGTTTGCATG-1",0
"AGCGGTCTCCGAAGAG-1",1.44466720250658
"AGCGGTCTCCTCAATT-1",1.36819599085483
"AGCGGTCTCTGGGCCA-1",2.51674442419746
"AGCGTATAGAACTGTA-1",0
"AGCGTATAGCGATGAC-1",0
"AGCGTATAGGTACTCT-1",1.44466720250658
"AGCGTATGTTGAGGTG-1",0
"AGCGTATTCCAGAGGA-1",0
"AGCGTCGAGTTGAGTA-1",0
"AGCGTCGCAGGGATTG-1",1.10599983066123
"AGCGTCGTCTGAAAGA-1",0
"AGCTCCTAGACCTAGG-1",0
"AGCTCCTAGCGTTTAC-1",0
"AGCTCCTGTGTTTGTG-1",0
"AGCTCCTGTTGTCTTT-1",0
"AGCTCCTTCCGAATGT-1",1.60592717715981
"AGCTCCTTCTTGACGA-1",0
"AGCTCTCAGCGGATCA-1",1.60592717715981
"AGCTCTCAGCTGTTCA-1",0
"AGCTCTCAGGTGCTAG-1",1.42062753078112
"AGCTCTCCATACAGCT-1",0
"AGCTCTCGTCAGAGGT-1",1.77284598709209
"AGCTCTCGTGGGTCAA-1",1.72918676816664
"AGCTCTCTCACAACGT-1",3.91207304990333
"AGCTCTCTCTTGACGA-1",1.65924073491792
"AGCTTGAAGCATCATC-1",0
"AGCTTGAAGTAGCGGT-1",0
"AGCTTGAAGTTGTCGT-1",1.45616404108038
"AGCTTGACAATCCAAC-1",1.95401084829981
"AGCTTGACACCGATAT-1",0
"AGCTTGAGTCTACCTC-1",0
"AGCTTGAGTGCGCTTG-1",0
"AGCTTGAGTTACGCGC-1",1.28776377828259
"AGCTTGATCCTGCCAT-1",1.85577505279414
"AGCTTGATCTGCAAGT-1",0
"AGGCCACAGAGTAAGG-1",0
"AGGCCACAGGGTCTCC-1",1.42877793858469
"AGGCCACAGTACTTGC-1",1.10599983066123
"AGGCCACCAGGACCCT-1",0
"AGGCCACCATCAGTCA-1",1.95401084829981
"AGGCCACTCATGCTCC-1",1.66825874174476
"AGGCCACTCATTGCGA-1",0
"AGGCCGTAGGATCGCA-1",0
"AGGCCGTCACGTAAGG-1",0
"AGGCCGTCAGCTCGAC-1",3.66692571788025
"AGGCCGTCATCGTCGG-1",1.7063043852994
"AGGCCGTTCACGGTTA-1",3.05981916736308
"AGGCCGTTCGAACTGT-1",0
"AGGCCGTTCTCAAGTG-1",1.95401084829981
"AGGCCGTTCTGCTTGC-1",0
"AGGGAGTAGCCCAACC-1",0
"AGGGAGTAGGAGTACC-1",1.52038403247398
"AGGGAGTAGGCAGGTT-1",0
"AGGGAGTCACGAGAGT-1",3.09284946504341
"AGGGAGTCAGAAGCAC-1",3.62802889033617
"AGGGAGTCAGATCCAT-1",3.23853065249147
"AGGGAGTCATCGACGC-1",0
"AGGGAGTCATGCTAGT-1",1.75323859068789
"AGGGAGTGTCCATGAT-1",1.44466720250658
"AGGGAGTTCATAACCG-1",2.02195542015221
"AGGGATGAGCTCTCGG-1",0
"AGGGATGAGGAGTAGA-1",2.36492133554336
"AGGGATGAGTAGCGGT-1",1.59990646616855
"AGGGATGCAATGAATG-1",0
"AGGGATGCAATGGAGC-1",2.88566636632719
"AGGGATGCACAAGACG-1",1.75323859068789
"AGGGATGCACATTTCT-1",0
"AGGGATGCATGGTCTA-1",0
"AGGGATGGTTAAAGTG-1",0
"AGGGATGGTTATGCGT-1",0
"AGGGATGTCGTGACAT-1",2.25395733591336
"AGGGTGAAGATGGCGT-1",0
"AGGGTGAAGATGGGTC-1",0
"AGGGTGAAGGCTCAGA-1",1.42877793858469
"AGGGTGACACGAGAGT-1",1.95401084829981
"AGGGTGACAGATGGCA-1",0
"AGGGTGACAGATTGCT-1",1.88645899306714
"AGGGTGAGTACTCTCC-1",1.72311168315317
"AGGGTGAGTTATCGGT-1",1.94266006066584
"AGGGTGAGTTCTGAAC-1",1.73052744977812
"AGGGTGATCTCGCTTG-1",1.64898177957307
"AGGTCATAGAGCCCAA-1",4.57077804265577
"AGGTCATAGCCAGAAC-1",2.10187805565909
"AGGTCATAGGCATGGT-1",0
"AGGTCATAGGGAGTAA-1",4.20940190435095
"AGGTCATCACTCAGGC-1",1.65511853346191
"AGGTCATCACTCTGTC-1",0
"AGGTCATGTTCCACTC-1",1.9907182300845
"AGGTCATTCTCGTTTA-1",0
"AGGTCCGAGGATGCGT-1",0
"AGGTCCGGTGATGCCC-1",1.88645899306714
"AGGTCCGTCCATGAAC-1",1.27815292394912
"AGGTCCGTCGCCCTTA-1",3.47034330162262
"AGGTCCGTCTGCGTAA-1",0
"AGTAGTCAGACTGTAA-1",0
"AGTAGTCAGTACGACG-1",0
"AGTAGTCAGTTTAGGA-1",0
"AGTAGTCCAACTGGCC-1",0
"AGTAGTCGTGCAGACA-1",0
"AGTAGTCTCACCCGAG-1",3.79843511345998
"AGTCTTTAGGCAGTCA-1",0
"AGTCTTTCAAATCCGT-1",0
"AGTCTTTCATATACCG-1",1.52122236300469
"AGTCTTTGTGCTTCTC-1",4.19345007863452
"AGTCTTTGTGTCCTCT-1",1.22253449173306
"AGTCTTTTCGCAGGCT-1",0
"AGTCTTTTCGCGTAGC-1",0
"AGTCTTTTCGCTAGCG-1",0
"AGTCTTTTCGCTTGTC-1",1.23139538262589
"AGTCTTTTCTGACCTC-1",3.91207304990333
"AGTGAGGAGATAGCAT-1",1.22253449173306
"AGTGAGGCAGGTGCCT-1",0
"AGTGAGGGTATGAAAC-1",0
"AGTGAGGGTCACTTCC-1",0
"AGTGAGGGTCGCGAAA-1",0
"AGTGAGGGTTATGTGC-1",1.3778787463806
"AGTGAGGTCTACTATC-1",3.91630912223824
"AGTGGGAAGCAGACTG-1",0
"AGTGGGACAAACGCGA-1",1.6880958603865
"AGTGGGACAAGCCGTC-1",5.65709552531423
"AGTGGGACACAGGAGT-1",0
"AGTGGGACACGAGAGT-1",1.52122236300469
"AGTGGGATCATCGATG-1",1.24162561788252
"AGTGGGATCCACGAAT-1",4.20940190435095
"AGTGGGATCCTGCAGG-1",1.75726755185142
"AGTGTCAAGAAGCCCA-1",1.64864247193383
"AGTGTCAAGCTAGTCT-1",1.27815292394912
"AGTGTCAAGTACGACG-1",0
"AGTGTCAAGTGAACAT-1",1.59990646616855
"AGTGTCACACCATCCT-1",1.78719078578184
"AGTGTCACAGTAAGCG-1",0
"AGTGTCACAGTGGAGT-1",0
"AGTGTCAGTAAACCTC-1",4.44066357953774
"AGTGTCAGTACAGCAG-1",0
"AGTGTCAGTCTCCACT-1",2.84279219070872
"AGTGTCAGTTTGACTG-1",0
"AGTGTCATCAAAGTAG-1",0
"AGTGTCATCCGTCAAA-1",1.64898177957307
"AGTGTCATCGTTACAG-1",1.8498800654113
"AGTGTCATCTGTCAAG-1",0
"AGTTGGTAGACTGTAA-1",3.91207304990333
"AGTTGGTAGTACGCGA-1",1.02074190468261
"AGTTGGTCAAATTGCC-1",4.20940190435095
"AGTTGGTCAGGAATGC-1",0
"AGTTGGTCATGCGCAC-1",0
"AGTTGGTGTACCGTAT-1",1.73052744977812
"AGTTGGTGTATGCTTG-1",0
"AGTTGGTGTCAGGACA-1",0
"AGTTGGTGTTCAGACT-1",1.65924073491792
"AGTTGGTTCAGTACGT-1",1.65924073491792
"AGTTGGTTCCTCAACC-1",1.27815292394912
"AGTTGGTTCGTACCGG-1",0
"AGTTGGTTCTGTCCGT-1",0
"ATAACGCAGTTGAGTA-1",0
"ATAACGCCACGTGAGA-1",4.57077804265577
"ATAACGCGTGAACCTT-1",0
"ATAACGCGTGTCCTCT-1",0
"ATAACGCGTGTGAAAT-1",0
"ATAACGCTCTCCGGTT-1",0
"ATAAGAGAGTCCGGTC-1",0
"ATAAGAGCAACTGCGC-1",0
"ATAAGAGCAGTATCTG-1",0
"ATAAGAGGTGACGCCT-1",0
"ATAAGAGGTTAAAGTG-1",1.46122980539364
"ATAAGAGTCAGCACAT-1",1.52038403247398
"ATAAGAGTCAGTGCAT-1",0
"ATAGACCAGAGAGCTC-1",0
"ATAGACCAGCCCAATT-1",0
"ATAGACCCAAGCCATT-1",1.36819599085483
"ATAGACCCATCTGGTA-1",1.56131017941111
"ATAGACCGTATATGGA-1",4.20940190435095
"ATAGACCGTGGACGAT-1",0
"ATAGACCGTGGCGAAT-1",0
"ATAGACCGTTTCGCTC-1",1.95401084829981
"ATCACGAAGAACTCGG-1",1.55893456990057
"ATCACGAAGACACGAC-1",1.42062753078112
"ATCACGAAGTTACCCA-1",3.40078543970435
"ATCACGACAAGACACG-1",0
"ATCACGACAAGCGTAG-1",0
"ATCACGACACACATGT-1",0
"ATCACGACACCACCAG-1",1.86355644233966
"ATCACGACACGGTAAG-1",0
"ATCACGACAGCGAACA-1",1.27202018532068
"ATCACGATCCCGACTT-1",0
"ATCACGATCGGTGTCG-1",0
"ATCATCTAGCCTATGT-1",1.89746006310715
"ATCATCTAGGCCATAG-1",1.73052744977812
"ATCATCTAGTACTTGC-1",0
"ATCATCTCAGACGCCT-1",5.28067497443169
"ATCATCTCATCCGTGG-1",1.72311168315317
"ATCATCTGTATTACCG-1",0
"ATCATCTGTCACTTCC-1",0
"ATCATCTTCAGCGACC-1",1.74812676048036
"ATCATCTTCCTCAACC-1",1.22253449173306
"ATCATGGCAAGCGTAG-1",0
"ATCATGGCAAGGTTCT-1",0
"ATCATGGCACTACAGT-1",1.75600655495005
"ATCATGGGTAAGGGAA-1",0
"ATCATGGGTTGTGGCC-1",1.65924073491792
"ATCATGGTCAATAAGG-1",0
"ATCATGGTCCAATGGT-1",0
"ATCATGGTCGCCATAA-1",2.59519846826184
"ATCATGGTCGGTTAAC-1",0
"ATCCACCAGCTAGTCT-1",2.59519846826184
"ATCCACCAGGCTCTTA-1",0
"ATCCACCCAAACGTGG-1",0
"ATCCACCCAGTTAACC-1",1.87095651088925
"ATCCACCGTCCGAAGA-1",0
"ATCCACCGTTTGTTTC-1",1.94061461225251
"ATCCACCTCCTGCTTG-1",1.47485632725806
"ATCCACCTCCTTAATC-1",1.46122980539364
"ATCCACCTCTGGTATG-1",3.14418411320956
"ATCCGAAAGCGATGAC-1",0
"ATCCGAAAGCTAGGCA-1",1.46122980539364
"ATCCGAACAAACGTGG-1",2.02195542015221
"ATCCGAACAACAACCT-1",0
"ATCCGAACAAGGACTG-1",0
"ATCCGAACACCCATTC-1",1.66338806773757
"ATCCGAACACGGTAGA-1",0
"ATCCGAAGTAGCGCTC-1",3.91207304990333
"ATCCGAAGTCATTAGC-1",3.40078543970435
"ATCCGAAGTCTCTTAT-1",0
"ATCCGAATCCAACCAA-1",2.41210656909005
"ATCCGAATCCTTGACC-1",1.66338806773757
"ATCCGAATCTTGTCAT-1",4.20940190435095
"ATCGAGTAGACTTTCG-1",0
"ATCGAGTCATCCGGGT-1",1.55745419419753
"ATCGAGTGTCCCTTGT-1",3.79561880548436
"ATCGAGTGTCTCCCTA-1",0
"ATCGAGTTCATGCATG-1",0
"ATCGAGTTCCTGCCAT-1",0
"ATCTACTAGGTGTGGT-1",1.64898177957307
"ATCTACTCAGCTGTAT-1",1.35524163777831
"ATCTACTCAGTACACT-1",2.41210656909005
"ATCTACTCATGACATC-1",0
"ATCTACTGTAAGTAGT-1",0
"ATCTACTGTGTCGCTG-1",0
"ATCTACTTCCGCGTTT-1",0
"ATCTACTTCGCAAGCC-1",1.52122236300469
"ATCTACTTCTATCGCC-1",3.91630912223824
"ATCTACTTCTCTAAGG-1",0
"ATCTGCCAGGCTCAGA-1",1.68701849187099
"ATCTGCCGTACAGTTC-1",0
"ATCTGCCGTTGTGGAG-1",1.60592717715981
"ATCTGCCTCAGAGACG-1",1.44466720250658
"ATCTGCCTCAGCTGGC-1",2.41210656909005
"ATCTGCCTCGTACGGC-1",0
"ATCTGCCTCTCGAGTA-1",0
"ATCTGCCTCTGAGTGT-1",1.68701849187099
"ATCTGCCTCTTGTATC-1",1.87095651088925
"ATGAGGGAGGTCGGAT-1",1.39956469804079
"ATGAGGGCATGACGGA-1",0
"ATGAGGGCATTAGGCT-1",1.89746006310715
"ATGAGGGTCACATGCA-1",0
"ATGAGGGTCAGTCCCT-1",1.94266006066584
"ATGCGATAGTCAATAG-1",0
"ATGCGATCATGTTGAC-1",2.15099969048133
"ATGCGATGTGCAGTAG-1",1.48296601152254
"ATGCGATGTGCATCTA-1",2.84279219070872
"ATGCGATTCCCAAGAT-1",1.60592717715981
"ATGCGATTCGCCATAA-1",0
"ATGGGAGAGCAATATG-1",2.36492133554336
"ATGGGAGAGCCACGCT-1",0
"ATGGGAGAGGTGATAT-1",1.6880958603865
"ATGGGAGCACCAGGTC-1",0
"ATGGGAGCACTATCTT-1",1.64898177957307
"ATGGGAGCAGCATACT-1",0
"ATGGGAGCATAGAAAC-1",0
"ATGGGAGCATTACCTT-1",0
"ATGTGTGAGCGAAGGG-1",0
"ATGTGTGAGGGTTTCT-1",5.06258773333605
"ATGTGTGAGTTGAGTA-1",0
"ATGTGTGCACGGCGTT-1",0
"ATGTGTGCACGGTTTA-1",0
"ATGTGTGCAGTATAAG-1",0
"ATGTGTGTCACGCGGT-1",3.40078543970435
"ATTACTCAGATGTGTA-1",1.52038403247398
"ATTACTCAGCGTAATA-1",0
"ATTACTCAGGTGCACA-1",0
"ATTACTCAGTGAAGTT-1",0
"ATTACTCCAAACTGTC-1",0
"ATTACTCCACCATCCT-1",1.77284598709209
"ATTACTCCAGACTCGC-1",1.7063043852994
"ATTACTCCATATGCTG-1",2.8535659338888
"ATTACTCCATCGGTTA-1",3.79561880548436
"ATTACTCCATTGCGGC-1",0
"ATTACTCGTTAAAGAC-1",2.15099969048133
"ATTACTCTCCGAACGC-1",2.59519846826184
"ATTATCCAGAGTACCG-1",2.41210656909005
"ATTATCCAGCTTATCG-1",1.75600655495005
"ATTATCCCACAAGCCC-1",1.80394603009865
"ATTATCCCATATGAGA-1",0
"ATTATCCCATCTGGTA-1",0
"ATTATCCGTCGTTGTA-1",0
"ATTATCCGTCTCTCTG-1",1.72918676816664
"ATTATCCTCAACGGGA-1",5.06258773333605
"ATTATCCTCCGCGCAA-1",0
"ATTATCCTCTCCGGTT-1",0
"ATTCTACGTCACTTCC-1",1.55745419419753
"ATTCTACGTCTAGTCA-1",0
"ATTCTACGTTGTCGCG-1",0
"ATTGGACAGCAGATCG-1",0
"ATTGGACAGGGCATGT-1",0
"ATTGGACAGTGGACGT-1",0
"ATTGGACCAAGACACG-1",1.02074190468261
"ATTGGACGTAATAGCA-1",0
"ATTGGACTCCTGCTTG-1",0
"ATTGGACTCGGCGCAT-1",0
"ATTGGACTCGTTTGCC-1",1.94061461225251
"ATTGGTGAGAATGTTG-1",0
"ATTGGTGCAAGCTGAG-1",1.77895836945314
"ATTGGTGCAGCAGTTT-1",5.65709552531423
"ATTGGTGGTTGAGTTC-1",5.65709552531423
"ATTGGTGTCAAAGTAG-1",3.5083873050445
"ATTGGTGTCGGAAACG-1",0
"ATTTCTGAGGGATACC-1",0
"ATTTCTGAGGGATCTG-1",0
"ATTTCTGAGGTGTTAA-1",0
"ATTTCTGAGTCGAGTG-1",1.39956469804079
"ATTTCTGAGTTCGCAT-1",2.1651660828208
"ATTTCTGCAAGGTGTG-1",0
"ATTTCTGGTAGCTCCG-1",0
"ATTTCTGGTGCACGAA-1",0
"ATTTCTGGTTGCCTCT-1",0
"ATTTCTGTCAAAGTAG-1",2.21810548003173
"ATTTCTGTCAGCTCGG-1",0
"ATTTCTGTCTTGGGTA-1",1.65511853346191
"CAACCAAAGAAACGCC-1",0
"CAACCAAAGAGGGCTT-1",1.46122980539364
"CAACCAAAGCTGAAAT-1",2.59519846826184
"CAACCAAAGGACAGCT-1",0
"CAACCAAAGGGAGTAA-1",0
"CAACCAACATACGCTA-1",0
"CAACCTCAGTAATCCC-1",0
"CAACCTCCAGACGCAA-1",3.66692571788025
"CAACCTCGTGAGTGAC-1",0
"CAACCTCGTTCCACGG-1",0
"CAACCTCTCATACGGT-1",0
"CAACCTCTCCGATATG-1",0
"CAACCTCTCCTTTACA-1",0
"CAACCTCTCTCTAGGA-1",4.84560250094977
"CAACTAGAGAATAGGG-1",0
"CAACTAGAGGATGCGT-1",0
"CAACTAGCACCATCCT-1",0
"CAACTAGCAGACTCGC-1",5.65709552531423
"CAACTAGCAGTTCATG-1",0
"CAACTAGGTACGCACC-1",3.66692571788025
"CAACTAGTCAGGCCCA-1",1.27202018532068
"CAAGAAAAGAAGGACA-1",0
"CAAGAAAAGACGCACA-1",1.75323859068789
"CAAGAAAAGGCCCTTG-1",0
"CAAGAAAAGGTGATAT-1",1.48296601152254
"CAAGAAAAGTCGATAA-1",0
"CAAGAAAAGTGGAGTC-1",0
"CAAGAAAAGTGTACCT-1",0
"CAAGAAACACGGTGTC-1",0
"CAAGAAATCTGCTTGC-1",0
"CAAGATCAGCTGAAAT-1",1.77895836945314
"CAAGATCGTAAGAGGA-1",0
"CAAGATCGTGCCTTGG-1",0
"CAAGATCTCAACACCA-1",1.89746006310715
"CAAGATCTCTCGATGA-1",0
"CAAGGCCAGGAGTCTG-1",0
"CAAGGCCAGGCTATCT-1",0
"CAAGGCCCACGGTAAG-1",1.36819599085483
"CAAGGCCCATGTTCCC-1",1.88645899306714
"CAAGGCCGTCCGTCAG-1",0
"CAAGGCCTCAACGGGA-1",2.88566636632719
"CAAGGCCTCCTTGACC-1",0
"CAAGGCCTCGTGACAT-1",0
"CAAGTTGAGACAGGCT-1",0
"CAAGTTGAGATGTCGG-1",1.65924073491792
"CAAGTTGAGCGTCAAG-1",5.28067497443169
"CAAGTTGAGCGTTTAC-1",1.86355644233966
"CAAGTTGCACATTAGC-1",0
"CAAGTTGCACGCTTTC-1",1.73147862064088
"CAAGTTGCACGGTGTC-1",0
"CAAGTTGCATTCTTAC-1",1.9907182300845
"CAAGTTGGTACTCAAC-1",0
"CAAGTTGGTCAGGACA-1",3.5083873050445
"CAAGTTGGTCGGCACT-1",4.20940190435095
"CAAGTTGTCAACGAAA-1",1.52038403247398
"CAAGTTGTCACCACCT-1",0
"CAAGTTGTCATTGCCC-1",1.95401084829981
"CAAGTTGTCGAATCCA-1",1.6880958603865
"CAAGTTGTCTACTTAC-1",0
"CACAAACAGGGCTCTC-1",0
"CACAAACAGGGCTTGA-1",0
"CACAAACAGTGACATA-1",2.68146715059158
"CACAAACCAACTGCGC-1",0
"CACAAACCAATAAGCA-1",0
"CACAAACCAATCAGAA-1",0
"CACAAACCACTTAACG-1",0
"CACAAACCATGAACCT-1",2.11168655381106
"CACAAACCATGGTCAT-1",0
"CACAAACGTCAACTGT-1",0
"CACAAACGTCAGAATA-1",0
"CACAAACTCTTCGGTC-1",0
"CACAAACTCTTGGGTA-1",0
"CACACAAAGCGACGTA-1",1.76317442783216
"CACACAAAGGGAGTAA-1",1.68701849187099
"CACACAACAAACGTGG-1",1.80394603009865
"CACACAACACATGACT-1",1.58063191318502
"CACACAACATCGATTG-1",3.34063325574919
"CACACAACATTGGGCC-1",1.71934145980446
"CACACAAGTACGACCC-1",3.14418411320956
"CACACAAGTCAGTGGA-1",0
"CACACAAGTCATCGGC-1",0
"CACACAAGTTTACTCT-1",1.75600655495005
"CACACAATCCACGTGG-1",0
"CACACAATCCACGTTC-1",0
"CACACAATCGGCGCAT-1",0
"CACACCTAGAGACTAT-1",0
"CACACCTAGGACATTA-1",0
"CACACCTAGTGTGAAT-1",0
"CACACCTCACTGAAGG-1",2.59519846826184
"CACACCTCATAGGATA-1",4.44066357953774
"CACACCTCATAGTAAG-1",1.55893456990057
"CACACCTCATTGGGCC-1",0
"CACACCTGTACAGCAG-1",0
"CACACCTGTACCGCTG-1",0
"CACACCTGTCCAAGTT-1",1.86447737042023
"CACACCTGTGGACGAT-1",0
"CACACCTGTGGTCTCG-1",0
"CACACCTTCATGTCTT-1",1.4911814428667
"CACACCTTCTGGCGAC-1",0
"CACACTCAGGGAAACA-1",1.55893456990057
"CACACTCCAACACCTA-1",0
"CACACTCCAAGGGTCA-1",0
"CACACTCGTGACGCCT-1",0
"CACACTCGTTTGTGTG-1",2.65149611519828
"CACAGGCAGCCATCGC-1",3.2538146967112
"CACAGGCAGGGATGGG-1",0
"CACAGGCCAAGAGTCG-1",1.55745419419753
"CACAGGCCAATGGAGC-1",1.95401084829981
"CACAGGCGTCTAGGTT-1",0
"CACAGGCGTTACGCGC-1",1.52038403247398
"CACAGGCTCGGGAGTA-1",1.87095651088925
"CACAGGCTCTATGTGG-1",1.27202018532068
"CACAGTAAGACGCAAC-1",0
"CACAGTAAGACGCACA-1",0
"CACAGTAAGTGGGCTA-1",0
"CACAGTACAACTGGCC-1",1.66825874174476
"CACAGTACATCGGACC-1",1.27202018532068
"CACAGTAGTTCCATGA-1",1.73052744977812
"CACATAGAGCCCAATT-1",0
"CACATAGAGTGTACTC-1",0
"CACATAGCACTTCTGC-1",1.4911814428667
"CACATAGCAGGGTATG-1",0
"CACATAGTCCTTGCCA-1",0
"CACATAGTCGGCGCAT-1",0
"CACATTTAGCAGATCG-1",0
"CACATTTAGGGCACTA-1",0
"CACATTTCACGGCGTT-1",0
"CACATTTCATTACCTT-1",2.11168655381106
"CACATTTGTCGAACAG-1",0
"CACATTTGTGTTGAGG-1",1.46122980539364
"CACATTTTCCAGAGGA-1",1.63653939971336
"CACATTTTCCGCATCT-1",0
"CACATTTTCTACTATC-1",3.2538146967112
"CACATTTTCTGTGCAA-1",0
"CACCACTAGCCACGTC-1",0
"CACCACTAGTGGTAAT-1",1.94266006066584
"CACCACTAGTTACCCA-1",0
"CACCACTCAAGCCCAC-1",0
"CACCACTCAGTTCATG-1",2.19014490174816
"CACCACTGTTATTCTC-1",0
"CACCACTTCACCGGGT-1",0
"CACCACTTCGAATCCA-1",1.02074190468261
"CACCACTTCGACCAGC-1",0
"CACCACTTCTAACCGA-1",0
"CACCACTTCTTTAGTC-1",0
"CACCAGGCACATTAGC-1",1.73052744977812
"CACCAGGCACTGCCAG-1",0
"CACCAGGCATAAAGGT-1",1.55893456990057
"CACCAGGCATGAACCT-1",3.62802889033617
"CACCAGGGTGAAATCA-1",1.44466720250658
"CACCAGGGTGTTTGGT-1",0
"CACCAGGGTTATCACG-1",1.89746006310715
"CACCAGGTCATGTAGC-1",1.48296601152254
"CACCAGGTCTGCTTGC-1",0
"CACCTTGAGACTTGAA-1",1.42877793858469
"CACCTTGAGTCAATAG-1",1.34781411449433
"CACCTTGCAGGCGATA-1",1.94266006066584
"CACCTTGCATTCCTGC-1",3.14418411320956
"CACCTTGGTCATTAGC-1",1.39956469804079
"CACCTTGGTGATGTCT-1",0
"CACCTTGGTTATGTGC-1",0
"CACCTTGTCAACCATG-1",1.68701849187099
"CACCTTGTCATTATCC-1",1.10599983066123
"CACCTTGTCCAAAGTC-1",0
"CACCTTGTCTCACATT-1",1.94061461225251
"CACTCCAAGACAAGCC-1",1.66338806773757
"CACTCCAAGGTACTCT-1",3.2538146967112
"CACTCCACAATGGACG-1",1.86355644233966
"CACTCCAGTACATGTC-1",0
"CACTCCAGTTGTCGCG-1",4.19345007863452
"CACTCCATCAACACAC-1",0
"CACTCCATCCCAGGTG-1",2.7248018763304
"CAGAATCAGAAACCTA-1",0
"CAGAATCAGCCAACAG-1",0
"CAGAATCAGCTGGAAC-1",0
"CAGAATCAGGACTGGT-1",0
"CAGAATCAGTATCGAA-1",1.73052744977812
"CAGAATCCACAGAGGT-1",2.10187805565909
"CAGAATCCAGGGTACA-1",0
"CAGAATCGTAAGTGTA-1",1.55745419419753
"CAGAATCGTAATCACC-1",1.3053269184011
"CAGAATCTCAGTTTGG-1",2.65149611519828
"CAGAATCTCGCAAGCC-1",1.77895836945314
"CAGAATCTCGGTCCGA-1",0
"CAGAATCTCTTGCAAG-1",2.65149611519828
"CAGAATCTCTTGTACT-1",0
"CAGAGAGAGAATTGTG-1",1.64898177957307
"CAGAGAGAGCAATATG-1",0
"CAGAGAGCAAGAAGAG-1",0
"CAGAGAGCACCAGATT-1",4.57077804265577
"CAGAGAGGTAATCACC-1",1.68701849187099
"CAGAGAGGTAGCTGCC-1",1.88645899306714
"CAGAGAGGTAGGACAC-1",2.36492133554336
"CAGAGAGGTATAGGGC-1",0
"CAGAGAGGTCCGAATT-1",0
"CAGAGAGGTTGAGGTG-1",0
"CAGAGAGTCACCCGAG-1",0
"CAGAGAGTCATAACCG-1",3.79561880548436
"CAGAGAGTCCGAACGC-1",4.19345007863452
"CAGAGAGTCTGGTATG-1",1.3053269184011
"CAGATCAAGAGACGAA-1",2.84279219070872
"CAGATCAAGCACCGTC-1",0
"CAGATCAAGCTTCGCG-1",0
"CAGATCAAGGATTCGG-1",0
"CAGATCAAGTGTACCT-1",4.20940190435095
"CAGATCAAGTTTAGGA-1",0
"CAGATCACAATAACGA-1",1.58063191318502
"CAGATCACACACCGAC-1",3.79561880548436
"CAGATCACACGGTAAG-1",0
"CAGATCACACTCTGTC-1",0
"CAGATCACAGCATACT-1",0
"CAGATCACAGTGGGAT-1",3.91630912223824
"CAGATCAGTACCAGTT-1",0
"CAGATCAGTGCGGTAA-1",0
"CAGATCATCTGATTCT-1",1.36819599085483
"CAGCAGCAGATGCCAG-1",0
"CAGCAGCAGGGAACGG-1",1.72311168315317
"CAGCAGCCACCTATCC-1",1.56131017941111
"CAGCAGCCATCACAAC-1",0
"CAGCAGCTCAACACTG-1",0
"CAGCAGCTCGAACTGT-1",0
"CAGCAGCTCGCCGTGA-1",2.84279219070872
"CAGCATAAGAGACGAA-1",3.23853065249147
"CAGCATAGTCTAGGTT-1",2.70105364374449
"CAGCATAGTTTACTCT-1",0
"CAGCATATCACGAAGG-1",1.88645899306714
"CAGCATATCAGGCAAG-1",6.34321840226133
"CAGCATATCCTTAATC-1",1.52038403247398
"CAGCCGAAGCATCATC-1",2.21810548003173
"CAGCCGAAGTTTCCTT-1",0
"CAGCCGACACGTGAGA-1",2.7248018763304
"CAGCCGACATCAGTCA-1",0
"CAGCCGAGTGATGTCT-1",0
"CAGCCGATCACCAGGC-1",1.71934145980446
"CAGCCGATCCTCAATT-1",1.66338806773757
"CAGCGACAGAAACGCC-1",0
"CAGCGACAGCGTCAAG-1",0
"CAGCGACCAAACGTGG-1",3.66508019987753
"CAGCGACCAAAGCGGT-1",0
"CAGCGACCACGTCAGC-1",1.27202018532068
"CAGCGACCATGGGACA-1",1.59990646616855
"CAGCGACGTCTGATTG-1",0
"CAGCGACGTGGACGAT-1",0
"CAGCGACGTGGTTTCA-1",0
"CAGCGACGTTCGGCAC-1",0
"CAGCGACTCCGCAAGC-1",0
"CAGCGACTCTGGGCCA-1",0
"CAGCTAAAGATGTGTA-1",0
"CAGCTAAAGCAGACTG-1",3.91207304990333
"CAGCTAAAGCTGTTCA-1",1.23484197164666
"CAGCTAAAGGAGCGTT-1",0
"CAGCTAACACAGATTC-1",0
"CAGCTAACATCAGTAC-1",5.06258773333605
"CAGCTAAGTAATCGTC-1",0
"CAGCTAAGTCTCACCT-1",1.55745419419753
"CAGCTAAGTTCGTCTC-1",1.52038403247398
"CAGCTAATCCACGCAG-1",0
"CAGCTAATCCCTAACC-1",3.05981916736308
"CAGCTAATCTGGTTCC-1",1.70409385603583
"CAGCTAATCTTAGCCC-1",3.09590520071077
"CAGCTAATCTTCGGTC-1",0
"CAGCTGGAGACACTAA-1",1.9907182300845
"CAGCTGGAGATCCTGT-1",0
"CAGCTGGCACCAACCG-1",0
"CAGCTGGCAGTGGAGT-1",1.27815292394912
"CAGCTGGCATGCATGT-1",1.52038403247398
"CAGCTGGTCTACCTGC-1",0
"CAGGTGCAGAGACGAA-1",1.23139538262589
"CAGGTGCAGATCCTGT-1",3.45641580174102
"CAGGTGCAGGCATGTG-1",0
"CAGGTGCCAGGAACGT-1",0
"CAGGTGCCATAGTAAG-1",0
"CAGGTGCCATCGGAAG-1",2.11168655381106
"CAGGTGCTCAGTTGAC-1",0
"CAGGTGCTCCAAGTAC-1",3.45054588738454
"CAGGTGCTCTTGTATC-1",0
"CAGTAACAGATATGGT-1",0
"CAGTAACAGATGGCGT-1",1.52038403247398
"CAGTAACCAATCACAC-1",3.09284946504341
"CAGTAACCACTCGACG-1",1.55893456990057
"CAGTAACGTGATAAGT-1",0
"CAGTAACGTGCACCAC-1",0
"CAGTAACTCAGAGGTG-1",0
"CAGTAACTCGTACGGC-1",0
"CAGTAACTCGTGACAT-1",0
"CAGTAACTCTGCCAGG-1",1.86447737042023
"CAGTCCTAGAATCTCC-1",1.77895836945314
"CAGTCCTAGATCTGCT-1",0
"CAGTCCTCAGTATAAG-1",1.90375129004809
"CAGTCCTTCAACACGT-1",0
"CAGTCCTTCCATGAGT-1",0
"CAGTCCTTCCCGACTT-1",0
"CAGTCCTTCCCTTGTG-1",0
"CAGTCCTTCGAACGGA-1",2.98207053895617
"CAGTCCTTCGGTTCGG-1",0
"CAGTCCTTCTACTTAC-1",1.9269522353107
"CATATGGAGAGATGAG-1",1.95401084829981
"CATATGGAGGCATGGT-1",0
"CATATGGAGTATTGGA-1",0
"CATATGGCAAGCGTAG-1",0
"CATATGGGTCGCATAT-1",0
"CATATGGTCATTATCC-1",0
"CATATGGTCATTGCGA-1",1.55893456990057
"CATATTCCACCACCAG-1",0
"CATATTCGTGACTACT-1",1.46122980539364
"CATATTCGTGGTACAG-1",0
"CATATTCGTGTGACGA-1",1.82764235530237
"CATATTCTCACAGGCC-1",3.16509476565404
"CATATTCTCGCAAACT-1",1.67810552777897
"CATCAAGAGAACTCGG-1",1.75600655495005
"CATCAAGAGATGGCGT-1",0
"CATCAAGAGCCGCCTA-1",0
"CATCAAGCACGAAACG-1",0
"CATCAAGCAGCCTTTC-1",0
"CATCAAGCATGGAATA-1",0
"CATCAAGGTTACTGAC-1",1.89746006310715
"CATCAAGGTTCCATGA-1",0
"CATCAAGTCTAAGCCA-1",0
"CATCAAGTCTGACCTC-1",0
"CATCAGAAGCTAGTCT-1",3.40720497406019
"CATCAGACAAGCCATT-1",0
"CATCAGACAATGACCT-1",0
"CATCAGACACGGCCAT-1",2.19014490174816
"CATCAGACAGACAGGT-1",2.66416114815826
"CATCAGACATAACCTG-1",0
"CATCAGAGTAATTGGA-1",0
"CATCAGAGTACATGTC-1",0
"CATCAGAGTGTTAAGA-1",0
"CATCAGAGTTCAACCA-1",0
"CATCAGATCGTTGACA-1",1.59990646616855
"CATCCACGTAAAGTCA-1",1.3778787463806
"CATCCACGTACCGTAT-1",1.52038403247398
"CATCCACGTGCCTGTG-1",1.75726755185142
"CATCCACGTTTAAGCC-1",1.7063043852994
"CATCGAAAGAGTACAT-1",0
"CATCGAAAGCTGTCTA-1",0
"CATCGAACAAGAGGCT-1",0
"CATCGAACAAGCTGAG-1",1.95401084829981
"CATCGAACACATTTCT-1",0
"CATCGAACATAAAGGT-1",0
"CATCGAAGTAGTACCT-1",1.6880958603865
"CATCGAAGTCCGACGT-1",2.15099969048133
"CATCGAAGTGCACTTA-1",0
"CATCGAATCAAACCAC-1",0
"CATCGAATCCGCGGTA-1",0
"CATCGAATCCGTAGTA-1",0
"CATCGGGAGAAGCCCA-1",0
"CATCGGGAGCGAGAAA-1",1.68701849187099
"CATCGGGAGGGTGTGT-1",1.6880958603865
"CATCGGGAGGTGTTAA-1",1.44466720250658
"CATCGGGAGTGACTCT-1",0
"CATCGGGCACTCAGGC-1",2.21810548003173
"CATCGGGCAGACGCTC-1",1.66338806773757
"CATCGGGCATCACAAC-1",0
"CATCGGGGTCCTCTTG-1",2.94789792700352
"CATCGGGGTGAGGGAG-1",0
"CATCGGGGTTCGAATC-1",0
"CATCGGGTCAGGATCT-1",0
"CATCGGGTCCACGAAT-1",0
"CATCGGGTCGATGAGG-1",3.45641580174102
"CATGACAAGACCACGA-1",3.5083873050445
"CATGACAAGCTCCTCT-1",0
"CATGACAAGTAACCCT-1",2.98207053895617
"CATGACAAGTATCTCG-1",0
"CATGACAGTCGTCTTC-1",0
"CATGACAGTGAACCTT-1",0
"CATGACATCAATAAGG-1",0
"CATGACATCTAACTGG-1",0
"CATGCCTAGACCTAGG-1",0
"CATGCCTAGAGTCTGG-1",0
"CATGCCTCACCACCAG-1",0
"CATGCCTGTCAAAGCG-1",0
"CATGCCTGTCGATTGT-1",0
"CATGCCTTCCACGACG-1",5.06258773333605
"CATGCCTTCCTCATTA-1",1.82764235530237
"CATGCCTTCGCATGAT-1",0
"CATGGCGAGAGCTGGT-1",1.22253449173306
"CATGGCGAGTACGACG-1",2.02195542015221
"CATGGCGTCCAAAGTC-1",0
"CATGGCGTCCCTTGTG-1",0
"CATGGCGTCGGCCGAT-1",3.79050867765036
"CATGGCGTCTCAAACG-1",0
"CATGGCGTCTGCCCTA-1",0
"CATTATCAGACCCACC-1",0
"CATTATCAGTCCCACG-1",1.86355644233966
"CATTATCCAAGTCTGT-1",2.94789792700352
"CATTATCCAGGGCATA-1",1.63421101763932
"CATTATCGTCAATGTC-1",1.72311168315317
"CATTATCTCACAAACC-1",0
"CATTATCTCAGATAAG-1",0
"CATTATCTCGCGTTTC-1",0
"CATTATCTCGTTGCCT-1",2.15099969048133
"CATTATCTCTATCCCG-1",1.83468451394509
"CATTATCTCTTAACCT-1",0
"CATTCGCAGGTGCTAG-1",4.89315825910749
"CATTCGCCAAGGGTCA-1",1.65683308016806
"CATTCGCCAGCCTATA-1",1.87095651088925
"CATTCGCCATACAGCT-1",1.52122236300469
"CATTCGCCATGGATGG-1",1.55745419419753
"CATTCGCCATGTCTCC-1",0
"CATTCGCCATTCACTT-1",0
"CATTCGCGTAGCACGA-1",0
"CATTCGCTCATCACCC-1",1.55745419419753
"CCAATCCAGACCACGA-1",2.02195542015221
"CCAATCCAGATATGGT-1",2.98207053895617
"CCAATCCAGTCGAGTG-1",1.88645899306714
"CCAATCCAGTCGTTTG-1",1.75323859068789
"CCAATCCAGTTTAGGA-1",0
"CCAATCCCAAGCGAGT-1",1.56131017941111
"CCAATCCTCGGACAAG-1",0
"CCACCTAAGGATGGTC-1",1.21731972188124
"CCACCTAAGTCGAGTG-1",0
"CCACCTAAGTGGGATC-1",1.89746006310715
"CCACCTAAGTGTGGCA-1",2.19014490174816
"CCACCTACAACAACCT-1",0
"CCACCTACAAGCCGCT-1",0
"CCACCTACAATCTACG-1",0
"CCACCTAGTAGTACCT-1",0
"CCACCTAGTCGCGTGT-1",0
"CCACCTAGTGGGTCAA-1",0
"CCACCTATCAGTTGAC-1",1.66338806773757
"CCACCTATCTGATACG-1",0
"CCACGGAAGGGAACGG-1",1.46890644327991
"CCACGGACATGTCGAT-1",2.51674442419746
"CCACGGAGTAAGGGCT-1",1.71934145980446
"CCACGGAGTCAGATAA-1",0
"CCACGGAGTCCGTGAC-1",0
"CCACGGAGTGTAATGA-1",0
"CCACGGAGTTCTGAAC-1",2.66416114815826
"CCACGGATCACATAGC-1",0
"CCACGGATCCACGTGG-1",0
"CCACGGATCTACTATC-1",0
"CCACGGATCTAGAGTC-1",1.55745419419753
"CCACTACAGAGTACCG-1",0
"CCACTACAGCTTTGGT-1",1.68701849187099
"CCACTACCAGCAGTTT-1",2.84279219070872
"CCACTACCAGTAGAGC-1",2.41210656909005
"CCACTACGTCCGAATT-1",1.56131017941111
"CCACTACGTCTCAACA-1",2.15099969048133
"CCACTACGTGACAAAT-1",1.9907182300845
"CCACTACGTGACCAAG-1",2.19014490174816
"CCACTACGTGCACGAA-1",0
"CCACTACTCACTCTTA-1",0
"CCACTACTCCGCATCT-1",1.65511853346191
"CCACTACTCGGAAATA-1",1.65683308016806
"CCACTACTCTCGTATT-1",2.41210656909005
"CCACTACTCTCGTTTA-1",0
"CCAGCGAAGCCCAACC-1",1.87095651088925
"CCAGCGACATCGGGTC-1",2.70105364374449
"CCAGCGACATGTCCTC-1",1.47485632725806
"CCAGCGAGTAGGCATG-1",1.88645899306714
"CCAGCGAGTCCGTTAA-1",1.4911814428667
"CCAGCGATCAGAAATG-1",0
"CCATGTCAGCGATCCC-1",0
"CCATGTCAGGTCGGAT-1",0
"CCATGTCAGGTTACCT-1",0
"CCATGTCCAAGCTGGA-1",1.56131017941111
"CCATGTCCACATCCGG-1",0
"CCATGTCGTCCAGTAT-1",1.82764235530237
"CCATGTCTCCAAGTAC-1",3.79050867765036
"CCATGTCTCTTGTATC-1",0
"CCATTCGCAGTACACT-1",1.73052744977812
"CCATTCGCAGTTTACG-1",0
"CCATTCGGTAATCGTC-1",0
"CCATTCGGTATTACCG-1",1.36819599085483
"CCCAATCAGTCACGCC-1",0
"CCCAATCCAGGTGGAT-1",1.58063191318502
"CCCAATCGTGAAGGCT-1",5.06258773333605
"CCCAATCGTTGGAGGT-1",0
"CCCAATCTCACATGCA-1",0
"CCCAATCTCCAGTATG-1",1.89746006310715
"CCCAATCTCGGAGCAA-1",1.63653939971336
"CCCAGTTAGAATAGGG-1",4.57077804265577
"CCCAGTTAGATCCCGC-1",0
"CCCAGTTAGCGTGAAC-1",0
"CCCAGTTAGGAATCGC-1",1.6880958603865
"CCCAGTTAGTCCGGTC-1",2.94789792700352
"CCCAGTTAGTTTGCGT-1",0
"CCCAGTTGTACATGTC-1",0
"CCCAGTTGTCTGCAAT-1",0
"CCCAGTTTCTGAAAGA-1",1.48296601152254
"CCCATACAGGGTTCCC-1",0
"CCCATACAGTGTTTGC-1",0
"CCCATACCAAAGGTGC-1",2.41210656909005
"CCCATACCAACACCCG-1",1.87095651088925
"CCCATACCAGCAGTTT-1",1.87095651088925
"CCCATACGTATTACCG-1",1.95401084829981
"CCCATACGTCAATACC-1",1.68701849187099
"CCCATACGTCTAGTCA-1",0
"CCCATACGTTGAGTTC-1",0
"CCCATACTCAATAAGG-1",1.52038403247398
"CCCATACTCAGCGACC-1",1.55745419419753
"CCCATACTCATCACCC-1",0
"CCCATACTCCGTAGGC-1",1.95401084829981
"CCCTCCTAGGAATCGC-1",1.75726755185142
"CCCTCCTCAGCTTAAC-1",0
"CCCTCCTCATATGAGA-1",0
"CCCTCCTCATCACGTA-1",3.09590520071077
"CCCTCCTGTATGGTTC-1",0
"CCCTCCTGTTAGATGA-1",1.23139538262589
"CCCTCCTTCAATCACG-1",0
"CCCTCCTTCCGCAGTG-1",1.65511853346191
"CCGGGATAGCTTCGCG-1",0
"CCGGGATAGGCGACAT-1",0
"CCGGGATAGGCTAGGT-1",1.65924073491792
"CCGGGATCACAGTCGC-1",0
"CCGGGATGTATAGGTA-1",1.3053269184011
"CCGGGATTCAGAGCTT-1",0
"CCGGGATTCGCTAGCG-1",0
"CCGGGATTCGCTTGTC-1",1.75600655495005
"CCGGTAGAGCGTCTAT-1",0
"CCGGTAGAGTACGCCC-1",0
"CCGGTAGCACATAACC-1",1.10599983066123
"CCGGTAGCACGCATCG-1",0
"CCGGTAGGTACTTCTT-1",3.62802889033617
"CCGGTAGGTCAAACTC-1",1.31103918124792
"CCGGTAGTCGTCCGTT-1",0
"CCGTACTAGAGAACAG-1",5.65709552531423
"CCGTACTAGTCCGTAT-1",0
"CCGTACTCAAGCCCAC-1",2.15099969048133
"CCGTACTCAAGCGAGT-1",0
"CCGTACTCATCCCACT-1",0
"CCGTACTGTACAGCAG-1",0
"CCGTACTGTGCGGTAA-1",0
"CCGTACTTCGTTACAG-1",0
"CCGTGGAAGACGCACA-1",0
"CCGTGGAAGAGTTGGC-1",0
"CCGTGGAAGGTGATAT-1",0
"CCGTGGAAGGTTCCTA-1",0
"CCGTGGACAGCCTTGG-1",1.90375129004809
"CCGTGGAGTTCCATGA-1",1.58063191318502
"CCGTGGATCTAACTTC-1",0
"CCGTTCAAGCGTAATA-1",0
"CCGTTCAAGTACGATA-1",1.77244035960556
"CCGTTCAAGTAGATGT-1",1.80394603009865
"CCGTTCACAGGATCGA-1",1.7063043852994
"CCGTTCAGTATAGGGC-1",1.60592717715981
"CCGTTCAGTCGCGAAA-1",1.88645899306714
"CCGTTCATCGTACCGG-1",0
"CCTAAAGAGAGTTGGC-1",0
"CCTAAAGCAAACCTAC-1",0
"CCTAAAGCATGTCTCC-1",0
"CCTAAAGGTACTCAAC-1",0
"CCTAAAGGTCGGCACT-1",0
"CCTAAAGGTGTAATGA-1",2.70105364374449
"CCTAAAGTCACCGTAA-1",0
"CCTAAAGTCAGCGATT-1",1.65924073491792
"CCTAAAGTCGGCGCTA-1",3.91630912223824
"CCTAAAGTCGGTCCGA-1",0
"CCTACACAGGACCACA-1",1.58063191318502
"CCTACACAGGGTGTTG-1",1.59990646616855
"CCTACACCAGTAAGAT-1",0
"CCTACACGTATAGTAG-1",5.65709552531423
"CCTACACGTCCGAACC-1",0
"CCTACACGTGGGTCAA-1",0
"CCTACACGTTTGACTG-1",0
"CCTACACTCGGCGCTA-1",1.68701849187099
"CCTACACTCGTGACAT-1",4.76745498298894
"CCTACCAAGATAGGAG-1",0
"CCTACCAAGCAAATCA-1",3.40078543970435
"CCTACCAAGCGTAGTG-1",1.82764235530237
"CCTACCAAGTGCGATG-1",0
"CCTACCAGTATCAGTC-1",1.66338806773757
"CCTACCAGTCTCTCTG-1",1.8498800654113
"CCTACCAGTCTTTCAT-1",1.58063191318502
"CCTACCATCAGCACAT-1",2.8976843818646
"CCTACCATCGCCAGCA-1",2.02195542015221
"CCTAGCTAGCAAATCA-1",0
"CCTAGCTAGCTCCTCT-1",1.56131017941111
"CCTAGCTAGGTTACCT-1",2.65149611519828
"CCTAGCTAGTACGCGA-1",0
"CCTAGCTCAATGAATG-1",0
"CCTAGCTCAATGGTCT-1",0
"CCTAGCTCACATCCAA-1",0
"CCTAGCTCAGCCAGAA-1",0
"CCTAGCTGTAGAAAGG-1",0
"CCTAGCTGTCACCCAG-1",0
"CCTAGCTGTCTGATTG-1",1.42062753078112
"CCTAGCTTCACGATGT-1",1.74812676048036
"CCTAGCTTCGTAGGAG-1",3.09590520071077
"CCTATTAAGAATTCCC-1",0
"CCTATTAAGCAGGCTA-1",2.68146715059158
"CCTATTAAGCAGGTCA-1",1.56131017941111
"CCTATTAAGGGAGTAA-1",4.19345007863452
"CCTATTAAGGTAGCCA-1",3.91630912223824
"CCTATTACACAACTGT-1",0
"CCTATTACACATCCGG-1",4.20940190435095
"CCTATTAGTCAATACC-1",0
"CCTATTATCATCACCC-1",1.68989523212849
"CCTATTATCTGCGACG-1",2.94789792700352
"CCTCAGTAGCTAACTC-1",1.86355644233966
"CCTCAGTCAGGTGGAT-1",0
"CCTCAGTGTCCATCCT-1",3.23853065249147
"CCTCAGTGTCCGACGT-1",2.88566636632719
"CCTCAGTGTCTTGTCC-1",0
"CCTCAGTGTGGGTATG-1",0
"CCTCTGAAGTATCGAA-1",0
"CCTCTGAAGTGGGTTG-1",2.65149611519828
"CCTCTGACAAGCTGTT-1",1.94061461225251
"CCTCTGACACCGATAT-1",2.68146715059158
"CCTCTGACAGATGAGC-1",0
"CCTCTGAGTCAATACC-1",0
"CCTCTGAGTCCGAACC-1",4.44066357953774
"CCTCTGAGTCGTGGCT-1",0
"CCTCTGAGTCTGATTG-1",1.88645899306714
"CCTTACGCAAGCGTAG-1",1.65683308016806
"CCTTACGCACCAACCG-1",0
"CCTTACGGTCATCCCT-1",0
"CCTTACGGTCCTCTTG-1",0
"CCTTACGTCACAACGT-1",2.11168655381106
"CCTTACGTCATCTGCC-1",0
"CCTTACGTCGGAGGTA-1",0
"CCTTCCCAGAGACTAT-1",2.59519846826184
"CCTTCCCAGCTAGGCA-1",0
"CCTTCCCAGGACGAAA-1",3.40078543970435
"CCTTCCCAGGGCATGT-1",0
"CCTTCCCAGGTACTCT-1",1.95401084829981
"CCTTCCCCATGATCCA-1",0
"CCTTCCCTCAAGGCTT-1",0
"CCTTCCCTCTATCCTA-1",5.28067497443169
"CCTTCCCTCTATCGCC-1",2.36492133554336
"CCTTCGAAGGCGCTCT-1",1.78059725485862
"CCTTCGACAACACCCG-1",0
"CCTTCGACAGCGATCC-1",1.56131017941111
"CCTTCGAGTAAGCACG-1",0
"CCTTCGAGTCCATGAT-1",0
"CCTTCGAGTGTGACCC-1",2.66416114815826
"CCTTCGAGTTGGTGGA-1",0
"CCTTCGATCACAGTAC-1",0
"CCTTCGATCCTATGTT-1",2.70105364374449
"CCTTCGATCGCACTCT-1",0
"CCTTTCTAGACGCTTT-1",1.46122980539364
"CCTTTCTAGGGCACTA-1",0
"CCTTTCTAGTGGAGTC-1",1.94266006066584
"CCTTTCTCAGACAAGC-1",0
"CCTTTCTCATCACGAT-1",0
"CCTTTCTCATGCCCGA-1",0
"CCTTTCTTCCCACTTG-1",1.90375129004809
"CCTTTCTTCTTTACGT-1",1.94061461225251
"CGAACATCACATGACT-1",1.95401084829981
"CGAACATCACTTGGAT-1",0
"CGAACATCAGTCCTTC-1",3.34063325574919
"CGAACATGTCTGATTG-1",0
"CGAACATGTGCTGTAT-1",0
"CGAACATTCTCAAACG-1",0
"CGAATGTAGAGGTTAT-1",3.79050867765036
"CGAATGTAGCGATAGC-1",0
"CGAATGTAGTTCGCAT-1",0
"CGAATGTCAATGCCAT-1",1.86355644233966
"CGAATGTGTCTAGTCA-1",0
"CGAATGTGTCTCACCT-1",0
"CGAATGTTCAACACAC-1",1.82764235530237
"CGAATGTTCATCACCC-1",1.6880958603865
"CGAATGTTCTGTACGA-1",2.02195542015221
"CGACCTTAGCTACCGC-1",4.20940190435095
"CGACCTTAGCTAGTCT-1",1.75323859068789
"CGACCTTCAAAGTGCG-1",0
"CGACCTTCACGAAATA-1",1.88645899306714
"CGACCTTGTAAGTGTA-1",1.56131017941111
"CGACCTTGTCAGAATA-1",5.65709552531423
"CGACCTTGTCTCCCTA-1",6.02694208373615
"CGACCTTGTCTCTTAT-1",1.87095651088925
"CGACCTTTCCGCGTTT-1",0
"CGACCTTTCGTTTATC-1",3.5083873050445
"CGACCTTTCTCCAGGG-1",1.45616404108038
"CGACTTCAGACACGAC-1",1.95401084829981
"CGACTTCAGGTAGCCA-1",0
"CGACTTCAGTCTTGCA-1",0
"CGACTTCCAATGGACG-1",1.56131017941111
"CGACTTCGTGGTGTAG-1",0
"CGACTTCGTTGAGTTC-1",0
"CGACTTCTCACTTACT-1",0
"CGACTTCTCTCGCTTG-1",1.48296601152254
"CGAGAAGAGAAACGCC-1",0
"CGAGAAGAGCCAACAG-1",1.65924073491792
"CGAGAAGAGCGTGTCC-1",1.05086324900709
"CGAGAAGCAAGTTCTG-1",5.06258773333605
"CGAGAAGCACATCCGG-1",0
"CGAGAAGCAGGCTGAA-1",2.15099969048133
"CGAGAAGTCGGATGGA-1",1.74812676048036
"CGAGCACAGCCAGAAC-1",1.55745419419753
"CGAGCACCACATGTGT-1",0
"CGAGCACGTAGCGTCC-1",0
"CGAGCACGTAGCGTGA-1",1.95401084829981
"CGAGCACGTCAGATAA-1",0
"CGAGCACGTGCCTTGG-1",1.9907182300845
"CGAGCACTCCCGGATG-1",0
"CGAGCACTCCGCTGTT-1",0
"CGAGCACTCGTGACAT-1",0
"CGAGCCAAGCTAGCCC-1",3.79050867765036
"CGAGCCAGTATATCCG-1",0
"CGAGCCAGTCAAGCGA-1",0
"CGATCGGAGAGCCTAG-1",0
"CGATCGGAGTACGATA-1",0
"CGATCGGCAAACGCGA-1",0
"CGATCGGCAAGCGATG-1",1.34781411449433
"CGATCGGCAATACGCT-1",0
"CGATCGGCAGTTAACC-1",0
"CGATCGGCATACTCTT-1",3.40078543970435
"CGATCGGGTCGACTGC-1",3.09590520071077
"CGATCGGTCAACGGGA-1",1.68701849187099
"CGATCGGTCTAGCACA-1",1.72311168315317
"CGATGGCAGCCGTCGT-1",0
"CGATGGCAGTCCAGGA-1",0
"CGATGGCCACTTAACG-1",1.64898177957307
"CGATGGCCAGCGTAAG-1",2.59519846826184
"CGATGGCCATCATCCC-1",0
"CGATGGCTCCTAGAAC-1",0
"CGATGGCTCGCTAGCG-1",1.44466720250658
"CGATGGCTCTGACCTC-1",2.41210656909005
"CGATGTAAGGCAATTA-1",1.22253449173306
"CGATGTAAGTTTGCGT-1",0
"CGATGTACACAGGCCT-1",4.57077804265577
"CGATGTACAGGTCTCG-1",0
"CGATGTAGTCCAGTGC-1",0
"CGATGTAGTCTAGGTT-1",1.77895836945314
"CGATGTAGTGTGCCTG-1",1.81033167280907
"CGATGTAGTTTGCATG-1",0
"CGATTGAAGATGTGGC-1",0
"CGATTGACAGACGCAA-1",3.91207304990333
"CGATTGAGTATGGTTC-1",3.23853065249147
"CGATTGAGTTCAGACT-1",2.19014490174816
"CGATTGATCATGGTCA-1",0
"CGATTGATCTGCGGCA-1",1.88645899306714
"CGCCAAGAGAATGTTG-1",0
"CGCCAAGAGACCTTTG-1",1.94061461225251
"CGCCAAGAGATCGGGT-1",1.36819599085483
"CGCCAAGAGATCTGAA-1",1.72311168315317
"CGCCAAGAGCGTGTCC-1",0
"CGCCAAGGTCTAGGTT-1",0
"CGCCAAGTCAGGATCT-1",3.23853065249147
"CGCCAAGTCCACTCCA-1",0
"CGCCAAGTCTTGTTTG-1",0
"CGCGGTAAGCTAGCCC-1",0
"CGCGGTAAGGGTTCCC-1",0
"CGCGGTACAAACTGCT-1",0
"CGCGGTACAATGGAAT-1",0
"CGCGGTACAGCTGTTA-1",1.75600655495005
"CGCGGTAGTCAAGCGA-1",0
"CGCGGTAGTGAGGCTA-1",1.76317442783216
"CGCGGTAGTTTGCATG-1",1.75323859068789
"CGCGTTTAGTTATCGC-1",3.5083873050445
"CGCGTTTCAACAACCT-1",1.46890644327991
"CGCGTTTCAAGCGAGT-1",0
"CGCGTTTCAATGGACG-1",0
"CGCGTTTCACGGTGTC-1",0
"CGCGTTTGTGCTGTAT-1",1.7063043852994
"CGCGTTTGTGGACGAT-1",1.35524163777831
"CGCGTTTTCAAACCGT-1",0
"CGCGTTTTCAGCCTAA-1",1.65511853346191
"CGCGTTTTCCTATGTT-1",0
"CGCGTTTTCGTGGTCG-1",0
"CGCTATCAGAAACCGC-1",0
"CGCTATCAGTCATCCA-1",4.76836631866424
"CGCTATCCAAGCGAGT-1",1.52122236300469
"CGCTATCCAGTCGATT-1",0
"CGCTATCCATCGACGC-1",1.27202018532068
"CGCTATCCATTTCAGG-1",0
"CGCTATCGTACCGAGA-1",3.14418411320956
"CGCTATCGTTCGAATC-1",1.27202018532068
"CGCTATCGTTTCGCTC-1",2.98207053895617
"CGCTATCTCGTTACAG-1",0
"CGCTGGAAGGACATTA-1",1.71934145980446
"CGCTGGAAGGGCACTA-1",0
"CGCTGGAAGGTGATAT-1",0
"CGCTGGACAGACTCGC-1",3.79561880548436
"CGCTGGAGTGTAATGA-1",4.20940190435095
"CGCTGGAGTTCTGGTA-1",1.64898177957307
"CGCTGGATCCGAAGAG-1",1.86355644233966
"CGCTGGATCCGTTGCT-1",4.20940190435095
"CGCTGGATCGTAGGAG-1",1.48296601152254
"CGCTGGATCGTTACAG-1",0
"CGCTTCAAGAAGGGTA-1",0
"CGCTTCAAGGTCGGAT-1",0
"CGCTTCACACGGTGTC-1",1.60592717715981
"CGCTTCACAGACAAGC-1",0
"CGCTTCACATCACCCT-1",0
"CGCTTCAGTCGCGGTT-1",0
"CGCTTCATCTTAGAGC-1",2.10187805565909
"CGGACACAGCGATATA-1",0
"CGGACACAGCGATGAC-1",2.7248018763304
"CGGACACAGCTTCGCG-1",0
"CGGACACAGGTAAACT-1",0
"CGGACACAGTAGCCGA-1",0
"CGGACACCACAGGAGT-1",0
"CGGACACCATTCACTT-1",0
"CGGACACGTGAGCGAT-1",1.89746006310715
"CGGACACGTGCTCTTC-1",0
"CGGACACGTGTGACCC-1",1.82764235530237
"CGGACGTAGGTTACCT-1",1.68989523212849
"CGGACGTCATGGGACA-1",0
"CGGACGTGTGAAAGAG-1",0
"CGGACGTGTTGGTAAA-1",0
"CGGACGTTCATGTGGT-1",2.19014490174816
"CGGACGTTCTGTCCGT-1",0
"CGGACTGAGGAGCGAG-1",3.23853065249147
"CGGACTGAGGAGTCTG-1",3.34063325574919
"CGGACTGAGTGGTAGC-1",0
"CGGACTGCAACTTGAC-1",3.27066041963186
"CGGACTGCAATGACCT-1",0
"CGGACTGCACAACGTT-1",1.10599983066123
"CGGACTGCACGCCAGT-1",0
"CGGACTGCAGTATGCT-1",3.79561880548436
"CGGACTGGTAAAGGAG-1",0
"CGGACTGGTATAAACG-1",2.41210656909005
"CGGACTGGTGTAAGTA-1",3.16999717584432
"CGGACTGGTGTGGTTT-1",0
"CGGACTGGTTGACGTT-1",0
"CGGACTGTCCATGCTC-1",3.16509476565404
"CGGACTGTCCGTCAAA-1",0
"CGGACTGTCGTTTGCC-1",1.55745419419753
"CGGAGCTAGTTTAGGA-1",0
"CGGAGCTGTAGAAAGG-1",0
"CGGAGCTTCACTTATC-1",1.3778787463806
"CGGAGCTTCATGTAGC-1",0
"CGGAGCTTCCACGAAT-1",3.79843511345998
"CGGAGTCAGTGCGATG-1",1.35524163777831
"CGGAGTCAGTGTGAAT-1",1.95401084829981
"CGGAGTCCAGTGGGAT-1",0
"CGGAGTCCATTATCTC-1",1.42877793858469
"CGGAGTCGTAGCTGCC-1",0
"CGGAGTCGTGTTCGAT-1",1.80394603009865
"CGGAGTCTCCCAGGTG-1",1.58063191318502
"CGGAGTCTCCGTAGTA-1",1.89746006310715
"CGGCTAGAGAAACGCC-1",0
"CGGCTAGAGCACCGTC-1",0
"CGGCTAGAGCTAAACA-1",0
"CGGCTAGCAGACAAAT-1",1.83468451394509
"CGGCTAGGTAACGCGA-1",0
"CGGCTAGGTTCATGGT-1",0
"CGGCTAGTCAAAGACA-1",1.75323859068789
"CGGCTAGTCGTGGGAA-1",0
"CGGCTAGTCTTGTTTG-1",1.58063191318502
"CGGGTCAAGAGTCGGT-1",0
"CGGGTCAAGCACACAG-1",0
"CGGGTCAAGCTAACTC-1",0
"CGGGTCAAGGACACCA-1",0
"CGGGTCAAGTATGACA-1",3.40078543970435
"CGGGTCACAATGACCT-1",0
"CGGGTCACACCGAAAG-1",1.65511853346191
"CGGGTCACAGCCACCA-1",1.86447737042023
"CGGGTCACATACAGCT-1",0
"CGGGTCACATCCTTGC-1",0
"CGGGTCAGTAGCGCTC-1",0
"CGGGTCAGTCGATTGT-1",0
"CGGGTCAGTGCAACTT-1",0
"CGGGTCAGTTGTTTGG-1",2.7248018763304
"CGGGTCATCAACACCA-1",1.02074190468261
"CGGGTCATCACCTTAT-1",0
"CGGGTCATCCACGACG-1",0
"CGGTTAACAGGACCCT-1",0
"CGGTTAACATGTCCTC-1",0
"CGGTTAACATTCCTGC-1",1.58063191318502
"CGGTTAAGTCGACTGC-1",0
"CGGTTAATCCGGCACA-1",3.34063325574919
"CGGTTAATCCTTTCGG-1",0
"CGGTTAATCTTATCTG-1",1.65683308016806
"CGTAGCGAGATGTAAC-1",1.9907182300845
"CGTAGCGAGGCAATTA-1",1.6880958603865
"CGTAGCGCAAGCGCTC-1",0
"CGTAGCGTCCAACCAA-1",0
"CGTAGCGTCGGCGGTT-1",0
"CGTAGGCAGGGCTCTC-1",0
"CGTAGGCCAAGCGATG-1",0
"CGTAGGCCACTAAGTC-1",0
"CGTAGGCCAGAGTGTG-1",1.65511853346191
"CGTAGGCCATCCCATC-1",1.02074190468261
"CGTAGGCGTATTAGCC-1",1.80056345012877
"CGTAGGCGTCAATACC-1",2.41210656909005
"CGTAGGCGTGGCGAAT-1",1.59990646616855
"CGTAGGCTCCAGAAGG-1",2.41210656909005
"CGTCACTAGTCATGCT-1",0
"CGTCACTCAAAGCGGT-1",0
"CGTCACTCAGGTCCAC-1",0
"CGTCACTCAGTCACTA-1",2.66416114815826
"CGTCACTTCCTTGACC-1",0
"CGTCACTTCGGTGTTA-1",0
"CGTCACTTCTGTGCAA-1",1.9907182300845
"CGTCACTTCTTGAGAC-1",0
"CGTCAGGAGCTGTTCA-1",2.66416114815826
"CGTCAGGCAAAGCAAT-1",0
"CGTCAGGCAAAGCGGT-1",1.48296601152254
"CGTCAGGCAACACGCC-1",3.79050867765036
"CGTCAGGCATCCGCGA-1",1.65924073491792
"CGTCAGGGTCAGCTAT-1",0
"CGTCAGGGTCGTTGTA-1",0
"CGTCAGGGTGTAAGTA-1",1.89746006310715
"CGTCAGGTCCACTGGG-1",0
"CGTCAGGTCGACAGCC-1",1.52038403247398
"CGTCAGGTCGGGAGTA-1",0
"CGTCCATAGACCACGA-1",0
"CGTCCATAGCGATTCT-1",0
"CGTCCATAGGCTATCT-1",0
"CGTCCATAGTCTCAAC-1",1.74812676048036
"CGTCCATCACGACTCG-1",3.79050867765036
"CGTCCATCATTCACTT-1",1.58063191318502
"CGTCCATGTCTAGCGC-1",1.45616404108038
"CGTCCATGTGATAAAC-1",1.46122980539364
"CGTCCATGTTTGGGCC-1",0
"CGTCCATGTTTGTGTG-1",0
"CGTCCATTCAACACCA-1",0
"CGTCCATTCATTCACT-1",1.63421101763932
"CGTCTACAGTGCGTGA-1",1.6880958603865
"CGTCTACGTAGTAGTA-1",0
"CGTCTACTCGAGCCCA-1",0
"CGTCTACTCGCCATAA-1",0
"CGTCTACTCGGCCGAT-1",0
"CGTCTACTCGTCCAGG-1",0
"CGTGAGCAGATCTGAA-1",0
"CGTGAGCAGCAATCTC-1",1.68701849187099
"CGTGAGCAGCGGATCA-1",0
"CGTGAGCAGCTAGTGG-1",0
"CGTGAGCAGCTTCGCG-1",5.28067497443169
"CGTGAGCAGGGCACTA-1",0
"CGTGAGCAGGGTGTGT-1",0
"CGTGAGCAGTGGAGAA-1",0
"CGTGAGCCAAGCCGCT-1",3.16509476565404
"CGTGAGCCACGTAAGG-1",0
"CGTGAGCCATACGCCG-1",0
"CGTGAGCGTAGATTAG-1",0
"CGTGAGCGTCTCTTAT-1",0
"CGTGAGCTCACAAACC-1",0
"CGTGAGCTCCAAATGC-1",1.89746006310715
"CGTGAGCTCCGAGCCA-1",3.45641580174102
"CGTGAGCTCGTTGCCT-1",0
"CGTGAGCTCTGGGCCA-1",0
"CGTGTAAAGATAGTCA-1",3.52170300581608
"CGTGTAAAGGTGTTAA-1",0
"CGTGTAAAGTACATGA-1",2.65149611519828
"CGTGTAACATGGGACA-1",0
"CGTGTAAGTGTCTGAT-1",0
"CGTGTAATCTACTATC-1",0
"CGTGTAATCTCGATGA-1",0
"CGTGTAATCTTTAGTC-1",1.55893456990057
"CGTGTCTAGGCGCTCT-1",1.45616404108038
"CGTGTCTAGGGATGGG-1",1.11957684630102
"CGTGTCTCAGACAAAT-1",0
"CGTGTCTCAGACACTT-1",1.7063043852994
"CGTGTCTGTAAGAGGA-1",1.73147862064088
"CGTGTCTGTATATGAG-1",0
"CGTGTCTGTCAAAGCG-1",0
"CGTGTCTGTTCCGTCT-1",2.19014490174816
"CGTGTCTTCAATCACG-1",1.9907182300845
"CGTGTCTTCAGAGGTG-1",3.79843511345998
"CGTGTCTTCATAGCAC-1",0
"CGTGTCTTCCGAACGC-1",1.88645899306714
"CGTGTCTTCGGCATCG-1",1.67810552777897
"CGTGTCTTCGTGGACC-1",0
"CGTGTCTTCTACTTAC-1",1.68701849187099
"CGTGTCTTCTGAGTGT-1",2.98207053895617
"CGTTAGAAGATCTGAA-1",2.65149611519828
"CGTTAGAAGGCCCTTG-1",0
"CGTTAGACACGAAAGC-1",5.65709552531423
"CGTTAGACAGCTTCGG-1",0
"CGTTAGAGTTTAAGCC-1",1.56131017941111
"CGTTAGATCACTTATC-1",0
"CGTTAGATCAGCCTAA-1",0
"CGTTCTGAGAAGGGTA-1",0
"CGTTCTGAGTGAACAT-1",1.80394603009865
"CGTTCTGCAGCTCGCA-1",2.21810548003173
"CGTTCTGCATTGGCGC-1",0
"CGTTCTGGTGAGGGTT-1",2.70105364374449
"CGTTCTGTCTGATTCT-1",0
"CGTTGGGAGCTAGTTC-1",3.23853065249147
"CGTTGGGAGGATGCGT-1",0
"CGTTGGGCACATTAGC-1",0
"CGTTGGGCAGACAGGT-1",0
"CGTTGGGGTTCCCGAG-1",3.62802889033617
"CGTTGGGTCATGCTCC-1",1.61425526418314
"CGTTGGGTCCATGAAC-1",0
"CGTTGGGTCTACCAGA-1",3.16509476565404
"CTAACTTAGTCCTCCT-1",1.78059725485862
"CTAACTTCAATAGCAA-1",2.41210656909005
"CTAACTTCAATCGGTT-1",1.42950232524682
"CTAACTTGTGAGGCTA-1",0
"CTAACTTTCGTACGGC-1",1.94061461225251
"CTAACTTTCTGGCGTG-1",0
"CTAAGACAGGGAAACA-1",0
"CTAAGACAGTACATGA-1",1.3778787463806
"CTAAGACAGTTCGCGC-1",1.42950232524682
"CTAAGACCAAGTAATG-1",0
"CTAAGACCAGTAAGAT-1",0
"CTAAGACCATGCAATC-1",0
"CTAAGACGTAAGGATT-1",2.11168655381106
"CTAAGACGTATCAGTC-1",0
"CTAAGACGTCACCTAA-1",2.51674442419746
"CTAAGACTCGTTGCCT-1",0
"CTAAGACTCTTACCGC-1",1.9269522353107
"CTAAGACTCTTGAGGT-1",0
"CTAATGGAGCAATCTC-1",0
"CTAATGGAGCGCTCCA-1",0
"CTAATGGAGCTCCCAG-1",1.36819599085483
"CTAATGGAGCTGAAAT-1",1.95405473914978
"CTAATGGAGTTAGGTA-1",1.75323859068789
"CTAATGGCATGGAATA-1",1.48296601152254
"CTAATGGGTACCGCTG-1",0
"CTAATGGGTCTAGCGC-1",1.90375129004809
"CTAATGGGTGAGGGAG-1",1.88645899306714
"CTAATGGGTTGGTGGA-1",1.86355644233966
"CTAATGGTCATGCTCC-1",0
"CTAATGGTCCACTGGG-1",0
"CTAATGGTCCGTTGCT-1",0
"CTAATGGTCCTAGAAC-1",0
"CTACACCAGTGCGATG-1",0
"CTACACCCACGGACAA-1",1.90375129004809
"CTACACCGTAATAGCA-1",0
"CTACACCGTCTGATTG-1",0
"CTACACCGTTCGTCTC-1",2.70105364374449
"CTACACCTCAGAAATG-1",1.8498800654113
"CTACACCTCGGCTTGG-1",1.77284598709209
"CTACACCTCGGTCCGA-1",0
"CTACACCTCTCGCATC-1",1.05086324900709
"CTACACCTCTCTGCTG-1",0
"CTACATTAGATCACGG-1",0
"CTACATTCACTCGACG-1",0
"CTACATTCATTTCACT-1",0
"CTACATTGTGATGATA-1",3.79050867765036
"CTACATTGTTCGAATC-1",3.79050867765036
"CTACATTTCAACGCTA-1",0
"CTACATTTCGCCATAA-1",1.90375129004809
"CTACATTTCTAGCACA-1",3.91630912223824
"CTACCCACACAGAGGT-1",1.95401084829981
"CTACCCACACGACGAA-1",1.58063191318502
"CTACCCACATGGTTGT-1",5.56682909099733
"CTACCCAGTATCTGCA-1",1.72311168315317
"CTACCCAGTATGAATG-1",0
"CTACCCAGTCAGAAGC-1",0
"CTACCCAGTGTGACCC-1",1.67527766992964
"CTACCCAGTTATGTGC-1",3.40078543970435
"CTACCCATCTACGAGT-1",3.2538146967112
"CTACGTCAGGTGCAAC-1",1.56131017941111
"CTACGTCAGTGCGATG-1",1.60592717715981
"CTACGTCAGTTGTCGT-1",1.27202018532068
"CTACGTCCATATACCG-1",0
"CTACGTCGTATATGGA-1",1.27202018532068
"CTACGTCGTGTGGTTT-1",1.88645899306714
"CTACGTCTCAAAGTAG-1",0
"CTACGTCTCACGACTA-1",0
"CTACGTCTCACGGTTA-1",1.23139538262589
"CTACGTCTCCTAGAAC-1",5.65709552531423
"CTAGAGTAGCTGTCTA-1",1.9907182300845
"CTAGAGTAGGATCGCA-1",0
"CTAGAGTAGTCCATAC-1",0
"CTAGAGTCACATTAGC-1",1.3778787463806
"CTAGAGTCAGTATGCT-1",0
"CTAGAGTCATACTCTT-1",1.9907182300845
"CTAGAGTCATGTAAGA-1",1.72311168315317
"CTAGAGTGTGACCAAG-1",2.36492133554336
"CTAGAGTTCAACACCA-1",1.64898177957307
"CTAGAGTTCCGTCAAA-1",1.36819599085483
"CTAGAGTTCCTAAGTG-1",0
"CTAGAGTTCGCCAGCA-1",0
"CTAGAGTTCGCTTAGA-1",1.9907182300845
"CTAGAGTTCGTGACAT-1",0
"CTAGAGTTCTGATTCT-1",1.39956469804079
"CTAGCCTCACCAGATT-1",0
"CTAGCCTGTATATCCG-1",1.60592717715981
"CTAGCCTGTGATGCCC-1",2.8976843818646
"CTAGCCTTCGGGAGTA-1",1.22253449173306
"CTAGTGAAGCTGGAAC-1",0
"CTAGTGAAGTGTACCT-1",0
"CTAGTGACAAGTCTAC-1",1.80394603009865
"CTAGTGACAGGATCGA-1",0
"CTAGTGAGTTATGCGT-1",0
"CTAGTGATCAGTTGAC-1",1.46890644327991
"CTAGTGATCCAGTAGT-1",0
"CTCACACAGCTAAGAT-1",0
"CTCACACAGCTGCCCA-1",0
"CTCACACAGGATGCGT-1",1.75600655495005
"CTCACACCACGTAAGG-1",0
"CTCACACCACTGTTAG-1",1.59990646616855
"CTCACACCATATACGC-1",0
"CTCACACGTGCTGTAT-1",0
"CTCACACGTTCCATGA-1",1.74812676048036
"CTCACACGTTTGGGCC-1",0
"CTCACACTCACCGGGT-1",1.72311168315317
"CTCACACTCATCGGAT-1",0
"CTCACACTCCGCGCAA-1",0
"CTCACACTCTAACCGA-1",1.55893456990057
"CTCAGAAAGAGCTGCA-1",5.65709552531423
"CTCAGAAAGGAGTAGA-1",0
"CTCAGAACAACGCACC-1",1.44466720250658
"CTCAGAACAAGCGATG-1",1.88645899306714
"CTCAGAACAGGGCATA-1",1.71934145980446
"CTCAGAAGTGACGGTA-1",1.72918676816664
"CTCAGAATCTTAACCT-1",0
"CTCATTAAGAACTGTA-1",0
"CTCATTACATGGTCAT-1",0
"CTCATTAGTGTAACGG-1",3.91207304990333
"CTCATTAGTTTACTCT-1",0
"CTCCTAGCAAGTACCT-1",0
"CTCCTAGCAATTCCTT-1",1.31103918124792
"CTCCTAGCACTGTCGG-1",1.80394603009865
"CTCCTAGCAGTCCTTC-1",1.3778787463806
"CTCCTAGCATAACCTG-1",1.87095651088925
"CTCCTAGCATGCGCAC-1",0
"CTCCTAGGTAGAAAGG-1",0
"CTCCTAGGTCCGAGTC-1",0
"CTCCTAGGTCTAGCCG-1",1.65511853346191
"CTCCTAGGTGTTTGTG-1",0
"CTCCTAGGTTCGTGAT-1",0
"CTCCTAGGTTGTTTGG-1",0
"CTCCTAGTCACTTACT-1",0
"CTCCTAGTCTCATTCA-1",0
"CTCGAAAAGCCCAACC-1",2.1651660828208
"CTCGAAAAGCTATGCT-1",1.31103918124792
"CTCGAAAAGGCCCTTG-1",0
"CTCGAAAAGGGCTTCC-1",1.59990646616855
"CTCGAAACAAGCCGTC-1",0
"CTCGAAACACATTAGC-1",0
"CTCGAAACACCGAAAG-1",0
"CTCGAAACACGGCTAC-1",1.48296601152254
"CTCGAAACAGTAAGAT-1",3.40078543970435
"CTCGAGGAGCCATCGC-1",0
"CTCGAGGAGGGCTTCC-1",1.72918676816664
"CTCGAGGCAGATAATG-1",1.73052744977812
"CTCGAGGGTATTCTCT-1",2.94789792700352
"CTCGAGGGTGCCTGGT-1",0
"CTCGGAGAGTCCCACG-1",1.94266006066584
"CTCGGAGCACTTCTGC-1",0
"CTCGGAGCAGCTGCAC-1",1.52038403247398
"CTCGGAGCAGGATCGA-1",0
"CTCGGAGGTAGCCTAT-1",0
"CTCGGAGGTCATGCCG-1",0
"CTCGGAGTCAAACGGG-1",0
"CTCGGAGTCACATACG-1",0
"CTCGGAGTCAGCTTAG-1",0
"CTCGGGAAGACCTAGG-1",0
"CTCGGGACACAGCCCA-1",0
"CTCGGGACATAAAGGT-1",2.19014490174816
"CTCGGGACATCCCACT-1",0
"CTCGGGACATGTCGAT-1",1.52122236300469
"CTCGGGAGTCGCGTGT-1",0
"CTCGGGAGTGACTACT-1",4.19345007863452
"CTCGGGAGTTACGACT-1",1.65511853346191
"CTCGGGATCCGTACAA-1",0
"CTCGGGATCCTTGACC-1",5.28067497443169
"CTCGGGATCTTGTTTG-1",0
"CTCGTACAGCGATAGC-1",0
"CTCGTACCAGCGTAAG-1",0
"CTCGTACCATAGTAAG-1",0
"CTCGTACGTAGAGTGC-1",0
"CTCGTACGTATCACCA-1",1.3053269184011
"CTCGTACGTGCAGTAG-1",1.86355644233966
"CTCGTACTCAAAGTAG-1",5.65709552531423
"CTCGTACTCAATCTCT-1",1.55893456990057
"CTCGTACTCGTTGCCT-1",1.75600655495005
"CTCGTACTCTGGTTCC-1",0
"CTCGTCAAGATGCCTT-1",3.09590520071077
"CTCGTCAAGTGGAGTC-1",1.02074190468261
"CTCGTCAAGTTTGCGT-1",0
"CTCGTCACAACGATCT-1",0
"CTCGTCACACATCCGG-1",1.65511853346191
"CTCGTCACAGTCGTGC-1",1.35524163777831
"CTCGTCAGTCTCATCC-1",0
"CTCGTCAGTCTCCATC-1",0
"CTCGTCAGTGAGCGAT-1",4.20940190435095
"CTCGTCAGTTGACGTT-1",0
"CTCGTCAGTTGGGACA-1",0
"CTCGTCATCACTTATC-1",0
"CTCGTCATCGACCAGC-1",0
"CTCGTCATCTGCTGTC-1",0
"CTCTAATCACCAGGTC-1",0
"CTCTAATCACGGTGTC-1",0
"CTCTAATCAGGAATCG-1",0
"CTCTAATGTCCAAGTT-1",0
"CTCTACGAGCTAAACA-1",3.23853065249147
"CTCTACGAGCTAGTGG-1",1.7063043852994
"CTCTACGAGTACGCCC-1",0
"CTCTACGAGTAGGCCA-1",1.74812676048036
"CTCTACGCAATAACGA-1",0
"CTCTACGCAGACGCTC-1",2.66416114815826
"CTCTACGCATGACATC-1",0
"CTCTACGTCATGTCTT-1",0
"CTCTACGTCCCTAATT-1",0
"CTCTACGTCGGCATCG-1",1.3778787463806
"CTCTACGTCGGTCTAA-1",3.81380855475463
"CTCTGGTAGCGTTCCG-1",1.52038403247398
"CTCTGGTAGGCATGGT-1",0
"CTCTGGTAGTGCCAGA-1",0
"CTCTGGTCACAAGCCC-1",0
"CTCTGGTCAGCCTTTC-1",0
"CTCTGGTTCATCTGTT-1",0
"CTCTGGTTCTTGTACT-1",0
"CTGAAACAGATCCCGC-1",1.64898177957307
"CTGAAACAGGTGCTAG-1",0
"CTGAAACAGTCCGTAT-1",0
"CTGAAACAGTGTCTCA-1",1.81033167280907
"CTGAAACGTCATCGGC-1",2.59519846826184
"CTGAAACGTTAAAGAC-1",1.52038403247398
"CTGAAACTCATACGGT-1",1.56220326605152
"CTGAAGTAGTGCGTGA-1",1.23139538262589
"CTGAAGTCAGCTGTAT-1",1.73052744977812
"CTGAAGTGTTAAAGTG-1",0
"CTGAAGTTCAAGCCTA-1",1.65683308016806
"CTGAAGTTCGGATGTT-1",1.7063043852994
"CTGATAGAGGGAGTAA-1",4.51598320844346
"CTGATAGAGTGCAAGC-1",0
"CTGATAGCAGCCTTTC-1",1.58063191318502
"CTGATAGCATCCCATC-1",0
"CTGATAGCATCTCCCA-1",1.85577505279414
"CTGATAGGTCAAAGCG-1",2.15099969048133
"CTGATAGGTCGCTTTC-1",1.59990646616855
"CTGATAGGTTACGACT-1",0
"CTGATAGTCGCGATCG-1",0
"CTGATCCAGGCATTGG-1",0
"CTGATCCAGGTGACCA-1",0
"CTGATCCCACAGAGGT-1",0
"CTGATCCCAGGCTGAA-1",0
"CTGATCCGTGCCTGGT-1",1.75323859068789
"CTGATCCGTTATCCGA-1",2.11168655381106
"CTGATCCGTTGTGGCC-1",2.84279219070872
"CTGCCTAAGGGTCTCC-1",0
"CTGCCTAAGGTGATAT-1",0
"CTGCCTAAGTACGCGA-1",0
"CTGCCTAAGTGCGTGA-1",1.39956469804079
"CTGCCTACATCCCACT-1",0
"CTGCCTATCAATAAGG-1",2.15099969048133
"CTGCGGAAGAAGGACA-1",0
"CTGCGGAAGAGCTGGT-1",1.23139538262589
"CTGCGGAAGATGAGAG-1",0
"CTGCGGACAGGTCGTC-1",0
"CTGCGGACATGTCTCC-1",0
"CTGCGGAGTCACTTCC-1",1.75323859068789
"CTGCGGAGTCGTGGCT-1",0
"CTGCGGAGTTCTGTTT-1",2.63440666968745
"CTGCGGAGTTGGACCC-1",0
"CTGCGGATCGCCTGTT-1",3.09284946504341
"CTGCGGATCTTACCGC-1",0
"CTGCTGTAGGGTGTTG-1",3.23853065249147
"CTGCTGTAGTACCGGA-1",1.58063191318502
"CTGCTGTAGTGGAGAA-1",3.2538146967112
"CTGCTGTCACATCTTT-1",0
"CTGCTGTGTTAAAGAC-1",2.51674442419746
"CTGCTGTTCTCCAACC-1",0
"CTGCTGTTCTTACCGC-1",1.64390993462428
"CTGGTCTAGCGTTGCC-1",1.31103918124792
"CTGGTCTAGGACAGCT-1",0
"CTGGTCTAGGGCTTGA-1",0
"CTGGTCTAGTCGAGTG-1",0
"CTGGTCTCAAAGGAAG-1",1.75323859068789
"CTGGTCTCACCAGTTA-1",1.4911814428667
"CTGGTCTGTACCTACA-1",2.7248018763304
"CTGGTCTGTACGCTGC-1",3.45641580174102
"CTGGTCTGTCCGCTGA-1",1.77895836945314
"CTGGTCTGTCCGTTAA-1",0
"CTGGTCTGTTCATGGT-1",2.51674442419746
"CTGGTCTGTTCGTGAT-1",0
"CTGGTCTTCAACGGGA-1",0
"CTGGTCTTCACTTACT-1",0
"CTGGTCTTCTTACCTA-1",0
"CTGTGCTGTATATCCG-1",0
"CTGTGCTGTCATCCCT-1",0
"CTGTGCTGTCCCTACT-1",3.5083873050445
"CTGTGCTGTCGGCACT-1",0
"CTGTGCTTCCATTCTA-1",0
"CTGTTTAAGAAACCGC-1",0
"CTGTTTAAGATCGATA-1",0
"CTGTTTAAGGAGTTGC-1",1.94061461225251
"CTGTTTAGTCAAAGCG-1",0
"CTGTTTATCAGCCTAA-1",0
"CTGTTTATCATTTGGG-1",0
"CTGTTTATCTCCAGGG-1",1.55893456990057
"CTGTTTATCTCTTGAT-1",3.16509476565404
"CTGTTTATCTTCTGGC-1",0
"CTTAACTAGCCAGTAG-1",0
"CTTAACTAGGCTCTTA-1",0
"CTTAACTAGGTGCACA-1",0
"CTTAACTAGTCTCGGC-1",0
"CTTACCGAGCGCTTAT-1",3.27066041963186
"CTTACCGAGGCTACGA-1",2.84279219070872
"CTTACCGCAGATCTGT-1",2.84279219070872
"CTTACCGCAGTCAGAG-1",0
"CTTACCGGTCCTGCTT-1",1.65511853346191
"CTTACCGGTCGCCATG-1",0
"CTTACCGGTCTACCTC-1",1.95401084829981
"CTTACCGTCGGACAAG-1",4.20940190435095
"CTTAGGAAGCCCAACC-1",0
"CTTAGGACACGACGAA-1",0
"CTTAGGAGTTATGTGC-1",2.41210656909005
"CTTAGGATCCCATTTA-1",0
"CTTAGGATCTTTACAC-1",1.6880958603865
"CTTCTCTAGAACTCGG-1",0
"CTTCTCTAGAGTGAGA-1",0
"CTTCTCTAGCAGGCTA-1",1.44466720250658
"CTTCTCTAGTTAACGA-1",1.52122236300469
"CTTCTCTCAAAGGTGC-1",3.14418411320956
"CTTCTCTGTAACGACG-1",1.27202018532068
"CTTCTCTGTGCATCTA-1",1.90375129004809
"CTTCTCTTCGAGCCCA-1",0
"CTTGGCTAGCGATATA-1",0
"CTTGGCTAGTACGTTC-1",1.56131017941111
"CTTGGCTCATTACCTT-1",1.48296601152254
"CTTGGCTGTCTCCATC-1",2.11168655381106
"CTTGGCTTCCCTAATT-1",0
"CTTGGCTTCGCGTAGC-1",4.20940190435095
"CTTGGCTTCTCGTTTA-1",3.45641580174102
"CTTTGCGAGCAAATCA-1",0
"CTTTGCGAGCGTTCCG-1",3.16509476565404
"CTTTGCGAGTATCTCG-1",0
"CTTTGCGCAATTCCTT-1",1.27202018532068
"CTTTGCGCACTTAAGC-1",0
"CTTTGCGCAGACGCAA-1",0
"CTTTGCGGTAGAGGAA-1",2.51674442419746
"CTTTGCGTCCAGGGCT-1",1.65511853346191
"GAAACTCAGAGACGAA-1",1.94061461225251
"GAAACTCAGAGGTTAT-1",1.4911814428667
"GAAACTCAGCAGCCTC-1",5.65709552531423
"GAAACTCAGCCCAGCT-1",1.39956469804079
"GAAACTCAGCTAAACA-1",1.42877793858469
"GAAACTCAGTGCTGCC-1",1.24162561788252
"GAAACTCCAAGCCCAC-1",0
"GAAACTCCACATGACT-1",0
"GAAACTCCAGACACTT-1",4.57077804265577
"GAAACTCCATGGATGG-1",0
"GAAACTCGTACTCGCG-1",1.88645899306714
"GAAACTCGTAGCGATG-1",0
"GAAACTCGTGTGAAAT-1",1.89746006310715
"GAAACTCGTTTGTGTG-1",0
"GAAATGAAGCCAGTTT-1",1.94266006066584
"GAAATGAAGCTAGTCT-1",1.68989523212849
"GAAATGAAGTACGTAA-1",0
"GAAATGATCATGCTCC-1",0
"GAAATGATCCTCGCAT-1",2.59519846826184
"GAACATCAGATGGCGT-1",1.94266006066584
"GAACATCCAACAACCT-1",0
"GAACATCCACATCTTT-1",4.20940190435095
"GAACATCCACCTATCC-1",3.40078543970435
"GAACATCCACGGACAA-1",1.55893456990057
"GAACATCCATGCTAGT-1",0
"GAACATCGTACGACCC-1",0
"GAACATCGTGGACGAT-1",0
"GAACATCGTTCCCGAG-1",0
"GAACATCTCCAAGTAC-1",2.19014490174816
"GAACATCTCGATCCCT-1",1.66825874174476
"GAACATCTCTCCAACC-1",2.59519846826184
"GAACCTAAGAACTGTA-1",1.39956469804079
"GAACCTAAGAGCAATT-1",0
"GAACCTAAGCCAGTAG-1",1.55745419419753
"GAACCTACAAGGACAC-1",0
"GAACCTACAGACACTT-1",0
"GAACCTAGTACCAGTT-1",1.6880958603865
"GAACCTAGTGTCAATC-1",0
"GAACCTATCACGATGT-1",0
"GAACGGAAGACGCAAC-1",3.40078543970435
"GAACGGAAGTAATCCC-1",3.47034330162262
"GAACGGAAGTCAATAG-1",0
"GAACGGAAGTGGACGT-1",0
"GAACGGACACAGCGTC-1",0
"GAACGGACACCTCGTT-1",0
"GAACGGACACTTAACG-1",3.79050867765036
"GAACGGAGTAGCGTAG-1",1.66825874174476
"GAACGGAGTCAGAGGT-1",1.80394603009865
"GAACGGAGTGGCGAAT-1",0
"GAACGGATCACTCCTG-1",3.14418411320956
"GAACGGATCCACGAAT-1",1.55745419419753
"GAACGGATCGTAGGAG-1",0
"GAACGGATCTGTCAAG-1",0
"GAAGCAGAGACTAAGT-1",0
"GAAGCAGAGAGACGAA-1",0
"GAAGCAGAGCCACGCT-1",0
"GAAGCAGAGTTCGCGC-1",0
"GAAGCAGCAATCCGAT-1",1.31103918124792
"GAAGCAGCAGATCTGT-1",2.96191586047485
"GAAGCAGCAGATGAGC-1",0
"GAAGCAGCATGAACCT-1",0
"GAAGCAGCATGGAATA-1",0
"GAAGCAGGTAACGCGA-1",0
"GAAGCAGGTCATACTG-1",0
"GAAGCAGTCCTAGTGA-1",1.48296601152254
"GAAGCAGTCTTATCTG-1",1.22253449173306
"GAATAAGCAAGGTGTG-1",1.22253449173306
"GAATAAGCAGACAAGC-1",5.28067497443169
"GAATAAGCATGCAACT-1",1.72311168315317
"GAATAAGGTCCGTTAA-1",2.59519846826184
"GAATAAGGTGAGTGAC-1",1.52122236300469
"GAATAAGGTTCCCTTG-1",0
"GAATAAGTCGTTTAGG-1",1.82764235530237
"GAATGAAAGAGTCTGG-1",2.59519846826184
"GAATGAAAGCTTATCG-1",0
"GAATGAAAGGCATGTG-1",3.53434457862682
"GAATGAACAAACGCGA-1",3.40078543970435
"GAATGAACAGTGAGTG-1",1.87095651088925
"GAATGAACATCATCCC-1",2.19014490174816
"GAATGAAGTCAACATC-1",1.31103918124792
"GAATGAAGTCTCACCT-1",3.16509476565404
"GAATGAAGTGGCAAAC-1",2.8535659338888
"GAATGAAGTTGCGTTA-1",1.56220326605152
"GAATGAATCAGTTAGC-1",0
"GAATGAATCCTGCCAT-1",1.05086324900709
"GACACGCAGACGCACA-1",0
"GACACGCAGAGTAATC-1",0
"GACACGCAGCCAACAG-1",1.87095651088925
"GACACGCAGGAGTTTA-1",4.19345007863452
"GACACGCAGGGCATGT-1",0
"GACACGCAGGTGCACA-1",3.91207304990333
"GACACGCAGTCCAGGA-1",2.59519846826184
"GACACGCAGTGGGATC-1",0
"GACACGCAGTGGGTTG-1",0
"GACACGCCAAGCGTAG-1",1.05086324900709
"GACACGCCAAGGACAC-1",0
"GACACGCCAGACGCTC-1",0
"GACACGCCATCCTTGC-1",3.45641580174102
"GACACGCGTTCACGGC-1",0
"GACACGCTCATGTAGC-1",0
"GACAGAGAGTACGATA-1",3.16509476565404
"GACAGAGCAACGATCT-1",0
"GACAGAGCAAGTCTAC-1",0
"GACAGAGCAGCTCCGA-1",0
"GACAGAGCAGCTGGCT-1",1.52038403247398
"GACAGAGTCAAACAAG-1",3.14418411320956
"GACAGAGTCAGAGACG-1",1.87095651088925
"GACAGAGTCCTTCAAT-1",3.23853065249147
"GACAGAGTCCTTGCCA-1",0
"GACAGAGTCTTCATGT-1",0
"GACCAATAGAAGGGTA-1",0
"GACCAATAGCTACCGC-1",1.68701849187099
"GACCAATAGCTACCTA-1",1.83468451394509
"GACCAATCAGGTGCCT-1",3.91630912223824
"GACCAATCATGCGCAC-1",1.59990646616855
"GACCAATGTACAGTTC-1",0
"GACCAATGTCGCTTCT-1",1.87095651088925
"GACCAATTCCGATATG-1",0
"GACCAATTCGAATGGG-1",0
"GACCAATTCGTCACGG-1",0
"GACCTGGCATCACAAC-1",5.65709552531423
"GACCTGGCATGTCTCC-1",1.68701849187099
"GACCTGGCATTGGCGC-1",2.94789792700352
"GACCTGGGTAAAGGAG-1",5.65709552531423
"GACCTGGGTCCAGTTA-1",1.3778787463806
"GACCTGGGTGCAGTAG-1",1.52122236300469
"GACCTGGTCATAGCAC-1",1.95401084829981
"GACCTGGTCCTTGCCA-1",1.73052744977812
"GACCTGGTCGCATGAT-1",1.94061461225251
"GACCTGGTCGTCACGG-1",1.61425526418314
"GACGCGTAGTGGTAAT-1",0
"GACGCGTAGTTGTAGA-1",0
"GACGCGTGTAAAGGAG-1",0
"GACGCGTGTGTGAAAT-1",1.10599983066123
"GACGCGTGTTAAGACA-1",0
"GACGCGTTCAAACCGT-1",1.90375129004809
"GACGCGTTCCAAATGC-1",1.52122236300469
"GACGCGTTCCGCGGTA-1",3.5083873050445
"GACGCGTTCCTACAGA-1",3.09284946504341
"GACGCGTTCTCCGGTT-1",0
"GACGGCTAGAAGATTC-1",1.87095651088925
"GACGGCTAGAGCTGGT-1",4.20940190435095
"GACGGCTCAAGGTTTC-1",1.72311168315317
"GACGGCTCACCGCTAG-1",0
"GACGGCTCATGAACCT-1",0
"GACGGCTCATGCAACT-1",1.22253449173306
"GACGGCTGTGTGTGCC-1",0
"GACGGCTGTTATGTGC-1",1.55745419419753
"GACGGCTGTTTGGCGC-1",0
"GACGGCTTCTATCGCC-1",2.63440666968745
"GACGTGCAGGCAAAGA-1",2.41210656909005
"GACGTGCAGGGTGTGT-1",1.3778787463806
"GACGTGCAGGTGTTAA-1",5.06258773333605
"GACGTGCCAGGTCGTC-1",2.19014490174816
"GACGTGCGTAACGTTC-1",1.66338806773757
"GACGTGCTCACCTCGT-1",0
"GACGTTAAGCTACCGC-1",1.42877793858469
"GACGTTAAGGCAAAGA-1",0
"GACGTTAAGTCAAGCG-1",0
"GACGTTACAAGCCATT-1",2.41210656909005
"GACGTTACAAGGTTTC-1",0
"GACGTTACAGACACTT-1",2.8976843818646
"GACGTTAGTATCTGCA-1",0
"GACGTTAGTTTGACAC-1",1.71934145980446
"GACGTTAGTTTGACTG-1",0
"GACGTTATCACAGGCC-1",1.6880958603865
"GACGTTATCATTGCGA-1",0
"GACGTTATCCCGGATG-1",3.5083873050445
"GACGTTATCCGAAGAG-1",1.55893456990057
"GACGTTATCGCGTTTC-1",1.3053269184011
"GACGTTATCTGTCCGT-1",2.41210656909005
"GACTAACAGACAGAGA-1",0
"GACTAACAGTGGAGAA-1",3.66508019987753
"GACTAACCAAATCCGT-1",1.76317442783216
"GACTAACGTCTAGTCA-1",1.9907182300845
"GACTAACGTGCAACTT-1",0
"GACTAACGTTCAGACT-1",1.11957684630102
"GACTAACTCCTTTCTC-1",1.94266006066584
"GACTAACTCTTGCCGT-1",1.52122236300469
"GACTAACTCTTTACAC-1",1.22253449173306
"GACTACAAGATATGGT-1",0
"GACTACACAAATCCGT-1",0
"GACTACAGTGCTGTAT-1",0
"GACTACATCAGCCTAA-1",0
"GACTACATCAGGTAAA-1",0
"GACTACATCTGCAGTA-1",0
"GACTGCGAGCGTAGTG-1",0
"GACTGCGAGTTGTAGA-1",0
"GACTGCGCACTTAACG-1",1.65683308016806
"GACTGCGCATGTTCCC-1",0
"GACTGCGGTACGCACC-1",1.61425526418314
"GACTGCGGTTCTCATT-1",0
"GACTGCGTCAACACAC-1",2.98207053895617
"GACTGCGTCACGACTA-1",0
"GACTGCGTCGCCCTTA-1",0
"GACTGCGTCTCAAACG-1",0
"GAGCAGAGTAGGGTAC-1",0
"GAGCAGAGTCAGATAA-1",0
"GAGCAGAGTCATATGC-1",0
"GAGCAGAGTGAGCGAT-1",0
"GAGCAGAGTGTAACGG-1",1.55745419419753
"GAGCAGAGTGTGACCC-1",1.6880958603865
"GAGCAGAGTTCGGGCT-1",0
"GAGCAGAGTTTAAGCC-1",0
"GAGCAGAGTTTGCATG-1",3.45641580174102
"GAGGTGAAGCAACGGT-1",0
"GAGGTGAAGGCTCTTA-1",0
"GAGGTGAAGTGGTAGC-1",1.27202018532068
"GAGGTGAAGTTGTAGA-1",3.5083873050445
"GAGGTGACACTGTCGG-1",0
"GAGGTGACATCCTTGC-1",2.19014490174816
"GAGGTGACATGCATGT-1",1.8498800654113
"GAGGTGAGTACCTACA-1",0
"GAGGTGAGTCATTAGC-1",0
"GAGGTGAGTTCCTCCA-1",0
"GAGGTGATCATCGCTC-1",0
"GAGGTGATCTAGAGTC-1",0
"GAGGTGATCTCTAGGA-1",1.23139538262589
"GAGGTGATCTGCTGTC-1",0
"GAGGTGATCTGGGCCA-1",0
"GAGTCCGAGGACAGAA-1",1.35524163777831
"GAGTCCGAGGCATGTG-1",0
"GAGTCCGAGGCGTACA-1",0
"GAGTCCGCAAACCCAT-1",1.4911814428667
"GAGTCCGGTCAAGCGA-1",0
"GAGTCCGGTGACCAAG-1",1.68701849187099
"GAGTCCGGTGACTCAT-1",3.2538146967112
"GAGTCCGGTGTGACCC-1",1.77895836945314
"GAGTCCGGTTCGGGCT-1",1.72311168315317
"GAGTCCGGTTTGCATG-1",0
"GAGTCCGTCGGCGCAT-1",0
"GAGTCCGTCTGATTCT-1",4.20940190435095
"GATCAGTAGATGTCGG-1",0
"GATCAGTAGTGGTAGC-1",0
"GATCAGTGTATATGAG-1",3.45641580174102
"GATCAGTGTCTGCGGT-1",1.90375129004809
"GATCAGTGTTATGCGT-1",2.15099969048133
"GATCAGTGTTGTACAC-1",3.45641580174102
"GATCGATAGAATGTTG-1",1.3053269184011
"GATCGATAGAGCTGCA-1",0
"GATCGATAGCATGGCA-1",1.80394603009865
"GATCGATCAAGCGAGT-1",0
"GATCGATCAAGCGTAG-1",4.20940190435095
"GATCGATGTCAACATC-1",0
"GATCGATGTTGCCTCT-1",0
"GATCGATTCCGCATCT-1",2.59519846826184
"GATCGCGAGATAGTCA-1",2.25395733591336
"GATCGCGAGCCTTGAT-1",1.58063191318502
"GATCGCGAGGAGCGTT-1",0
"GATCGCGCAGGTCGTC-1",2.7248018763304
"GATCGCGGTACAGCAG-1",0
"GATCGCGGTGAGTATA-1",0
"GATCGCGGTTGTCGCG-1",1.87095651088925
"GATCGCGTCACTCCTG-1",0
"GATCGTAAGACATAAC-1",1.05086324900709
"GATCGTAAGCTCAACT-1",0
"GATCGTACATAACCTG-1",1.55745419419753
"GATCGTAGTGGCTCCA-1",1.55893456990057
"GATCGTATCATATCGG-1",0
"GATCGTATCATGTCCC-1",0
"GATCGTATCTTACCGC-1",0
"GATCTAGAGCGTCTAT-1",1.72311168315317
"GATCTAGAGTGGAGAA-1",3.66692571788025
"GATCTAGCAACACCTA-1",1.55745419419753
"GATCTAGCAAGGGTCA-1",0
"GATCTAGGTCTAAAGA-1",4.44066357953774
"GATCTAGGTCTCACCT-1",1.87095651088925
"GATCTAGGTCTCTTTA-1",1.86355644233966
"GATCTAGTCACATAGC-1",0
"GATCTAGTCTAAGCCA-1",0
"GATGAAAAGAGTAATC-1",0
"GATGAAAAGCTCCCAG-1",2.88566636632719
"GATGAAACACGGTAGA-1",5.06258773333605
"GATGAAACAGCTGTAT-1",0
"GATGAAAGTGGGTATG-1",1.05086324900709
"GATGAAATCACCCTCA-1",1.64390993462428
"GATGAAATCACTCCTG-1",1.87095651088925
"GATGAAATCAGCAACT-1",0
"GATGAAATCGAGAGCA-1",0
"GATGAGGAGATCCCGC-1",0
"GATGAGGAGTTCGATC-1",0
"GATGAGGCACCAGTTA-1",0
"GATGAGGGTATCACCA-1",0
"GATGAGGGTATTCGTG-1",3.60400267999008
"GATGAGGGTCGCGTGT-1",2.7248018763304
"GATGAGGGTGATGATA-1",4.44066357953774
"GATGAGGTCACAGGCC-1",1.55893456990057
"GATGAGGTCACATAGC-1",2.84279219070872
"GATGAGGTCCCTTGTG-1",0
"GATGAGGTCTGCTGTC-1",0
"GATGCTAAGACTAAGT-1",0
"GATGCTAAGGATGCGT-1",0
"GATGCTAAGGCTCTTA-1",1.86355644233966
"GATGCTAAGGGAACGG-1",0
"GATGCTAAGTATCTCG-1",1.23139538262589
"GATGCTAAGTCTCGGC-1",1.46122980539364
"GATGCTACATGTTGAC-1",0
"GATGCTACATTGCGGC-1",0
"GATGCTAGTCTCCATC-1",0
"GATGCTAGTGGAAAGA-1",1.88645899306714
"GATGCTAGTTAGGGTG-1",1.86355644233966
"GATGCTATCCTGTACC-1",1.36819599085483
"GATGCTATCGGCGCTA-1",0
"GATTCAGAGAAACCTA-1",1.68989523212849
"GATTCAGAGAGTGACC-1",0
"GATTCAGAGATTACCC-1",0
"GATTCAGAGGGTCGAT-1",0
"GATTCAGAGGTCGGAT-1",2.1651660828208
"GATTCAGAGTCAATAG-1",0
"GATTCAGCAAGTTGTC-1",1.05086324900709
"GATTCAGCAATTCCTT-1",0
"GATTCAGCAGGGTACA-1",0
"GATTCAGCATCGACGC-1",1.55745419419753
"GATTCAGCATTATCTC-1",1.3778787463806
"GATTCAGGTAAATACG-1",0
"GATTCAGTCAACTCTT-1",2.66416114815826
"GCAAACTAGATGTTAG-1",0
"GCAAACTAGTCATGCT-1",0
"GCAAACTAGTCTCAAC-1",2.1651660828208
"GCAAACTCACAGGTTT-1",0
"GCAAACTGTCAGATAA-1",1.66825874174476
"GCAAACTGTCTCCATC-1",0
"GCAAACTTCGTGGTCG-1",1.22253449173306
"GCAATCAAGGGATCTG-1",0
"GCAATCAAGTATCTCG-1",1.6880958603865
"GCAATCAAGTGGGTTG-1",2.66416114815826
"GCAATCACAGCTTAAC-1",4.20940190435095
"GCAATCACATGTCGAT-1",1.80056345012877
"GCAATCACATTCCTCG-1",0
"GCAATCAGTAGGAGTC-1",0
"GCAATCAGTATAATGG-1",1.24162561788252
"GCAATCAGTTCTCATT-1",0
"GCAATCAGTTCTGGTA-1",1.46122980539364
"GCACATAAGAGCTATA-1",1.73052744977812
"GCACATAAGATGTTAG-1",0
"GCACATAAGCCTTGAT-1",1.89746006310715
"GCACATAAGGAGTACC-1",0
"GCACATAAGTGAAGTT-1",0
"GCACATACACCACGTG-1",0
"GCACATACAGCTGTAT-1",0
"GCACATACAGGAACGT-1",0
"GCACATAGTCATCGGC-1",4.19345007863452
"GCACATAGTCCGAATT-1",0
"GCACATAGTCTCTTTA-1",0
"GCACATAGTGCGCTTG-1",0
"GCACATATCACCTCGT-1",0
"GCACATATCTGGTTCC-1",0
"GCACTCTCAAGACACG-1",0
"GCACTCTCAATCACAC-1",1.02074190468261
"GCACTCTCATTTCAGG-1",1.65511853346191
"GCACTCTGTAAACCTC-1",1.66825874174476
"GCACTCTGTACCAGTT-1",1.39956469804079
"GCACTCTGTAGAAAGG-1",1.55745419419753
"GCACTCTGTCGAACAG-1",2.02195542015221
"GCACTCTGTCTAGGTT-1",0
"GCACTCTTCAACTCTT-1",1.64390993462428
"GCACTCTTCCCTAATT-1",1.9907182300845
"GCACTCTTCTGCCCTA-1",1.86355644233966
"GCAGCCAAGCTGATAA-1",1.68989523212849
"GCAGCCACATGAGCGA-1",0
"GCAGCCAGTAATCGTC-1",1.74812676048036
"GCAGCCAGTGTCGCTG-1",0
"GCAGCCATCAGTTGAC-1",1.66825874174476
"GCAGCCATCCCAACGG-1",0
"GCAGCCATCCGTACAA-1",0
"GCAGTTAAGTCCATAC-1",0
"GCAGTTAAGTCCGTAT-1",1.55745419419753
"GCAGTTAAGTTAACGA-1",1.73052744977812
"GCAGTTAGTGGACGAT-1",0
"GCAGTTAGTTATTCTC-1",3.2538146967112
"GCAGTTATCGCGATCG-1",0
"GCATACAAGATCTGCT-1",1.52038403247398
"GCATACAAGCAACGGT-1",0
"GCATACACAACGCACC-1",0
"GCATACACAAGGACTG-1",2.84279219070872
"GCATACACAAGTCTGT-1",0
"GCATACACAGTCAGCC-1",1.36819599085483
"GCATACACATCCTAGA-1",0
"GCATACACATCGGAAG-1",0
"GCATACAGTCCGAACC-1",0
"GCATACAGTTCTGGTA-1",3.79843511345998
"GCATACATCCACGACG-1",1.80394603009865
"GCATGATAGAATGTTG-1",0
"GCATGATAGAGTAATC-1",0
"GCATGATAGCTGATAA-1",1.55745419419753
"GCATGATAGGACCACA-1",1.36819599085483
"GCATGATAGGCTAGCA-1",1.65924073491792
"GCATGATAGTCAAGCG-1",0
"GCATGATAGTGGAGAA-1",1.02074190468261
"GCATGATCACACCGAC-1",0
"GCATGATCACATTTCT-1",0
"GCATGATGTCCCTACT-1",1.75323859068789
"GCATGATGTTGCGCAC-1",1.73052744977812
"GCATGATTCGTGGACC-1",1.94266006066584
"GCATGCGAGCATGGCA-1",0
"GCATGCGAGTCCAGGA-1",0
"GCATGCGCACTGCCAG-1",0
"GCATGCGGTAAGGATT-1",0
"GCATGCGGTCCTCTTG-1",3.62802889033617
"GCATGCGGTGTGAAAT-1",0
"GCATGCGTCCGCGGTA-1",1.52122236300469
"GCATGTAAGAACTGTA-1",0
"GCATGTAAGACAGACC-1",0
"GCATGTAAGTACTTGC-1",4.57296205179425
"GCATGTAAGTGCAAGC-1",0
"GCATGTACAACACGCC-1",0
"GCATGTATCACGAAGG-1",0
"GCCAAATCAAACTGTC-1",0
"GCCAAATCAAGGGTCA-1",3.91207304990333
"GCCAAATCAAGTTCTG-1",0
"GCCAAATCATAACCTG-1",1.58063191318502
"GCCAAATGTATAAACG-1",0
"GCCAAATGTGTTTGGT-1",1.02074190468261
"GCCAAATGTTTCGCTC-1",4.84560250094977
"GCCAAATTCAGGTAAA-1",0
"GCCAAATTCCGAGCCA-1",0
"GCCAAATTCCGCGGTA-1",0
"GCCAAATTCGGCTACG-1",0
"GCCTCTAAGAGTACCG-1",4.57077804265577
"GCCTCTAAGCCATCGC-1",0
"GCCTCTAAGCCGCCTA-1",0
"GCCTCTAAGCGATAGC-1",0
"GCCTCTAAGCTGCAAG-1",0
"GCCTCTAAGCTTCGCG-1",0
"GCCTCTAAGTCACGCC-1",0
"GCCTCTACAAGACGTG-1",0
"GCCTCTACAGCTATTG-1",1.82764235530237
"GCCTCTAGTAAGGATT-1",1.94266006066584
"GCCTCTAGTGATGATA-1",1.55745419419753
"GCCTCTAGTTAAGGGC-1",0
"GCCTCTATCAGCGACC-1",2.02195542015221
"GCCTCTATCCGATATG-1",4.20940190435095
"GCCTCTATCGAATCCA-1",0
"GCCTCTATCGAGCCCA-1",1.68989523212849
"GCCTCTATCGCTGATA-1",0
"GCCTCTATCTTTAGGG-1",1.44466720250658
"GCGACCAAGAGGTTAT-1",0
"GCGACCACACTTACGA-1",2.11168655381106
"GCGACCAGTCAGGACA-1",1.4911814428667
"GCGACCAGTCTAGAGG-1",1.9907182300845
"GCGACCATCAACGGGA-1",1.3778787463806
"GCGACCATCCCGGATG-1",0
"GCGACCATCTACTCAT-1",0
"GCGAGAAAGGTTCCTA-1",1.48296601152254
"GCGAGAAAGTACGATA-1",0
"GCGAGAAAGTGTCTCA-1",1.44466720250658
"GCGAGAACAAGCCCAC-1",1.67810552777897
"GCGAGAACACTGAAGG-1",1.87095651088925
"GCGAGAAGTAGCGCTC-1",1.68701849187099
"GCGAGAAGTCCCTACT-1",0
"GCGAGAATCCTTTCGG-1",0
"GCGAGAATCGAGAGCA-1",0
"GCGAGAATCGCACTCT-1",0
"GCGCAACAGTCCTCCT-1",1.72311168315317
"GCGCAACAGTGTACGG-1",0
"GCGCAACCAAGTCTGT-1",0
"GCGCAACCAGCCACCA-1",0
"GCGCAACGTAGCGCTC-1",0
"GCGCAACGTCCCTTGT-1",1.65924073491792
"GCGCAACGTCCTAGCG-1",0
"GCGCAACGTCGACTAT-1",1.86447737042023
"GCGCAACGTCTAGAGG-1",0
"GCGCAACTCAATACCG-1",0
"GCGCAGTCACATCCAA-1",1.65683308016806
"GCGCAGTCATTACCTT-1",0
"GCGCAGTGTTAGGGTG-1",0
"GCGCAGTTCGATCCCT-1",0
"GCGCAGTTCGCGGATC-1",0
"GCGCCAAAGACATAAC-1",0
"GCGCCAAAGGACAGCT-1",0
"GCGCCAAAGGCCCTTG-1",1.95401084829981
"GCGCCAAAGGGCTTCC-1",0
"GCGCCAAAGGTACTCT-1",3.34573388482403
"GCGCCAACATAACCTG-1",1.78719078578184
"GCGCCAACATTGGGCC-1",3.79561880548436
"GCGCCAAGTACTTGAC-1",0
"GCGCCAAGTCGGCACT-1",1.81033167280907
"GCGCCAAGTGAAAGAG-1",0
"GCGCCAAGTTGTACAC-1",1.65511853346191
"GCGCCAATCCGTTGCT-1",0
"GCGCGATAGAAGGTTT-1",0
"GCGCGATAGCAGGTCA-1",1.8498800654113
"GCGCGATAGTGAATTG-1",2.51674442419746
"GCGCGATAGTTTGCGT-1",1.73052744977812
"GCGCGATCAGCTCGAC-1",0
"GCGCGATGTAAGTAGT-1",0
"GCGCGATGTCACTTCC-1",3.79561880548436
"GCGCGATGTTACCAGT-1",0
"GCGCGATTCAGTTAGC-1",1.66825874174476
"GCGCGATTCGTTTAGG-1",0
"GCGGGTTAGAAACGAG-1",1.56220326605152
"GCGGGTTAGCTATGCT-1",0
"GCGGGTTAGTGTGAAT-1",1.46122980539364
"GCGGGTTCACGCGAAA-1",1.36819599085483
"GCGGGTTCAGGCAGTA-1",0
"GCGGGTTCAGTAACGG-1",0
"GCGGGTTGTGAGTATA-1",0
"GCGGGTTGTGGCGAAT-1",0
"GCGGGTTTCCAAAGTC-1",0
"GCGGGTTTCCTTTCTC-1",1.76317442783216
"GCGGGTTTCTCCAACC-1",1.66338806773757
"GCGGGTTTCTTGAGGT-1",5.28067497443169
"GCGGGTTTCTTGTATC-1",0
"GCTCCTACAAACTGTC-1",1.10599983066123
"GCTCCTACACCAGGTC-1",3.79561880548436
"GCTCCTACACCGATAT-1",0
"GCTCCTACAGGGTACA-1",1.52038403247398
"GCTCCTACATTAGCCA-1",1.23139538262589
"GCTCCTAGTCAGGACA-1",3.45054588738454
"GCTCCTAGTCCGTCAG-1",1.27202018532068
"GCTCCTATCAGCCTAA-1",1.72311168315317
"GCTCCTATCCCTAATT-1",0
"GCTCTGTAGAGGTAGA-1",1.76317442783216
"GCTCTGTAGCTGAACG-1",0
"GCTCTGTAGGAGTCTG-1",0
"GCTCTGTAGTGCTGCC-1",0
"GCTCTGTAGTGGACGT-1",0
"GCTCTGTTCACCTCGT-1",0
"GCTGCAGAGCGTGAGT-1",1.65511853346191
"GCTGCAGAGTCAAGCG-1",0
"GCTGCAGAGTCCCACG-1",1.75600655495005
"GCTGCAGCAATTGCTG-1",1.65924073491792
"GCTGCAGCATGCCCGA-1",3.66508019987753
"GCTGCAGCATGCCTAA-1",0
"GCTGCAGGTAAACCTC-1",0
"GCTGCAGGTACGAAAT-1",0
"GCTGCAGGTAGCGCAA-1",0
"GCTGCAGGTCACCCAG-1",0
"GCTGCAGGTCATGCCG-1",0
"GCTGCGAAGGAATGGA-1",1.94061461225251
"GCTGCGAGTCTAACGT-1",3.91207304990333
"GCTGCGAGTGTTTGGT-1",1.52038403247398
"GCTGCGATCTCCTATA-1",0
"GCTGCGATCTTGTTTG-1",0
"GCTGCTTAGAATTGTG-1",0
"GCTGCTTAGGCAATTA-1",0
"GCTGCTTCATCACGTA-1",1.73147862064088
"GCTGCTTCATCCAACA-1",1.63653939971336
"GCTGCTTCATGCCTAA-1",0
"GCTGCTTCATGGTCAT-1",0
"GCTGCTTGTAACGACG-1",0
"GCTGCTTGTAATCGTC-1",0
"GCTGCTTGTAGGGACT-1",1.44466720250658
"GCTGCTTGTGAAAGAG-1",1.74812676048036
"GCTGCTTTCCGGGTGT-1",0
"GCTGGGTAGACCCACC-1",0
"GCTGGGTAGCCACGCT-1",0
"GCTGGGTAGTCGCCGT-1",0
"GCTGGGTAGTCTCAAC-1",0
"GCTGGGTCACGGCTAC-1",0
"GCTGGGTCAGCCAATT-1",0
"GCTGGGTGTACAGTTC-1",0
"GCTGGGTGTACCGTTA-1",0
"GCTGGGTGTCGAGTTT-1",0
"GCTGGGTGTCTCCACT-1",0
"GCTGGGTGTGCCTGTG-1",0
"GCTGGGTTCAGCTTAG-1",0
"GCTGGGTTCCTTAATC-1",1.77244035960556
"GCTTCCAAGAAACCTA-1",0
"GCTTCCACACCACCAG-1",0
"GCTTCCACAGGTCGTC-1",3.60400267999008
"GCTTCCACAGTGAGTG-1",1.24162561788252
"GCTTCCAGTATAGGTA-1",0
"GCTTCCAGTTCAGCGC-1",0
"GCTTCCATCGTCCAGG-1",1.80394603009865
"GCTTGAAAGATGGCGT-1",1.82764235530237
"GCTTGAAAGCCGTCGT-1",0
"GCTTGAACAAACCTAC-1",0
"GCTTGAACACGGTGTC-1",1.86447737042023
"GCTTGAACATCGGAAG-1",1.21731972188124
"GCTTGAAGTGCGGTAA-1",1.22253449173306
"GCTTGAAGTTCTCATT-1",0
"GCTTGAATCAGGATCT-1",0
"GGAAAGCAGGCAGGTT-1",1.80394603009865
"GGAAAGCCAAACGCGA-1",1.65511853346191
"GGAAAGCCAAGTACCT-1",3.45641580174102
"GGAAAGCGTAAGCACG-1",2.41210656909005
"GGAAAGCGTCCTCCAT-1",1.90375129004809
"GGAAAGCGTCGCGTGT-1",0
"GGAAAGCGTGCTTCTC-1",1.21731972188124
"GGAAAGCTCCAGAGGA-1",3.16509476565404
"GGAACTTAGAGTAAGG-1",0
"GGAACTTCAATGTAAG-1",0
"GGAACTTCACAGGAGT-1",0
"GGAACTTCACCTCGTT-1",5.65709552531423
"GGAACTTGTCTCTTTA-1",2.30289484175306
"GGAACTTTCATTGCCC-1",0
"GGAACTTTCATTTGGG-1",0
"GGAACTTTCCGTCATC-1",1.89746006310715
"GGAACTTTCCTCAACC-1",1.88645899306714
"GGAACTTTCGGATGTT-1",0
"GGAATAAAGGTACTCT-1",0
"GGAATAAAGTGTCCAT-1",3.16999717584432
"GGAATAACAGCGTCCA-1",0
"GGAATAAGTCTGGTCG-1",5.28067497443169
"GGAATAAGTGCAGGTA-1",0
"GGAATAATCAGCACAT-1",1.55893456990057
"GGAATAATCTTTACGT-1",2.98207053895617
"GGACAAGAGGTACTCT-1",0
"GGACAAGCAACGATGG-1",0
"GGACAAGCAGTCGTGC-1",1.63421101763932
"GGACAAGCATGGGACA-1",0
"GGACAAGGTATAAACG-1",1.65924073491792
"GGACAAGGTATGAAAC-1",0
"GGACAAGGTCGGCATC-1",0
"GGACAAGGTTATGCGT-1",1.55893456990057
"GGACAAGTCTAACGGT-1",2.02195542015221
"GGACAGAAGCTAGTCT-1",0
"GGACAGAAGTACTTGC-1",0
"GGACAGACAACACGCC-1",0
"GGACAGACACAAGCCC-1",1.94266006066584
"GGACAGAGTAAGTGGC-1",0
"GGACAGAGTCTTTCAT-1",0
"GGACAGAGTGAGGGAG-1",0
"GGACAGAGTTCCACAA-1",0
"GGACAGATCAACGCTA-1",0
"GGACATTAGAGGGCTT-1",0
"GGACATTAGCCACGTC-1",0
"GGACATTCAAACGCGA-1",3.09284946504341
"GGACATTCAATGACCT-1",0
"GGACATTCACCAGCAC-1",0
"GGACATTGTTCTGGTA-1",1.68989523212849
"GGACATTTCCTCTAGC-1",2.65149611519828
"GGACGTCAGTACTTGC-1",1.71934145980446
"GGACGTCAGTGGTAAT-1",1.90375129004809
"GGACGTCCACAGTCGC-1",1.4911814428667
"GGACGTCGTGAGGGAG-1",1.66338806773757
"GGACGTCGTGGCGAAT-1",1.9907182300845
"GGACGTCGTTACGGAG-1",1.66338806773757
"GGACGTCGTTTAAGCC-1",3.62802889033617
"GGACGTCTCCACTCCA-1",3.73214457705224
"GGACGTCTCGCAAACT-1",1.64898177957307
"GGACGTCTCTCCAGGG-1",0
"GGACGTCTCTCGAGTA-1",0
"GGACGTCTCTGGTGTA-1",1.22253449173306
"GGACGTCTCTTCGAGA-1",0
"GGAGCAAAGAACTCGG-1",0
"GGAGCAAAGACTGTAA-1",0
"GGAGCAAAGCCGCCTA-1",1.72918676816664
"GGAGCAAAGCTAAACA-1",1.63653939971336
"GGAGCAAAGTACGCCC-1",0
"GGAGCAACAAGCTGTT-1",0
"GGAGCAACAATGGACG-1",2.02195542015221
"GGAGCAACAATTCCTT-1",0
"GGAGCAACATGCTGGC-1",1.6880958603865
"GGAGCAAGTGAGTATA-1",0
"GGAGCAAGTTACTGAC-1",1.77284598709209
"GGAGCAATCAAGATCC-1",1.68701849187099
"GGAGCAATCCCATTTA-1",1.36819599085483
"GGATGTTCAAACTGTC-1",1.63653939971336
"GGATGTTTCATCACCC-1",0
"GGATGTTTCATGCATG-1",0
"GGATGTTTCCTACAGA-1",0
"GGATGTTTCCTCTAGC-1",1.65511853346191
"GGATTACAGATCCCAT-1",3.40078543970435
"GGATTACAGCTTCGCG-1",1.63421101763932
"GGATTACAGGCTAGCA-1",2.10187805565909
"GGATTACAGTATCTCG-1",2.1651660828208
"GGATTACCAAGCGTAG-1",2.30289484175306
"GGATTACCACATCCGG-1",2.41210656909005
"GGATTACCAGCGTAAG-1",0
"GGATTACGTAATAGCA-1",0
"GGATTACGTACACCGC-1",1.59990646616855
"GGATTACGTCTCTTTA-1",1.67810552777897
"GGATTACGTTGAGGTG-1",0
"GGATTACTCGCGCCAA-1",1.52122236300469
"GGATTACTCGGCGCAT-1",0
"GGATTACTCTGCCCTA-1",0
"GGCAATTCAATCGGTT-1",0
"GGCAATTCACGGCGTT-1",0
"GGCAATTCATCACCCT-1",0
"GGCAATTGTCGATTGT-1",0
"GGCAATTTCACTTACT-1",0
"GGCAATTTCAGCACAT-1",1.68989523212849
"GGCAATTTCTCCGGTT-1",0
"GGCCGATAGTGTCTCA-1",1.68701849187099
"GGCCGATCACGGACAA-1",5.56682909099733
"GGCCGATGTAGGACAC-1",2.41210656909005
"GGCCGATGTCACTGGC-1",1.23139538262589
"GGCCGATGTCCCTACT-1",0
"GGCCGATTCACCGTAA-1",0
"GGCCGATTCCGCGCAA-1",3.79050867765036
"GGCGACTAGAGCTGGT-1",1.78059725485862
"GGCGACTAGGACCACA-1",1.64864247193383
"GGCGACTAGGTTACCT-1",0
"GGCGACTCAAAGCGGT-1",0
"GGCGACTCAAGAGTCG-1",1.71934145980446
"GGCGACTCACCAGGTC-1",0
"GGCGACTCATTGTGCA-1",0
"GGCGACTTCAGAAATG-1",2.84279219070872
"GGCGACTTCAGAGACG-1",0
"GGCGACTTCCAGATCA-1",2.98207053895617
"GGCGACTTCTCTAGGA-1",0
"GGCGTGTAGCTAGCCC-1",0
"GGCGTGTAGGGTATCG-1",0
"GGCGTGTCAGGTCCAC-1",0
"GGCGTGTCAGTATAAG-1",0
"GGCGTGTCATCGTCGG-1",0
"GGCGTGTCATGGAATA-1",0
"GGCGTGTGTCTCCCTA-1",0
"GGCGTGTTCTTGAGGT-1",1.4911814428667
"GGCTCGAAGCCGTCGT-1",0
"GGCTCGAAGGTAAACT-1",4.84560250094977
"GGCTCGACAAGAAGAG-1",0
"GGCTCGACAATAGCAA-1",2.8535659338888
"GGCTCGACATGGTCAT-1",0
"GGCTCGAGTATATCCG-1",1.55745419419753
"GGCTCGAGTTACGTCA-1",0
"GGCTCGAGTTAGGGTG-1",2.94789792700352
"GGCTCGATCTGCAAGT-1",1.70409385603583
"GGCTGGTAGAAGAAGC-1",0
"GGCTGGTAGACCCACC-1",1.23139538262589
"GGCTGGTCAAGGACAC-1",0
"GGCTGGTCACTGCCAG-1",1.75600655495005
"GGCTGGTCATTTCAGG-1",0
"GGCTGGTGTATTCTCT-1",0
"GGCTGGTGTCGCATCG-1",6.02694208373615
"GGCTGGTGTCTAGTGT-1",1.77284598709209
"GGCTGGTGTTATGCGT-1",0
"GGGAATGAGCGTTGCC-1",3.91207304990333
"GGGAATGAGTAGGTGC-1",0
"GGGAATGGTAAGGGAA-1",0
"GGGAATGTCAACGAAA-1",1.95401084829981
"GGGAATGTCCAGTATG-1",1.94266006066584
"GGGAATGTCCGGGTGT-1",0
"GGGACCTAGATGTAAC-1",3.53434457862682
"GGGACCTAGTCTTGCA-1",0
"GGGACCTCAATCAGAA-1",0
"GGGACCTCACTGAAGG-1",1.02074190468261
"GGGAGATAGTACGACG-1",1.9907182300845
"GGGAGATCAAAGTGCG-1",0
"GGGAGATCAAATCCGT-1",0
"GGGAGATCAAGGACTG-1",3.53723408247444
"GGGAGATCACGCGAAA-1",0
"GGGAGATGTAGCGCAA-1",1.46122980539364
"GGGAGATTCAACGGGA-1",0
"GGGAGATTCATCACCC-1",1.88645899306714
"GGGATGAAGTGACATA-1",3.62802889033617
"GGGATGACATCATCCC-1",1.68989523212849
"GGGATGAGTCACCCAG-1",1.75600655495005
"GGGATGAGTGGAAAGA-1",0
"GGGATGAGTTACGACT-1",0
"GGGATGAGTTGGTAAA-1",0
"GGGATGATCAGTTAGC-1",0
"GGGATGATCTATCCTA-1",1.52122236300469
"GGGATGATCTTTAGGG-1",1.88645899306714
"GGGCACTAGTCTCGGC-1",1.88645899306714
"GGGCACTCATCTCCCA-1",1.65511853346191
"GGGCACTTCACCTCGT-1",3.66692571788025
"GGGCACTTCTGAGGGA-1",2.15099969048133
"GGGCATCCAATGTAAG-1",0
"GGGCATCCAGTCTTCC-1",0
"GGGCATCGTGGCGAAT-1",4.84560250094977
"GGGCATCTCACAGTAC-1",1.52038403247398
"GGGCATCTCCCTTGTG-1",0
"GGGCATCTCCGGCACA-1",1.10599983066123
"GGGCATCTCTGTCCGT-1",0
"GGGCATCTCTTATCTG-1",1.94266006066584
"GGGTCTGAGAAGATTC-1",3.79561880548436
"GGGTCTGAGATCCCGC-1",1.02074190468261
"GGGTCTGAGCCAACAG-1",0
"GGGTCTGCACAGGCCT-1",0
"GGGTCTGCACCAGGTC-1",0
"GGGTCTGGTCTGGTCG-1",5.28067497443169
"GGGTCTGGTGATGATA-1",2.66416114815826
"GGGTCTGGTGTGACCC-1",0
"GGGTCTGTCAACTCTT-1",1.35524163777831
"GGGTCTGTCACTCCTG-1",1.48296601152254
"GGGTCTGTCCGTAGTA-1",2.94789792700352
"GGGTTGCAGACAGAGA-1",0
"GGGTTGCAGACCTTTG-1",0
"GGGTTGCAGATCGATA-1",0
"GGGTTGCAGGGTGTTG-1",3.02169029759573
"GGGTTGCAGGTGGGTT-1",0
"GGGTTGCCAATAACGA-1",0
"GGGTTGCCACGCCAGT-1",1.90375129004809
"GGGTTGCCATTAACCG-1",1.68989523212849
"GGGTTGCGTACATCCA-1",0
"GGGTTGCGTAGCGCAA-1",1.42877793858469
"GGGTTGCGTCCTCCAT-1",0
"GGGTTGCGTCGAGTTT-1",0
"GGGTTGCGTGAGTATA-1",0
"GGGTTGCGTGTGACCC-1",1.59990646616855
"GGGTTGCTCGTACCGG-1",0
"GGTATTGAGCACCGTC-1",2.65149611519828
"GGTATTGAGCTATGCT-1",0
"GGTATTGCACATCCAA-1",1.72918676816664
"GGTATTGCAGCTTCGG-1",1.90375129004809
"GGTATTGGTTCCGTCT-1",1.60592717715981
"GGTATTGTCAGAAATG-1",2.30289484175306
"GGTATTGTCCATTCTA-1",2.70105364374449
"GGTATTGTCGCCAGCA-1",0
"GGTGAAGAGACACGAC-1",4.20940190435095
"GGTGAAGAGATCCGAG-1",1.4911814428667
"GGTGAAGCAAGGTGTG-1",4.20940190435095
"GGTGAAGCACTCGACG-1",2.02195542015221
"GGTGAAGCAGTATGCT-1",1.56131017941111
"GGTGAAGGTATGAAAC-1",0
"GGTGAAGGTCAGAATA-1",0
"GGTGAAGGTGGTACAG-1",0
"GGTGAAGGTGTATGGG-1",1.27202018532068
"GGTGAAGGTGTCTGAT-1",0
"GGTGAAGGTGTGGTTT-1",0
"GGTGAAGGTGTGTGCC-1",0
"GGTGAAGTCACGATGT-1",0
"GGTGAAGTCACTCTTA-1",2.1651660828208
"GGTGAAGTCTGGCGTG-1",1.86355644233966
"GGTGCGTAGGTGATTA-1",1.55745419419753
"GGTGCGTAGTACGATA-1",1.68701849187099
"GGTGCGTCACTTAAGC-1",0
"GGTGCGTCAGCTGTAT-1",1.77895836945314
"GGTGCGTGTTCGTTGA-1",0
"GGTGCGTTCCGTACAA-1",0
"GGTGCGTTCTTGACGA-1",0
"GGTGTTAAGGGCTCTC-1",0
"GGTGTTAAGTAGCGGT-1",4.84560250094977
"GGTGTTAAGTGGGATC-1",0
"GGTGTTAAGTTATCGC-1",2.84279219070872
"GGTGTTACAAATCCGT-1",1.05086324900709
"GGTGTTACACGGATAG-1",0
"GGTGTTAGTAATCACC-1",1.82764235530237
"GGTGTTAGTAGCAAAT-1",1.73147862064088
"GGTGTTAGTGTATGGG-1",0
"GGTGTTAGTTGAACTC-1",1.88645899306714
"GGTGTTATCGGACAAG-1",1.02074190468261
"GGTGTTATCGGTGTTA-1",0
"GGTGTTATCTACTTAC-1",1.74812676048036
"GTAACGTAGGTGACCA-1",1.56131017941111
"GTAACGTCACAGGCCT-1",0
"GTAACGTGTACCATCA-1",1.88645899306714
"GTAACGTGTGAGTATA-1",0
"GTAACGTGTTACGGAG-1",0
"GTAACGTGTTAGGGTG-1",0
"GTAACGTTCGGTCCGA-1",0
"GTAACGTTCTCATTCA-1",0
"GTAACTGAGTGGGTTG-1",0
"GTAACTGCAATGGAAT-1",0
"GTAACTGCACAGGCCT-1",1.77284598709209
"GTAACTGCAGGATCGA-1",0
"GTAACTGCATCGGGTC-1",1.94061461225251
"GTAACTGGTATTACCG-1",1.64898177957307
"GTAACTGTCACGGTTA-1",2.65149611519828
"GTAACTGTCTACTATC-1",1.73147862064088
"GTACGTAAGGTGCTTT-1",0
"GTACGTACAGGAATGC-1",3.09284946504341
"GTACGTACATGGATGG-1",1.63653939971336
"GTACGTAGTGAGTGAC-1",0
"GTACGTAGTTGGTAAA-1",3.16999717584432
"GTACGTATCACCTCGT-1",3.23853065249147
"GTACGTATCATCGGAT-1",1.95401084829981
"GTACGTATCCACTGGG-1",1.48296601152254
"GTACTCCAGGCAGTCA-1",0
"GTACTCCCAATAGCGG-1",1.39956469804079
"GTACTCCCACAGGTTT-1",1.74812676048036
"GTACTCCTCACCTTAT-1",0
"GTACTCCTCATTGCCC-1",0
"GTACTCCTCCTTCAAT-1",3.09284946504341
"GTACTTTCAGTTAACC-1",3.16509476565404
"GTACTTTCATGTCGAT-1",0
"GTACTTTTCCGAAGAG-1",1.65683308016806
"GTAGGCCAGCAATCTC-1",0
"GTAGGCCCATTCGACA-1",2.94789792700352
"GTAGGCCGTAACGCGA-1",0
"GTAGGCCGTAAGGGCT-1",1.24162561788252
"GTAGGCCGTACGACCC-1",3.23853065249147
"GTAGGCCGTTCAGGCC-1",0
"GTAGGCCGTTGATTGC-1",1.52038403247398
"GTAGGCCTCAGCACAT-1",1.64898177957307
"GTAGTCAAGAATGTGT-1",0
"GTAGTCAAGATGCCTT-1",0
"GTAGTCAAGGACGAAA-1",1.72311168315317
"GTAGTCAAGTGAAGAG-1",3.09284946504341
"GTAGTCATCGTCACGG-1",0
"GTAGTCATCTGAAAGA-1",0
"GTATCTTAGAAACCAT-1",2.68146715059158
"GTATCTTAGGCTATCT-1",0
"GTATCTTAGTTGTCGT-1",3.81380855475463
"GTATCTTCACACCGCA-1",0
"GTATCTTCACGAAGCA-1",0
"GTATCTTGTTCGCTAA-1",0
"GTATCTTTCATGCTCC-1",0
"GTATCTTTCATGTAGC-1",1.36819599085483
"GTATTCTAGAAACCAT-1",1.66825874174476
"GTATTCTAGACAAAGG-1",0
"GTATTCTCAAAGTCAA-1",0
"GTATTCTCAACAACCT-1",0
"GTATTCTCAACTTGAC-1",3.16999717584432
"GTATTCTCAATAAGCA-1",0
"GTATTCTCAGGGTTAG-1",0
"GTATTCTCATACTACG-1",0
"GTATTCTCATGGTAGG-1",1.89746006310715
"GTATTCTGTAGTGAAT-1",0
"GTATTCTGTCTAGAGG-1",0
"GTCAAGTCATATGCTG-1",2.8535659338888
"GTCAAGTCATGGTTGT-1",1.80394603009865
"GTCAAGTGTCAGCTAT-1",0
"GTCAAGTGTTCCACTC-1",0
"GTCACAAAGCCGATTT-1",0
"GTCACAAAGTGGAGTC-1",0
"GTCACAACAGGTGGAT-1",0
"GTCACAAGTAAACGCG-1",1.10599983066123
"GTCACAATCAGGATCT-1",1.75726755185142
"GTCACAATCAGTTGAC-1",0
"GTCACAATCATGCATG-1",1.35524163777831
"GTCACGGAGATCACGG-1",2.21810548003173
"GTCACGGCATATACCG-1",2.63440666968745
"GTCACGGGTGAGTGAC-1",0
"GTCACGGGTGTGGCTC-1",1.58063191318502
"GTCACGGTCGAGAGCA-1",0
"GTCACGGTCTACCTGC-1",3.14418411320956
"GTCATTTAGAGACTAT-1",3.81380855475463
"GTCATTTCACGTGAGA-1",0
"GTCATTTGTAGAAGGA-1",1.55745419419753
"GTCATTTGTCAGATAA-1",0
"GTCATTTTCCAGAGGA-1",0
"GTCCTCAAGCCCAACC-1",0
"GTCCTCAAGTAGATGT-1",0
"GTCCTCAAGTGGGCTA-1",0
"GTCCTCACAATCACAC-1",0
"GTCCTCAGTGGAAAGA-1",0
"GTCCTCATCAAAGACA-1",2.41210656909005
"GTCCTCATCGTCCGTT-1",0
"GTCGGGTCACTGAAGG-1",1.55893456990057
"GTCGGGTCACTTCGAA-1",0
"GTCGGGTCATGAAGTA-1",0
"GTCGGGTGTCTCACCT-1",0
"GTCGGGTGTGTGACGA-1",0
"GTCGGGTGTGTGTGCC-1",0
"GTCGGGTGTTACGTCA-1",1.61425526418314
"GTCGGGTTCTGCTGTC-1",0
"GTCGGGTTCTGTGCAA-1",1.86355644233966
"GTCGTAAAGAGATGAG-1",1.23139538262589
"GTCGTAAAGCTGCAAG-1",0
"GTCGTAAAGGCGACAT-1",1.27815292394912
"GTCGTAACATCACGAT-1",0
"GTCGTAAGTATCACCA-1",1.59990646616855
"GTCGTAATCCAAGTAC-1",0
"GTCTCGTAGACCACGA-1",0
"GTCTCGTCAGGAACGT-1",0
"GTCTCGTGTGGTAACG-1",3.34063325574919
"GTCTCGTGTTTGGCGC-1",0
"GTCTCGTTCACCGGGT-1",1.89746006310715
"GTCTCGTTCAGTGCAT-1",3.91207304990333
"GTCTTCGAGACAAGCC-1",1.66825874174476
"GTCTTCGAGGAATGGA-1",3.91207304990333
"GTCTTCGAGTCAAGCG-1",0
"GTCTTCGCACATGGGA-1",1.68701849187099
"GTCTTCGCACCAGGTC-1",0
"GTCTTCGCAGACGCAA-1",0
"GTCTTCGCATAACCTG-1",0
"GTCTTCGCATCGATGT-1",0
"GTCTTCGGTCTAGTGT-1",0
"GTCTTCGTCTCGATGA-1",0
"GTGAAGGAGAGCTGGT-1",1.55893456990057
"GTGAAGGAGATCGGGT-1",0
"GTGAAGGAGCCAGTTT-1",0
"GTGAAGGAGTGTTGAA-1",1.55745419419753
"GTGAAGGCAAAGGCGT-1",0
"GTGAAGGCACTTAAGC-1",0
"GTGAAGGCAGATTGCT-1",0
"GTGAAGGGTATATGGA-1",2.94789792700352
"GTGAAGGGTCTCTCTG-1",1.02074190468261
"GTGAAGGTCTCCTATA-1",3.34063325574919
"GTGCAGCAGACATAAC-1",0
"GTGCAGCAGTGGTCCC-1",1.94061461225251
"GTGCAGCCACATCTTT-1",0
"GTGCAGCGTGAGTATA-1",0
"GTGCAGCTCTTAGAGC-1",0
"GTGCATAAGGCATGGT-1",0
"GTGCATAGTTTGTTGG-1",2.8976843818646
"GTGCATATCAGAGCTT-1",1.86355644233966
"GTGCATATCATCATTC-1",1.60592717715981
"GTGCATATCTGCGTAA-1",1.48296601152254
"GTGCGGTAGCAATCTC-1",1.72918676816664
"GTGCGGTAGGACAGAA-1",1.72311168315317
"GTGCGGTCAAAGGTGC-1",1.9907182300845
"GTGCGGTGTTCAGACT-1",0
"GTGCGGTGTTCTGTTT-1",1.94266006066584
"GTGCGGTTCATCTGCC-1",2.84279219070872
"GTGCGGTTCCAGGGCT-1",0
"GTGCGGTTCGGATGGA-1",2.02195542015221
"GTGCGGTTCTCGTTTA-1",1.72918676816664
"GTGCGGTTCTGCTGTC-1",0
"GTGCTTCAGCCAGTTT-1",0
"GTGCTTCAGGATTCGG-1",0
"GTGCTTCAGTACACCT-1",0
"GTGCTTCCACTTAACG-1",0
"GTGCTTCCAGCTATTG-1",1.87095651088925
"GTGCTTCGTAGAGTGC-1",1.52122236300469
"GTGCTTCTCACAATGC-1",0
"GTGCTTCTCACTTCAT-1",1.27202018532068
"GTGGGTCAGACCGGAT-1",1.67527766992964
"GTGGGTCAGACTGTAA-1",0
"GTGGGTCAGCCGTCGT-1",0
"GTGGGTCCACCAACCG-1",1.46122980539364
"GTGGGTCCACCACCAG-1",3.09284946504341
"GTGTGCGAGACCGGAT-1",0
"GTGTGCGAGACTTGAA-1",0
"GTGTGCGCAGGTCGTC-1",0
"GTGTGCGGTGAGCGAT-1",1.90375129004809
"GTGTGCGTCAGTCAGT-1",0
"GTGTGCGTCCCTTGTG-1",0
"GTGTGCGTCTAACTTC-1",0
"GTGTTAGAGGACAGAA-1",0
"GTGTTAGAGGCATGGT-1",1.65924073491792
"GTGTTAGAGTGGAGAA-1",2.84279219070872
"GTGTTAGAGTTTGCGT-1",0
"GTGTTAGCAATGGAAT-1",1.77895836945314
"GTGTTAGCACCACCAG-1",1.56220326605152
"GTGTTAGGTGCCTGGT-1",1.64864247193383
"GTGTTAGGTGGAAAGA-1",1.58063191318502
"GTGTTAGGTTCCATGA-1",1.74812676048036
"GTGTTAGGTTGGGACA-1",1.87095651088925
"GTTAAGCAGAGCTGCA-1",0
"GTTAAGCAGATAGCAT-1",3.79843511345998
"GTTAAGCAGCTAACAA-1",0
"GTTAAGCAGGCTACGA-1",0
"GTTAAGCAGTGTACCT-1",0
"GTTAAGCAGTTTGCGT-1",1.68989523212849
"GTTAAGCCATTCACTT-1",1.78059725485862
"GTTAAGCGTACTCGCG-1",0
"GTTAAGCGTCTAGGTT-1",0
"GTTAAGCGTGGCAAAC-1",0
"GTTAAGCGTTGCTCCT-1",0
"GTTAAGCTCCTTTCGG-1",1.72918676816664
"GTTACAGAGAGCTATA-1",3.62802889033617
"GTTACAGAGTACGATA-1",1.77895836945314
"GTTACAGCAGACGCCT-1",0
"GTTACAGCATCGGTTA-1",1.52038403247398
"GTTACAGGTATGGTTC-1",1.65511853346191
"GTTACAGGTCGACTGC-1",2.59519846826184
"GTTACAGGTCTAGGTT-1",0
"GTTCATTAGCGATGAC-1",1.36819599085483
"GTTCATTCATATACGC-1",0
"GTTCATTCATTGGCGC-1",1.75323859068789
"GTTCATTGTGCACGAA-1",0
"GTTCATTGTGTTAAGA-1",0
"GTTCATTGTTCAGTAC-1",0
"GTTCGGGAGACGACGT-1",1.42877793858469
"GTTCGGGAGCTAAGAT-1",0
"GTTCGGGAGTGTCTCA-1",2.11168655381106
"GTTCGGGGTAGGGTAC-1",0
"GTTCGGGGTGCAGGTA-1",3.23853065249147
"GTTCGGGTCCACGCAG-1",0
"GTTCGGGTCTACTTAC-1",0
"GTTCTCGAGACCACGA-1",0
"GTTCTCGAGCGATGAC-1",0
"GTTCTCGAGGCCATAG-1",0
"GTTCTCGCATCGGACC-1",0
"GTTCTCGGTAAGGGAA-1",0
"GTTCTCGGTAGCGTAG-1",1.67810552777897
"GTTCTCGGTCCGTGAC-1",2.66416114815826
"GTTCTCGGTGTTAAGA-1",1.05086324900709
"GTTCTCGTCAACGCTA-1",1.39956469804079
"GTTCTCGTCCTGTACC-1",1.65924073491792
"GTTTCTACAAACCTAC-1",2.65149611519828
"GTTTCTACAAGAAAGG-1",0
"GTTTCTAGTGTTGGGA-1",0
"GTTTCTATCCCAACGG-1",2.7248018763304
"GTTTCTATCCGTAGTA-1",0
"GTTTCTATCGGCATCG-1",0
"TAAACCGGTACTTAGC-1",1.95401084829981
"TAAACCGTCACTCTTA-1",2.8976843818646
"TAAACCGTCAGGCGAA-1",0
"TAAACCGTCCGTTGTC-1",2.98207053895617
"TAAACCGTCTTCCTTC-1",3.09284946504341
"TAAGAGACAAGTTGTC-1",2.59519846826184
"TAAGAGAGTATATCCG-1",1.9907182300845
"TAAGAGATCAATCACG-1",1.90375129004809
"TAAGAGATCTAACGGT-1",0
"TAAGAGATCTTTCCTC-1",0
"TAAGCGTAGTGGACGT-1",0
"TAAGCGTAGTGTCTCA-1",0
"TAAGCGTCAGCTTCGG-1",0
"TAAGCGTCAGGTGGAT-1",1.61425526418314
"TAAGCGTGTCCTGCTT-1",1.63653939971336
"TAAGCGTGTGCCTGGT-1",0
"TAAGCGTGTTGTTTGG-1",0
"TAAGCGTTCCTCATTA-1",0
"TAAGCGTTCGGCGCAT-1",0
"TAAGCGTTCTCGCATC-1",2.11168655381106
"TAAGTGCAGGCTAGGT-1",3.31069278488542
"TAAGTGCAGTAGCGGT-1",2.11168655381106
"TAAGTGCCAACGCACC-1",1.66338806773757
"TAAGTGCCATACAGCT-1",3.66936902789018
"TAAGTGCGTAAACACA-1",0
"TAAGTGCGTCTCACCT-1",0
"TAAGTGCGTTCAGACT-1",0
"TAAGTGCTCACCCTCA-1",0
"TAAGTGCTCACTGGGC-1",0
"TAAGTGCTCTGGCGTG-1",0
"TACACGACACCCATTC-1",0
"TACACGAGTGATAAAC-1",0
"TACACGATCTGTCTCG-1",1.80394603009865
"TACAGTGAGATGCGAC-1",1.73052744977812
"TACAGTGAGCGTTGCC-1",0
"TACAGTGAGTGTACGG-1",0
"TACAGTGCAGGAATCG-1",0
"TACAGTGCAGGTGCCT-1",0
"TACAGTGGTACTCAAC-1",1.73147862064088
"TACAGTGGTTGGACCC-1",0
"TACCTATAGAGCTGGT-1",2.7248018763304
"TACCTATAGAGTTGGC-1",0
"TACCTATAGGCTCATT-1",0
"TACCTATAGTTAGCGG-1",0
"TACCTATCAAGCTGGA-1",1.74812676048036
"TACCTATGTAAATGAC-1",1.73052744977812
"TACCTATGTAGAGTGC-1",0
"TACCTATGTCACCTAA-1",1.75600655495005
"TACCTATGTGTTGAGG-1",0
"TACCTATGTTAAAGAC-1",1.80056345012877
"TACCTATTCTATGTGG-1",3.5083873050445
"TACCTATTCTTCCTTC-1",1.80394603009865
"TACCTTAAGAGGTTGC-1",1.66338806773757
"TACCTTAAGTCAAGCG-1",1.05086324900709
"TACCTTAAGTGGTCCC-1",0
"TACCTTACAACTGGCC-1",1.89746006310715
"TACCTTACAAGGGTCA-1",0
"TACCTTACACTCAGGC-1",2.02195542015221
"TACCTTACATCTACGA-1",0
"TACCTTAGTAGCGTCC-1",0
"TACCTTAGTCTCCACT-1",1.52122236300469
"TACGGATAGATGGCGT-1",1.68989523212849
"TACGGATAGGTACTCT-1",0
"TACGGATCAGGGATTG-1",0
"TACGGATCATCACCCT-1",0
"TACGGATGTCTAGCCG-1",1.44466720250658
"TACGGATTCGGTGTCG-1",1.02074190468261
"TACGGATTCTACTATC-1",1.66338806773757
"TACGGGCAGGATGCGT-1",0
"TACGGGCAGGGAACGG-1",1.10599983066123
"TACGGGCAGTATTGGA-1",2.11168655381106
"TACGGGCAGTCAAGCG-1",0
"TACGGGCCAAGAAGAG-1",0
"TACGGGCCACCAGATT-1",1.67810552777897
"TACGGGCCATCAGTAC-1",1.7063043852994
"TACGGGCGTAAGGGCT-1",0
"TACGGGCGTCTGATTG-1",1.22253449173306
"TACGGGCGTGATGTGG-1",2.02195542015221
"TACGGGCTCACCTTAT-1",1.35524163777831
"TACGGGCTCAGCTCTC-1",0
"TACGGGCTCCACGAAT-1",0
"TACGGGCTCCTATTCA-1",1.85577505279414
"TACGGGCTCGGTGTTA-1",0
"TACGGTAAGATATGGT-1",0
"TACGGTAAGCCGATTT-1",0
"TACGGTAAGTCATGCT-1",1.55893456990057
"TACGGTAAGTGCCATT-1",1.75600655495005
"TACGGTACACAGGCCT-1",0
"TACGGTACATTTCAGG-1",0
"TACGGTAGTATATCCG-1",0
"TACGGTAGTCACTTCC-1",1.51316409567626
"TACGGTAGTGCAGGTA-1",3.34063325574919
"TACGGTAGTGGGTATG-1",3.34063325574919
"TACGGTATCGCAGGCT-1",3.23853065249147
"TACGGTATCGGACAAG-1",1.23484197164666
"TACGGTATCGTTTATC-1",1.55745419419753
"TACTCATAGTCACGCC-1",1.65924073491792
"TACTCATCAATCTACG-1",1.6880958603865
"TACTCATCACGGTAGA-1",1.10599983066123
"TACTCATCACTTCTGC-1",0
"TACTCATCATCCGTGG-1",1.74812676048036
"TACTCATCATGTCGAT-1",1.80394603009865
"TACTCATGTACAGCAG-1",0
"TACTCATGTCTTCAAG-1",0
"TACTCATTCCTTTCTC-1",0
"TACTCGCAGGCGACAT-1",0
"TACTCGCGTCAGAAGC-1",0
"TACTCGCGTCTGATTG-1",1.3778787463806
"TACTCGCGTGTAACGG-1",0
"TACTCGCGTTGAGTTC-1",1.60592717715981
"TACTCGCTCAACGGGA-1",0
"TACTCGCTCCGAATGT-1",1.64390993462428
"TACTTACAGACTAGGC-1",0
"TACTTACAGCTGAACG-1",0
"TACTTACAGTACACCT-1",1.89746006310715
"TACTTACAGTACGCCC-1",0
"TACTTACAGTGATCGG-1",0
"TACTTACCAAGCCGTC-1",1.52122236300469
"TACTTACCACAGGTTT-1",1.73147862064088
"TACTTACTCGCGTTTC-1",1.42877793858469
"TACTTGTAGCGATATA-1",0
"TACTTGTAGTAATCCC-1",0
"TACTTGTCAAACAACA-1",1.94061461225251
"TACTTGTCATGCAACT-1",0
"TACTTGTGTAGCACGA-1",0
"TACTTGTGTATAAACG-1",3.34063325574919
"TACTTGTGTTCCACAA-1",1.44466720250658
"TACTTGTTCTGCAGTA-1",0
"TAGACCAAGAGACGAA-1",3.09284946504341
"TAGACCAAGCCTCGTG-1",4.20940190435095
"TAGACCAAGTCGATAA-1",1.27202018532068
"TAGACCACAACACCCG-1",5.28067497443169
"TAGACCAGTAGATTAG-1",1.72918676816664
"TAGACCAGTTCATGGT-1",5.56682909099733
"TAGACCATCACTTCAT-1",0
"TAGACCATCGTCACGG-1",0
"TAGACCATCTCCAGGG-1",1.64898177957307
"TAGAGCTAGAATTCCC-1",0
"TAGAGCTAGTATTGGA-1",0
"TAGAGCTCACTGAAGG-1",0
"TAGAGCTGTACTTGAC-1",0
"TAGAGCTGTCTAAAGA-1",0
"TAGCCGGAGACTGGGT-1",0
"TAGCCGGAGTCCCACG-1",0
"TAGCCGGAGTGACATA-1",1.68989523212849
"TAGCCGGCAGCAGTTT-1",0
"TAGCCGGGTACAGTGG-1",0
"TAGCCGGGTACCATCA-1",0
"TAGCCGGGTCGCGAAA-1",1.73052744977812
"TAGCCGGTCACGACTA-1",1.87095651088925
"TAGGCATAGAACTGTA-1",0
"TAGGCATAGCTAGGCA-1",2.02195542015221
"TAGGCATAGTCGTACT-1",2.59519846826184
"TAGGCATAGTTTAGGA-1",0
"TAGGCATCAAGCCTAT-1",0
"TAGGCATCAGACGCAA-1",1.72311168315317
"TAGGCATGTACGAAAT-1",0
"TAGGCATGTCCAGTTA-1",0
"TAGGCATGTTCCACTC-1",1.23484197164666
"TAGGCATTCCCTAACC-1",0
"TAGGCATTCGCTAGCG-1",1.46122980539364
"TAGGCATTCGTAGATC-1",0
"TAGGCATTCTTCATGT-1",0
"TAGTGGTAGATCACGG-1",0
"TAGTGGTAGCTGTTCA-1",0
"TAGTGGTCAGTATAAG-1",2.02195542015221
"TAGTGGTGTAGCGTAG-1",0
"TAGTGGTTCAGCATGT-1",0
"TAGTGGTTCGGCGCAT-1",0
"TAGTGGTTCTCAAGTG-1",0
"TAGTGGTTCTGGGCCA-1",0.834477892848759
"TAGTGGTTCTTTAGTC-1",1.75600655495005
"TAGTTGGAGATAGGAG-1",1.78059725485862
"TAGTTGGCAGACGCAA-1",0
"TAGTTGGCATGCGCAC-1",3.45641580174102
"TAGTTGGGTATGGTTC-1",1.56131017941111
"TAGTTGGTCCGAATGT-1",1.67810552777897
"TAGTTGGTCTACTCAT-1",3.34063325574919
"TAGTTGGTCTCTAAGG-1",0
"TAGTTGGTCTGATACG-1",0
"TATCAGGAGAGTAAGG-1",1.75600655495005
"TATCAGGAGATCCGAG-1",0
"TATCAGGAGCAGATCG-1",1.68701849187099
"TATCAGGAGGTGCTTT-1",0
"TATCAGGCAACTTGAC-1",0
"TATCAGGCACGTTGGC-1",1.56131017941111
"TATCAGGGTCCGTTAA-1",2.66416114815826
"TATCAGGGTCTGCAAT-1",1.67527766992964
"TATCAGGGTTAAAGAC-1",1.22253449173306
"TATCAGGTCAAGATCC-1",0
"TATCAGGTCCACTCCA-1",1.52038403247398
"TATCAGGTCGTAGGTT-1",3.5083873050445
"TATCTCAAGAGTTGGC-1",0
"TATCTCAAGCCACCTG-1",0
"TATCTCAAGCGTAATA-1",2.11168655381106
"TATCTCAAGGCTAGCA-1",1.95401084829981
"TATCTCAAGTGGGCTA-1",3.23853065249147
"TATCTCACATGTCCTC-1",5.06258773333605
"TATCTCAGTAACGACG-1",0
"TATCTCAGTACCTACA-1",1.71934145980446
"TATCTCAGTACGACCC-1",1.3778787463806
"TATCTCAGTCAATGTC-1",1.61425526418314
"TATCTCATCAAGCCTA-1",0
"TATGCCCAGAAACCGC-1",1.52122236300469
"TATGCCCAGGTAGCTG-1",0
"TATGCCCCAATGGAAT-1",1.55745419419753
"TATGCCCCACTTAACG-1",3.34063325574919
"TATGCCCCATGTTCCC-1",0
"TATGCCCGTAGCCTCG-1",0
"TATGCCCGTATAGGGC-1",1.59990646616855
"TATGCCCGTATGAAAC-1",0
"TATGCCCGTCGCCATG-1",1.35524163777831
"TATGCCCGTGCCTTGG-1",0
"TATGCCCGTTAAGATG-1",0
"TATGCCCGTTGGTGGA-1",0
"TATGCCCGTTTAGGAA-1",0
"TATTACCAGAGAGCTC-1",0
"TATTACCAGCAAATCA-1",0
"TATTACCAGCCCGAAA-1",1.4911814428667
"TATTACCAGTATCTCG-1",0
"TATTACCCAAAGTGCG-1",1.66338806773757
"TATTACCCAGACAAGC-1",0
"TATTACCCAGTCAGCC-1",4.72849518186213
"TATTACCCATAAAGGT-1",1.63653939971336
"TATTACCCATCTACGA-1",0
"TATTACCGTCCAGTAT-1",0
"TCAACGAAGCCGATTT-1",0
"TCAACGAAGCGATGAC-1",1.10599983066123
"TCAACGAAGGCATGTG-1",0
"TCAACGAAGTAGTGCG-1",1.56131017941111
"TCAACGACACCAGGCT-1",0
"TCAACGACATGCCTTC-1",1.73052744977812
"TCAACGAGTTACCAGT-1",4.20940190435095
"TCAACGAGTTCCATGA-1",1.4911814428667
"TCAACGAGTTCTGGTA-1",1.4911814428667
"TCAACGATCAGTCCCT-1",0
"TCAACGATCTGTGCAA-1",1.66825874174476
"TCAATCTAGATCCCGC-1",0
"TCAATCTCACAAGCCC-1",0
"TCAATCTCACAGCCCA-1",1.94266006066584
"TCAATCTCATGACGGA-1",0
"TCAATCTCATTTGCTT-1",0
"TCAATCTGTAGTGAAT-1",4.20940190435095
"TCAATCTGTTAGATGA-1",1.59990646616855
"TCAATCTTCAGATAAG-1",0
"TCAATCTTCATGTCCC-1",3.34063325574919
"TCACAAGAGACTGGGT-1",0
"TCACAAGAGAGAGCTC-1",0
"TCACAAGAGGCCCTCA-1",1.77895836945314
"TCACAAGAGGTGGGTT-1",0
"TCACAAGAGTAGATGT-1",1.59990646616855
"TCACAAGCAGTATGCT-1",1.39956469804079
"TCACAAGCATAACCTG-1",0
"TCACAAGCATGACATC-1",0
"TCACAAGGTCAGATAA-1",0
"TCACAAGGTGTGGTTT-1",1.11957684630102
"TCACAAGTCATCATTC-1",1.86355644233966
"TCACAAGTCATGCATG-1",0
"TCACGAAAGCTCCTTC-1",1.86447737042023
"TCACGAAAGGTGCTTT-1",0
"TCACGAAAGTCTCGGC-1",2.8976843818646
"TCACGAACACAAGACG-1",3.91630912223824
"TCACGAACACTGTCGG-1",0
"TCACGAAGTGGTCCGT-1",0
"TCACGAAGTTGGTGGA-1",5.28067497443169
"TCACGAATCATGCAAC-1",0
"TCACGAATCCCGACTT-1",0
"TCACGAATCCTCGCAT-1",1.36819599085483
"TCACGAATCGTCACGG-1",0
"TCAGATGAGGTGCACA-1",1.77895836945314
"TCAGATGGTCTTGTCC-1",2.51674442419746
"TCAGATGGTGCCTGCA-1",1.55893456990057
"TCAGATGGTGCTGTAT-1",4.57077804265577
"TCAGATGTCAGTTTGG-1",0
"TCAGATGTCGCATGAT-1",1.86355644233966
"TCAGATGTCTCCTATA-1",0
"TCAGCAAAGGAGTCTG-1",1.31103918124792
"TCAGCAAAGGCTCATT-1",0
"TCAGCAAAGTACGACG-1",0
"TCAGCAAAGTGGCACA-1",2.15099969048133
"TCAGCAACACGCATCG-1",0
"TCAGCAAGTACCGGCT-1",0
"TCAGCAATCAGCGATT-1",1.73147862064088
"TCAGCAATCGGAAACG-1",0
"TCAGCAATCTTCAACT-1",1.55745419419753
"TCAGCTCAGGTGTTAA-1",0
"TCAGCTCAGTATGACA-1",2.59519846826184
"TCAGCTCCAATCTGCA-1",0
"TCAGCTCCACGGTTTA-1",0
"TCAGCTCGTAATAGCA-1",0
"TCAGCTCGTCCGTCAG-1",0
"TCAGCTCGTTCACGGC-1",0
"TCAGCTCTCACGATGT-1",0
"TCAGCTCTCATGCATG-1",0
"TCAGCTCTCCTAAGTG-1",3.09590520071077
"TCAGCTCTCTCGTATT-1",0
"TCAGGATAGACAGAGA-1",0
"TCAGGATAGATATGGT-1",0
"TCAGGATCAAACGTGG-1",2.66416114815826
"TCAGGATCAAGTTCTG-1",0
"TCAGGATCACGGTGTC-1",0
"TCAGGATCACTGTGTA-1",1.22253449173306
"TCAGGATCAGCATACT-1",1.65683308016806
"TCAGGATCATCTGGTA-1",1.52122236300469
"TCAGGATGTAAGCACG-1",3.40078543970435
"TCAGGATGTGGCCCTA-1",0
"TCAGGATTCCGATATG-1",1.55893456990057
"TCAGGATTCTCGATGA-1",1.44466720250658
"TCAGGTAAGATGGCGT-1",0
"TCAGGTAAGTGTTTGC-1",2.41210656909005
"TCAGGTACACAAGTAA-1",1.52038403247398
"TCAGGTACACAGAGGT-1",1.22253449173306
"TCAGGTACAGCTGCTG-1",0
"TCAGGTAGTAAACGCG-1",0
"TCATTACAGAAACCAT-1",1.44466720250658
"TCATTACAGGAGTTGC-1",1.94061461225251
"TCATTACAGTTGCAGG-1",0
"TCATTACCACATCCAA-1",5.28067497443169
"TCATTACCAGTCAGCC-1",3.78272728810484
"TCATTACGTACGCACC-1",0
"TCATTACGTCTAGAGG-1",0
"TCATTACGTGAAGGCT-1",0
"TCATTACGTTCTGTTT-1",0
"TCATTACTCATCGATG-1",0
"TCATTTGAGCCAGTTT-1",0
"TCATTTGCACGTCTCT-1",2.94278991744228
"TCATTTGCAGTTAACC-1",0
"TCATTTGTCCAGAGGA-1",1.9269522353107
"TCATTTGTCCCTTGCA-1",0
"TCATTTGTCCGTCAAA-1",1.68701849187099
"TCATTTGTCGCTAGCG-1",0
"TCATTTGTCGTACGGC-1",0
"TCATTTGTCTCTGCTG-1",0
"TCCACACCAAAGAATC-1",0
"TCCACACCACGCCAGT-1",0
"TCCACACGTACAGCAG-1",0
"TCCACACGTAGCCTAT-1",1.56131017941111
"TCCACACGTCATCGGC-1",1.72918676816664
"TCCACACGTGACCAAG-1",0
"TCCACACGTGCGAAAC-1",0
"TCCACACTCAACACCA-1",1.77895836945314
"TCCACACTCCAGTATG-1",0
"TCCACACTCCCATTTA-1",0
"TCCACACTCGAACTGT-1",1.89746006310715
"TCCCGATAGAAGAAGC-1",0
"TCCCGATAGCACAGGT-1",0
"TCCCGATAGCCGGTAA-1",0
"TCCCGATCAAGGTTCT-1",1.95401084829981
"TCCCGATCAGCCAATT-1",0
"TCCCGATCATCCAACA-1",2.68146715059158
"TCCCGATGTAAGGATT-1",0
"TCCCGATGTCAATACC-1",0
"TCCCGATTCAGAAATG-1",0
"TCCCGATTCAGTCCCT-1",0
"TCCCGATTCATCTGTT-1",3.91207304990333
"TCCCGATTCCCTAATT-1",0
"TCCCGATTCTGGAGCC-1",0
"TCGAGGCAGCGATGAC-1",1.68701849187099
"TCGAGGCAGTGTTTGC-1",0
"TCGAGGCCAAAGAATC-1",0
"TCGAGGCCAAGTTCTG-1",0
"TCGAGGCCAGTAACGG-1",0
"TCGAGGCGTATATCCG-1",0
"TCGAGGCTCGCAAGCC-1",5.06258773333605
"TCGAGGCTCTTGAGAC-1",0
"TCGAGGCTCTTTCCTC-1",1.46122980539364
"TCGCGAGAGACAAAGG-1",0
"TCGCGAGAGTGAATTG-1",2.11168655381106
"TCGCGAGCAAGCGTAG-1",0
"TCGCGAGCACCGAATT-1",0
"TCGCGAGCAGTAAGAT-1",0
"TCGCGAGTCCACGAAT-1",0
"TCGCGAGTCTAGCACA-1",0
"TCGCGAGTCTCTAGGA-1",1.94266006066584
"TCGCGAGTCTTCATGT-1",0
"TCGCGTTAGTGGGCTA-1",1.46122980539364
"TCGCGTTCACAGGCCT-1",0
"TCGCGTTCATCACAAC-1",0
"TCGCGTTCATCTCGCT-1",0
"TCGCGTTGTTCACCTC-1",0
"TCGCGTTTCAAGATCC-1",1.65924073491792
"TCGCGTTTCAGGTAAA-1",0
"TCGCGTTTCATTCACT-1",0
"TCGCGTTTCCTGTACC-1",2.41210656909005
"TCGCGTTTCGCCCTTA-1",1.6880958603865
"TCGGGACCACACATGT-1",0
"TCGGGACTCCTTGCCA-1",0
"TCGGGACTCTGCGGCA-1",0
"TCGGGACTCTTGTCAT-1",1.64898177957307
"TCGGTAAAGACAGGCT-1",0
"TCGGTAAAGCTCAACT-1",2.94789792700352
"TCGGTAACAAGCTGAG-1",0
"TCGGTAACAGGAATGC-1",1.59990646616855
"TCGGTAAGTATATGGA-1",0
"TCGGTAAGTCTAGTCA-1",0
"TCGGTAATCCCGGATG-1",0
"TCGTACCAGCAGGCTA-1",0
"TCGTACCAGTTTCCTT-1",0
"TCGTACCGTTTGCATG-1",1.77284598709209
"TCGTACCTCGGGAGTA-1",0
"TCGTAGAAGCTAACTC-1",1.52038403247398
"TCGTAGAAGGCGACAT-1",0
"TCGTAGAAGGGAACGG-1",1.80394603009865
"TCGTAGAAGTCCATAC-1",3.62008783606566
"TCGTAGACAATCCAAC-1",0
"TCGTAGACACTCAGGC-1",0
"TCGTAGAGTATGAATG-1",0
"TCGTAGAGTGAGCGAT-1",3.53434457862682
"TCGTAGAGTGTGTGCC-1",1.3778787463806
"TCGTAGAGTTCAACCA-1",0
"TCGTAGAGTTCCATGA-1",1.02074190468261
"TCGTAGATCCAAGCCG-1",0
"TCGTAGATCTTAGCCC-1",1.65924073491792
"TCTATTGAGCGATTCT-1",1.89746006310715
"TCTATTGAGTGCCATT-1",0
"TCTATTGCACATCTTT-1",0
"TCTATTGGTAAGTGTA-1",0
"TCTATTGGTCCAACTA-1",1.46122980539364
"TCTATTGGTCTGCCAG-1",0
"TCTATTGGTTGCTCCT-1",0
"TCTATTGTCGGCGCTA-1",0
"TCTCATAAGCTAAACA-1",0
"TCTCATAAGCTAGTCT-1",3.14418411320956
"TCTCATAAGTGCCATT-1",0
"TCTCATAGTACCGGCT-1",1.4911814428667
"TCTCATAGTGTAAGTA-1",2.25395733591336
"TCTCATATCAAGCCTA-1",2.19014490174816
"TCTCATATCACCTTAT-1",0
"TCTCATATCCTGTACC-1",1.3778787463806
"TCTCTAAAGACCGGAT-1",0
"TCTCTAAAGGGTGTTG-1",0
"TCTCTAACAGCCTATA-1",1.86447737042023
"TCTCTAAGTCCAGTAT-1",1.24162561788252
"TCTCTAAGTCCATGAT-1",1.3778787463806
"TCTCTAAGTCTCATCC-1",4.84560250094977
"TCTCTAAGTGGAAAGA-1",3.91630912223824
"TCTCTAATCAAACCAC-1",0
"TCTCTAATCACAGGCC-1",0
"TCTCTAATCACATACG-1",1.9269522353107
"TCTCTAATCCGTAGGC-1",1.59990646616855
"TCTCTAATCGTATCAG-1",1.73052744977812
"TCTGAGACAAACCTAC-1",1.05086324900709
"TCTGAGACAGAGTGTG-1",1.89746006310715
"TCTGAGAGTAAGGGAA-1",1.94061461225251
"TCTGAGATCCTTGACC-1",1.94266006066584
"TCTGAGATCTATCCTA-1",0
"TCTGGAAAGCGATGAC-1",0
"TCTGGAAAGCTCTCGG-1",3.79561880548436
"TCTGGAAAGGAGCGAG-1",0
"TCTGGAACACAAGACG-1",3.23853065249147
"TCTGGAACACACTGCG-1",0
"TCTGGAACACTTCTGC-1",2.10187805565909
"TCTGGAAGTGAGTATA-1",1.58063191318502
"TCTTCGGAGGTTCCTA-1",0
"TCTTCGGAGTTCGATC-1",0
"TCTTCGGCAAAGCAAT-1",0
"TCTTCGGCAAAGGTGC-1",2.51674442419746
"TCTTCGGCAATAGCAA-1",1.46122980539364
"TCTTCGGCAATGTAAG-1",3.09590520071077
"TCTTCGGCACACCGAC-1",0
"TCTTCGGCAGCCAATT-1",1.23139538262589
"TCTTCGGGTCATTAGC-1",0
"TCTTCGGTCGTAGGTT-1",0
"TCTTCGGTCTCTAAGG-1",3.62802889033617
"TCTTTCCAGAGAGCTC-1",2.36492133554336
"TCTTTCCAGTCATCCA-1",0
"TCTTTCCCATCTCCCA-1",1.52038403247398
"TCTTTCCGTAATCACC-1",0
"TCTTTCCGTAGTACCT-1",0
"TCTTTCCTCACAACGT-1",3.91207304990333
"TCTTTCCTCAGCTGGC-1",1.90375129004809
"TCTTTCCTCCAAGTAC-1",0
"TCTTTCCTCCTCGCAT-1",1.68989523212849
"TGAAAGAAGCTAAGAT-1",2.25395733591336
"TGAAAGACAAGCCGTC-1",0
"TGAAAGACACATTCGA-1",1.60592717715981
"TGAAAGACATGAGCGA-1",0
"TGAAAGAGTCTAGCGC-1",0
"TGAAAGAGTCTCATCC-1",0
"TGAAAGATCCCGACTT-1",0
"TGAAAGATCTATGTGG-1",0
"TGACAACCAAGCGAGT-1",2.02195542015221
"TGACAACGTAGGGACT-1",1.56131017941111
"TGACAACGTGCGCTTG-1",0
"TGACAACGTGGTTTCA-1",0
"TGACAACTCACAAACC-1",0
"TGACAACTCCACGTGG-1",0
"TGACAACTCGAATGCT-1",1.7063043852994
"TGACGGCAGCGCCTCA-1",0
"TGACGGCAGGCTCAGA-1",1.81033167280907
"TGACGGCAGTCAAGCG-1",0
"TGACGGCCACAGACTT-1",0
"TGACGGCGTCATCCCT-1",0
"TGACGGCTCAGGCGAA-1",1.74812676048036
"TGACGGCTCCACTGGG-1",1.66338806773757
"TGACTAGAGACCCACC-1",0
"TGACTAGAGGGCATGT-1",1.64898177957307
"TGACTAGAGTCTCAAC-1",1.64898177957307
"TGACTAGAGTTGAGAT-1",0
"TGACTAGCAGCATACT-1",1.31103918124792
"TGACTAGCAGTCAGAG-1",1.90375129004809
"TGACTAGCATTTCACT-1",0
"TGACTAGGTAAATACG-1",1.22253449173306
"TGACTAGGTGAAAGAG-1",0
"TGACTAGGTGCAGTAG-1",1.22253449173306
"TGACTAGTCATGCATG-1",4.94872769806996
"TGACTAGTCCATGCTC-1",0
"TGACTAGTCTGTTGAG-1",2.41210656909005
"TGACTTTAGAACAATC-1",0
"TGACTTTAGTCTCGGC-1",0
"TGACTTTAGTTAGGTA-1",1.42950232524682
"TGACTTTCAGTCCTTC-1",0
"TGACTTTCATTATCTC-1",0
"TGACTTTGTCACACGC-1",3.45641580174102
"TGACTTTTCCTCAATT-1",1.75600655495005
"TGACTTTTCTGCCCTA-1",0
"TGAGAGGAGGCTCATT-1",0
"TGAGAGGCAAAGTCAA-1",0
"TGAGAGGCAAGCCATT-1",0
"TGAGAGGCACCATGTA-1",4.84560250094977
"TGAGAGGGTCACTGGC-1",0
"TGAGAGGGTCTAAACC-1",0
"TGAGAGGTCGAACTGT-1",0
"TGAGAGGTCGCGTTTC-1",0
"TGAGAGGTCTGACCTC-1",1.52038403247398
"TGAGCATAGAAACGAG-1",0
"TGAGCATAGAAGCCCA-1",0
"TGAGCATAGATGTCGG-1",0
"TGAGCATAGGAATGGA-1",0
"TGAGCATCACCAGGCT-1",0
"TGAGCATCAGATGAGC-1",0
"TGAGCATCAGCGTAAG-1",0
"TGAGCATCAGCTGTAT-1",1.48296601152254
"TGAGCATGTGGCCCTA-1",0
"TGAGCATTCCACGTTC-1",2.94789792700352
"TGAGCATTCCGATATG-1",0
"TGAGCATTCGGCCGAT-1",0
"TGAGCCGCATCGGGTC-1",0
"TGAGCCGGTCGAACAG-1",0
"TGAGCCGGTGTAATGA-1",1.72311168315317
"TGAGCCGGTTGATTCG-1",0
"TGAGCCGTCATCTGCC-1",2.02195542015221
"TGAGCCGTCGTCACGG-1",2.11168655381106
"TGAGCCGTCTTGAGGT-1",3.91630912223824
"TGAGGGAAGAGACTAT-1",0
"TGAGGGAAGGAGTACC-1",3.09590520071077
"TGAGGGAAGTCATCCA-1",0
"TGAGGGAAGTCATGCT-1",0
"TGAGGGACACCAGTTA-1",0
"TGAGGGACATAAGACA-1",0
"TGAGGGAGTAAACGCG-1",4.19345007863452
"TGAGGGAGTTAGGGTG-1",1.55745419419753
"TGAGGGATCAACGGGA-1",1.44466720250658
"TGAGGGATCTAGCACA-1",0
"TGAGGGATCTCTTATG-1",0
"TGATTTCCATCCGGGT-1",1.46890644327991
"TGATTTCGTAGGCATG-1",0
"TGATTTCGTTAAGACA-1",1.89746006310715
"TGATTTCTCTGATTCT-1",0
"TGCACCTAGACCTTTG-1",0
"TGCACCTAGGACGAAA-1",0
"TGCACCTCAAGTTGTC-1",0
"TGCACCTCAATAGAGT-1",1.65511853346191
"TGCACCTCATCCGGGT-1",0
"TGCACCTGTAATCACC-1",0
"TGCACCTGTCACACGC-1",0
"TGCACCTTCACGGTTA-1",5.06258773333605
"TGCACCTTCATCGGAT-1",0
"TGCACCTTCCGCGGTA-1",0
"TGCACCTTCGAACTGT-1",1.7063043852994
"TGCACCTTCTCTTGAT-1",0
"TGCCAAACAATGTAAG-1",1.80394603009865
"TGCCAAACAATTCCTT-1",0
"TGCCAAAGTTCGCGAC-1",0
"TGCCAAATCCAAACTG-1",1.05086324900709
"TGCCAAATCCCTGACT-1",1.86355644233966
"TGCCAAATCGGCGGTT-1",1.6880958603865
"TGCCCATAGACTAGGC-1",1.3053269184011
"TGCCCATAGCGTCAAG-1",4.84560250094977
"TGCCCATAGCGTGAAC-1",1.68989523212849
"TGCCCATAGCTGTTCA-1",0
"TGCCCATAGGATGGAA-1",1.89746006310715
"TGCCCATAGTACGCCC-1",0
"TGCCCATAGTTGAGTA-1",1.87095651088925
"TGCCCATCACCAGGTC-1",2.84279219070872
"TGCCCATCACGAAATA-1",0
"TGCCCATCAGGACGTA-1",0
"TGCCCATCATGGAATA-1",0
"TGCCCATCATGGATGG-1",3.45641580174102
"TGCCCATGTAGCCTCG-1",2.84279219070872
"TGCCCATTCAAACCGT-1",3.79561880548436
"TGCCCATTCAGGCCCA-1",0
"TGCCCATTCCTTCAAT-1",4.63990712041939
"TGCCCATTCGGAAATA-1",0
"TGCCCTAAGGTCGGAT-1",0
"TGCCCTAAGGTTCCTA-1",0
"TGCCCTACACCACCAG-1",1.23139538262589
"TGCCCTACAGCCACCA-1",2.41210656909005
"TGCCCTACAGTGAGTG-1",4.20940190435095
"TGCCCTAGTCCGAGTC-1",2.94789792700352
"TGCCCTAGTGGTTTCA-1",0
"TGCCCTAGTTTCGCTC-1",1.4911814428667
"TGCCCTATCGACGGAA-1",2.63440666968745
"TGCCCTATCTTCGGTC-1",0
"TGCGCAGAGACTAGGC-1",0
"TGCGCAGAGCACACAG-1",1.72311168315317
"TGCGCAGAGCGTCTAT-1",1.94061461225251
"TGCGCAGAGGAGCGAG-1",0
"TGCGCAGCAAACGTGG-1",1.22253449173306
"TGCGCAGCAGCTCGCA-1",0
"TGCGCAGCAGTAGAGC-1",0
"TGCGCAGTCCTACAGA-1",0
"TGCGGGTAGAGACTTA-1",0
"TGCGGGTAGATCGATA-1",0
"TGCGGGTAGCTCTCGG-1",1.89746006310715
"TGCGGGTAGGTGTGGT-1",1.66825874174476
"TGCGGGTAGTACTTGC-1",0
"TGCGGGTCAATGGAAT-1",0
"TGCGGGTCACACGCTG-1",1.59990646616855
"TGCGGGTCATTGGGCC-1",0
"TGCGGGTGTAGAAAGG-1",4.94872769806996
"TGCGGGTGTCACCTAA-1",2.02195542015221
"TGCGGGTGTCAGATAA-1",1.77895836945314
"TGCGGGTGTTAGAACA-1",0
"TGCGGGTTCAGTTCGA-1",2.11168655381106
"TGCGGGTTCGTAGATC-1",0
"TGCGGGTTCTCTTGAT-1",2.84279219070872
"TGCGTGGAGACGCAAC-1",1.86355644233966
"TGCGTGGAGACTGGGT-1",0
"TGCGTGGCAATTCCTT-1",0
"TGCGTGGGTGCACCAC-1",0
"TGCGTGGTCCGCGCAA-1",0
"TGCGTGGTCGCCCTTA-1",3.16999717584432
"TGCGTGGTCTGGCGAC-1",0
"TGCTACCAGAAAGTGG-1",1.61425526418314
"TGCTACCAGATGGCGT-1",0
"TGCTACCAGCAAATCA-1",0
"TGCTACCAGTCCGTAT-1",0
"TGCTACCCAAGAGGCT-1",2.02195542015221
"TGCTACCCACTTAACG-1",2.8535659338888
"TGCTACCCATCGTCGG-1",0
"TGCTACCCATGGTTGT-1",0
"TGCTACCGTGTGACGA-1",0
"TGCTACCTCCTCGCAT-1",0
"TGCTACCTCTTCTGGC-1",2.41210656909005
"TGCTGCTAGACTAAGT-1",0
"TGCTGCTAGGTGATAT-1",0
"TGCTGCTCAATAGAGT-1",2.65149611519828
"TGCTGCTCACAGACAG-1",2.66416114815826
"TGCTGCTCATCCCATC-1",0
"TGCTGCTCATGGTTGT-1",4.19345007863452
"TGCTGCTGTCATACTG-1",1.86355644233966
"TGCTGCTGTGAAGGCT-1",3.66692571788025
"TGCTGCTTCATTGCGA-1",0
"TGGACGCAGAGGTACC-1",2.84279219070872
"TGGACGCAGTCAAGGC-1",0
"TGGACGCCACAGAGGT-1",0
"TGGACGCCATGGTAGG-1",1.4911814428667
"TGGACGCGTCCGAACC-1",0
"TGGACGCGTCTCCCTA-1",0
"TGGCCAGAGAAGGTGA-1",0
"TGGCCAGAGAGTACAT-1",0
"TGGCCAGAGGCGATAC-1",0
"TGGCCAGAGGCGTACA-1",0
"TGGCCAGCAACTGCGC-1",0
"TGGCCAGCACGACTCG-1",0
"TGGCCAGGTCAATACC-1",1.77284598709209
"TGGCCAGTCGTAGATC-1",1.22253449173306
"TGGCCAGTCTATCCCG-1",2.59519846826184
"TGGCGCAAGCTACCTA-1",3.5083873050445
"TGGCGCAAGCTATGCT-1",0
"TGGCGCAAGTGTGGCA-1",0
"TGGCGCAAGTTACCCA-1",3.02169029759573
"TGGCGCACACAGGCCT-1",1.65683308016806
"TGGCGCACACGGATAG-1",0
"TGGCGCACAGCGATCC-1",4.89315825910749
"TGGCGCACATAGGATA-1",0
"TGGCGCAGTACTCTCC-1",0
"TGGCGCAGTGGACGAT-1",1.02074190468261
"TGGCGCAGTTATGTGC-1",1.52038403247398
"TGGCGCATCAAGAAGT-1",1.77284598709209
"TGGCGCATCATGCTCC-1",2.7248018763304
"TGGCGCATCATGTGGT-1",2.8976843818646
"TGGCGCATCATTATCC-1",1.75600655495005
"TGGCGCATCGTGGTCG-1",1.89746006310715
"TGGCTGGAGCGGATCA-1",1.59990646616855
"TGGCTGGAGTGCAAGC-1",0
"TGGCTGGCAAGTTAAG-1",2.88566636632719
"TGGCTGGCACGGATAG-1",0
"TGGCTGGCAGGAACGT-1",1.8498800654113
"TGGCTGGGTCGAGTTT-1",0
"TGGCTGGGTCGGCATC-1",1.72918676816664
"TGGCTGGGTCTAGCCG-1",0
"TGGCTGGGTTACGCGC-1",1.7063043852994
"TGGCTGGGTTGGACCC-1",1.90375129004809
"TGGCTGGTCTCGTTTA-1",0
"TGGGAAGAGATATACG-1",2.84279219070872
"TGGGAAGAGCCCAATT-1",0
"TGGGAAGAGCGCTCCA-1",0
"TGGGAAGAGGGCTTCC-1",0
"TGGGAAGAGTAAGTAC-1",1.02074190468261
"TGGGAAGAGTTAACGA-1",0
"TGGGAAGCAAGGTGTG-1",4.57077804265577
"TGGGAAGCAGATCCAT-1",1.3053269184011
"TGGGAAGCAGCGAACA-1",0
"TGGGAAGGTAAGTTCC-1",0
"TGGGAAGGTTAGATGA-1",0
"TGGGAAGGTTATTCTC-1",0
"TGGGAAGTCCCAAGAT-1",1.94266006066584
"TGGGAAGTCCTTCAAT-1",0
"TGGGAAGTCGTGGACC-1",0
"TGGGAAGTCTCCTATA-1",0
"TGGGCGTAGTCTCCTC-1",0
"TGGGCGTCAGACGTAG-1",2.65149611519828
"TGGGCGTCAGGGATTG-1",1.68989523212849
"TGGGCGTGTCCAAGTT-1",0
"TGGGCGTGTCTAGAGG-1",1.64898177957307
"TGGGCGTGTGGCTCCA-1",0
"TGGGCGTGTTTCGCTC-1",0
"TGGGCGTTCAGCTTAG-1",0
"TGGTTAGAGCTACCTA-1",0
"TGGTTAGAGTTAGGTA-1",2.11168655381106
"TGGTTAGGTGATGATA-1",0
"TGGTTAGGTTCACGGC-1",0
"TGGTTAGTCCCGACTT-1",0
"TGGTTAGTCTTGTATC-1",5.06258773333605
"TGGTTCCAGCCGTCGT-1",0
"TGGTTCCAGTAATCCC-1",1.83468451394509
"TGGTTCCCAAGTTGTC-1",3.91630912223824
"TGGTTCCCAGACAAAT-1",5.06258773333605
"TGGTTCCCAGACAGGT-1",0
"TGGTTCCCAGCTCGAC-1",0
"TGGTTCCCATGTCCTC-1",0
"TGGTTCCCATTTCACT-1",1.64898177957307
"TGGTTCCGTCCAAGTT-1",0
"TGGTTCCTCACATACG-1",0
"TGGTTCCTCAGCTTAG-1",0
"TGGTTCCTCTAACTTC-1",3.66936902789018
"TGGTTCCTCTAGAGTC-1",0
"TGGTTCCTCTGGGCCA-1",4.20940190435095
"TGTATTCAGCCCGAAA-1",3.62802889033617
"TGTATTCAGCGATCCC-1",1.71934145980446
"TGTATTCCAGGGCATA-1",0
"TGTATTCGTAAGAGAG-1",1.86447737042023
"TGTATTCGTTTGTTTC-1",0
"TGTATTCTCAGCATGT-1",0
"TGTATTCTCATCTGTT-1",1.64898177957307
"TGTCCCAAGCAGATCG-1",1.02074190468261
"TGTCCCAAGCTAGTTC-1",1.90375129004809
"TGTCCCAAGCTGAACG-1",0
"TGTCCCAAGTTGTCGT-1",1.61425526418314
"TGTCCCACAGTAAGCG-1",0
"TGTCCCACATCACGTA-1",0
"TGTCCCAGTAAGAGGA-1",1.46122980539364
"TGTCCCAGTAAGTGGC-1",2.02195542015221
"TGTCCCAGTCGGATCC-1",3.30954084120315
"TGTCCCATCATTTGGG-1",1.66338806773757
"TGTCCCATCTGCAAGT-1",0
"TGTCCCATCTGCGTAA-1",0
"TGTGGTAGTCCCGACA-1",0
"TGTGGTAGTGTGAAAT-1",1.55893456990057
"TGTGGTAGTGTGACGA-1",1.72311168315317
"TGTGGTATCCAGGGCT-1",0
"TGTGGTATCTTGCATT-1",0
"TGTGTTTAGAGGTTAT-1",0
"TGTGTTTAGCGTGAGT-1",1.4911814428667
"TGTGTTTAGTGCGTGA-1",2.51674442419746
"TGTGTTTCATGCGCAC-1",1.88645899306714
"TGTGTTTTCTCATTCA-1",3.79561880548436
"TGTGTTTTCTTTCCTC-1",1.75600655495005
"TGTTCCGAGAGCAATT-1",0
"TGTTCCGAGCAACGGT-1",1.7063043852994
"TGTTCCGAGGAATTAC-1",1.67527766992964
"TGTTCCGAGGACTGGT-1",0
"TGTTCCGCAGTGAGTG-1",1.4911814428667
"TGTTCCGGTGAGTATA-1",0
"TGTTCCGTCAAGCCTA-1",1.23139538262589
"TGTTCCGTCAGTTCGA-1",0
"TGTTCCGTCGGCGGTT-1",0
"TGTTCCGTCTGAAAGA-1",0
"TGTTCCGTCTGGTATG-1",0
"TTAACTCAGTGTACGG-1",1.27202018532068
"TTAACTCCAAGCGCTC-1",0
"TTAACTCCAGGCAGTA-1",1.75323859068789
"TTAACTCGTTCCACAA-1",3.23853065249147
"TTAACTCTCATAAAGG-1",1.64898177957307
"TTAACTCTCCCTCAGT-1",0
"TTAGGACAGCAGGCTA-1",0
"TTAGGACAGCTCTCGG-1",0
"TTAGGACCAAGCCATT-1",0
"TTAGGACCAGTCAGAG-1",1.89746006310715
"TTAGGACGTTTGTTTC-1",3.16999717584432
"TTAGGCAAGAAGATTC-1",0
"TTAGGCAAGAGCCCAA-1",1.61425526418314
"TTAGGCAAGAGTGACC-1",0
"TTAGGCAAGGTTCCTA-1",1.55893456990057
"TTAGGCAAGTCGTTTG-1",0
"TTAGGCAAGTGTACCT-1",0
"TTAGGCACAGACGCTC-1",0
"TTAGGCACATGTTCCC-1",1.42950232524682
"TTAGGCAGTAAGGATT-1",0
"TTAGGCAGTAAGTAGT-1",0
"TTAGGCAGTCTTGATG-1",0
"TTAGGCATCACGCATA-1",0
"TTAGGCATCAGTCAGT-1",0
"TTAGGCATCCAGTATG-1",0
"TTAGGCATCGTTACGA-1",0
"TTAGTTCAGGTGCAAC-1",1.72311168315317
"TTAGTTCCAATGTAAG-1",0
"TTAGTTCCATCCTTGC-1",1.46122980539364
"TTAGTTCGTAGCCTAT-1",0
"TTAGTTCGTGCAGACA-1",0
"TTAGTTCGTGTCAATC-1",0
"TTAGTTCGTTGCCTCT-1",1.21731972188124
"TTAGTTCTCAGGCCCA-1",0
"TTAGTTCTCGCAGGCT-1",0
"TTAGTTCTCTACTATC-1",4.57077804265577
"TTATGCTAGAATGTGT-1",4.44066357953774
"TTATGCTAGCACACAG-1",2.94789792700352
"TTATGCTAGCAGCCTC-1",1.60592717715981
"TTATGCTAGTCCCACG-1",0
"TTATGCTCAGCCAGAA-1",1.64898177957307
"TTATGCTCATACCATG-1",1.66825874174476
"TTATGCTCATGTAGTC-1",0
"TTATGCTGTCCGAGTC-1",0
"TTATGCTTCGATAGAA-1",1.55745419419753
"TTCCCAGAGAATTCCC-1",0
"TTCCCAGAGACTAGAT-1",1.52122236300469
"TTCCCAGAGTATCGAA-1",0
"TTCCCAGCAGATGGGT-1",0
"TTCCCAGCATCAGTAC-1",0
"TTCCCAGCATCTCCCA-1",1.80394603009865
"TTCCCAGCATTACCTT-1",0
"TTCCCAGTCAACACTG-1",0
"TTCCCAGTCGAGAGCA-1",0
"TTCGAAGAGTCTCAAC-1",0
"TTCGAAGCAAGCGCTC-1",3.40078543970435
"TTCGAAGCACATTAGC-1",0
"TTCGAAGCACGGTGTC-1",0
"TTCGGTCAGAGGACGG-1",0
"TTCGGTCAGCACACAG-1",1.56131017941111
"TTCGGTCAGGCCCTCA-1",1.67527766992964
"TTCGGTCAGTGAATTG-1",0
"TTCGGTCAGTTGAGAT-1",1.75726755185142
"TTCGGTCCAAGGGTCA-1",1.10599983066123
"TTCGGTCCACGTCAGC-1",1.42062753078112
"TTCGGTCGTAACGTTC-1",1.65924073491792
"TTCGGTCGTAGAGTGC-1",0
"TTCGGTCGTTCATGGT-1",0
"TTCGGTCGTTCTGTTT-1",5.56682909099733
"TTCGGTCTCAAAGACA-1",0
"TTCGGTCTCCAGTATG-1",1.31103918124792
"TTCGGTCTCGCGTTTC-1",1.36819599085483
"TTCGGTCTCGTCTGAA-1",2.41210656909005
"TTCTACAAGACTAAGT-1",1.05086324900709
"TTCTACAAGCAGCCTC-1",2.02195542015221
"TTCTACAAGCCTTGAT-1",0
"TTCTACAAGGCAGGTT-1",0
"TTCTACAAGGTAAACT-1",1.78719078578184
"TTCTACAAGTTAGGTA-1",2.10187805565909
"TTCTACACACGTGAGA-1",2.59519846826184
"TTCTACACAGCTGTTA-1",0
"TTCTACACATCGATTG-1",0
"TTCTACACATTACGAC-1",0
"TTCTACAGTACCGTTA-1",1.3053269184011
"TTCTACAGTATATGAG-1",0
"TTCTACAGTGGCTCCA-1",1.75323859068789
"TTCTACATCAACGGGA-1",0
"TTCTACATCCGCGTTT-1",0
"TTCTCAAAGAAAGTGG-1",1.3778787463806
"TTCTCAAAGAATCTCC-1",1.75726755185142
"TTCTCAAAGAGGTTAT-1",0
"TTCTCAAAGCAGCCTC-1",0
"TTCTCAAAGCCGCCTA-1",0
"TTCTCAAAGTCAATAG-1",0
"TTCTCAAAGTTGAGAT-1",3.27066041963186
"TTCTCAACACCCAGTG-1",0
"TTCTCAACATTGTGCA-1",1.9907182300845
"TTCTCAAGTATAAACG-1",0
"TTCTCAAGTCCCTTGT-1",1.55745419419753
"TTCTCAAGTCGAGATG-1",0
"TTCTCAATCATCGCTC-1",0
"TTCTCAATCCCTAACC-1",1.23139538262589
"TTCTCAATCGTAGGAG-1",1.88645899306714
"TTCTCCTAGAGTAAGG-1",0
"TTCTCCTAGCGACGTA-1",0
"TTCTCCTAGCGTGAGT-1",2.10187805565909
"TTCTCCTAGTCTCGGC-1",0
"TTCTCCTCAACACGCC-1",0
"TTCTCCTCAATAACGA-1",2.10187805565909
"TTCTCCTGTTAAGAAC-1",0
"TTCTCCTTCAGTTCGA-1",1.59990646616855
"TTCTCCTTCCGTAGGC-1",4.19345007863452
"TTCTCCTTCCTTTCTC-1",1.39956469804079
"TTCTCCTTCTGCAAGT-1",0
"TTCTCCTTCTTCAACT-1",0
"TTCTCCTTCTTGTACT-1",0
"TTCTTAGAGGACTGGT-1",2.19014490174816
"TTCTTAGCAAGGTGTG-1",1.77895836945314
"TTCTTAGCATCGGAAG-1",0
"TTCTTAGGTAGAAGGA-1",0
"TTCTTAGGTCATATGC-1",0
"TTCTTAGTCAGTTCGA-1",0
"TTGAACGGTCACTTCC-1",0
"TTGAACGTCATGTCCC-1",0
"TTGACTTAGCCACGTC-1",1.89746006310715
"TTGACTTAGCGACGTA-1",0
"TTGACTTAGTTAACGA-1",0
"TTGACTTCACTTACGA-1",4.94872769806996
"TTGACTTGTCTCTCTG-1",0
"TTGACTTGTGCGATAG-1",0
"TTGACTTTCCAGAGGA-1",2.66416114815826
"TTGACTTTCTGTCCGT-1",2.41210656909005
"TTGCCGTAGGAGCGTT-1",1.95401084829981
"TTGCCGTAGGTGGGTT-1",1.75600655495005
"TTGCCGTCATGGTCAT-1",0
"TTGCGTCAGACAGAGA-1",4.20940190435095
"TTGCGTCAGCTCCTTC-1",0
"TTGCGTCAGTCCATAC-1",2.94789792700352
"TTGCGTCAGTGAATTG-1",0
"TTGCGTCCAAATTGCC-1",5.56682909099733
"TTGCGTCCACTGTGTA-1",0
"TTGCGTCCAGTCACTA-1",0
"TTGCGTCGTCTGATTG-1",0
"TTGGAACAGCCCAATT-1",1.10599983066123
"TTGGAACAGCGTCTAT-1",1.73052744977812
"TTGGAACAGGCGTACA-1",0
"TTGGAACGTATTACCG-1",1.42877793858469
"TTGGAACTCCCATTAT-1",2.84279219070872
"TTGGAACTCCGTAGTA-1",5.28067497443169
"TTGGAACTCGTCCAGG-1",2.19014490174816
"TTGGCAAAGTTAGGTA-1",1.3778787463806
"TTGGCAAGTATAGGTA-1",1.36819599085483
"TTGGCAATCACATGCA-1",1.42062753078112
"TTGGCAATCAGAGCTT-1",0
"TTGGCAATCGCATGAT-1",0
"TTGGCAATCTAGAGTC-1",0
"TTGTAGGAGGTGCTAG-1",1.60592717715981
"TTGTAGGCACACGCTG-1",0
"TTGTAGGGTCTCCCTA-1",0
"TTGTAGGGTGGTAACG-1",1.59990646616855
"TTGTAGGTCGGCGCTA-1",0
"TTGTAGGTCTGCCAGG-1",0
"TTTACTGAGATCACGG-1",0
"TTTACTGCAAAGCAAT-1",0
"TTTACTGCACATGGGA-1",1.65924073491792
"TTTACTGCACCACGTG-1",2.84279219070872
"TTTACTGCATGGGACA-1",0
"TTTACTGCATGTCCTC-1",0
"TTTACTGGTAACGTTC-1",1.66338806773757
"TTTACTGGTGGTGTAG-1",0
"TTTACTGGTTCGCTAA-1",1.95401084829981
"TTTACTGTCTGGAGCC-1",1.9907182300845
"TTTATGCAGACTGTAA-1",3.09284946504341
"TTTATGCAGATGCGAC-1",0
"TTTATGCAGGCAAAGA-1",1.48296601152254
"TTTATGCAGGCCCGTT-1",0
"TTTATGCAGTTCCACA-1",1.4911814428667
"TTTATGCCAAACGCGA-1",0
"TTTATGCCAATCTGCA-1",1.73147862064088
"TTTATGCCACAGGTTT-1",0
"TTTATGCCAGCCAATT-1",1.86355644233966
"TTTATGCCAGGTCGTC-1",1.9907182300845
"TTTATGCCATGGTCAT-1",1.75323859068789
"TTTATGCTCACATAGC-1",0
"TTTATGCTCACCTTAT-1",2.59519846826184
"TTTATGCTCGGCGGTT-1",0
"TTTATGCTCTCGCTTG-1",2.66416114815826
"TTTCCTCAGCGTGAAC-1",1.74812676048036
"TTTCCTCAGGACTGGT-1",0
"TTTCCTCCAAAGTGCG-1",1.88645899306714
"TTTCCTCCAGGAATGC-1",0
"TTTCCTCCATTAGCCA-1",1.7063043852994
"TTTCCTCGTCCGAAGA-1",0
"TTTCCTCGTCGCTTTC-1",0
"TTTCCTCTCGGCCGAT-1",0
"TTTCCTCTCGTGTAGT-1",1.75600655495005
"TTTGCGCAGCTAAACA-1",5.28067497443169
"TTTGCGCAGCTAGTCT-1",0
"TTTGCGCAGGCCGAAT-1",0
"TTTGCGCAGTCAAGGC-1",0
"TTTGCGCCAAGTAGTA-1",0
"TTTGCGCCAGGTGCCT-1",0
"TTTGCGCGTCTAAACC-1",0
"TTTGCGCTCAAAGTAG-1",1.64898177957307
"TTTGCGCTCATGTAGC-1",0
"TTTGGTTAGAATGTGT-1",0
"TTTGGTTAGACAATAC-1",1.10599983066123
"TTTGGTTAGCGATTCT-1",1.52038403247398
"TTTGGTTAGGCTCAGA-1",0
"TTTGGTTAGTTACCCA-1",0
"TTTGGTTCAAACTGCT-1",0
"TTTGGTTCAAGCTGTT-1",3.45641580174102
"TTTGGTTCAGATCGGA-1",0
"TTTGGTTCATCACAAC-1",1.46122980539364
"TTTGGTTGTACTTCTT-1",0
"TTTGGTTGTATGCTTG-1",1.59990646616855
"TTTGGTTGTGCTTCTC-1",1.63421101763932
"TTTGGTTTCATGCTCC-1",2.30289484175306
"TTTGGTTTCCCTGACT-1",0
"TTTGTCAAGAGTCGGT-1",0
"TTTGTCACAAGTTCTG-1",1.68701849187099
"TTTGTCACAAGTTGTC-1",3.79050867765036
"TTTGTCATCACCTTAT-1",0
"TTTGTCATCCATTCTA-1",1.68989523212849
"TTTGTCATCCTTAATC-1",2.86945390654228
"TTTGTCATCTTATCTG-1",0
