"cell_barcode","expression"
"AAACCTGAGACAGAGA-1",0
"AAACCTGAGACTTTCG-1",1.82545566694945
"AAACCTGAGAGTAAGG-1",1.91205973214532
"AAACCTGAGAGTCGGT-1",0
"AAACCTGAGGATGGAA-1",1.83867602177912
"AAACCTGAGTAGATGT-1",0
"AAACCTGCAATCAGAA-1",4.00552361445464
"AAACCTGCACCGATAT-1",0
"AAACCTGCAGACGTAG-1",2.87238469307232
"AAACCTGCAGTATCTG-1",3.04346413467669
"AAACCTGCATAGTAAG-1",3.39511734235649
"AAACCTGCATGAACCT-1",1.68989523212849
"AAACCTGGTAAGAGGA-1",1.73071383450644
"AAACCTGGTCCAACTA-1",1.00985418634354
"AAACCTGTCCGTAGTA-1",0.741644132588294
"AAACCTGTCGAGAGCA-1",1.40140761631585
"AAACGGGAGTACGACG-1",1.90132525334375
"AAACGGGCAAGGTTTC-1",1.69604849673951
"AAACGGGCACGTCAGC-1",3.16796180010947
"AAACGGGCAGCGTTCG-1",3.16796180010947
"AAACGGGGTAGCCTCG-1",0
"AAACGGGGTCTACCTC-1",0
"AAACGGGGTGCGGTAA-1",4.41792500398979
"AAACGGGGTTGTCGCG-1",2.87238469307232
"AAACGGGTCCATGAGT-1",4.09631045770385
"AAACGGGTCCCAACGG-1",0
"AAACGGGTCCCATTAT-1",3.6826655170114
"AAAGATGCAGTCAGCC-1",0
"AAAGATGCATCTACGA-1",1.91501447476243
"AAAGCAAAGCGTCTAT-1",2.3997154407563
"AAAGCAACATGTCGAT-1",1.86770977587311
"AAAGCAAGTAGCTGCC-1",1.93704846870536
"AAAGCAAGTAGGCATG-1",0
"AAAGCAAGTGCGCTTG-1",0
"AAAGCAAGTTATTCTC-1",0
"AAAGCAATCCGTAGTA-1",3.33163257152217
"AAAGTAGAGATGTGTA-1",0
"AAAGTAGAGTGGGCTA-1",0
"AAAGTAGGTATATGGA-1",0
"AAAGTAGGTGAGCGAT-1",1.60624557133513
"AAAGTAGGTTGAGGTG-1",1.74773507627559
"AAATGCCAGCCCTAAT-1",0
"AAATGCCAGCGTGTCC-1",1.8498800654113
"AAATGCCCAACACCTA-1",1.72880552249059
"AAATGCCGTAGGAGTC-1",0
"AAATGCCGTCTTTCAT-1",1.67810552777897
"AAATGCCGTGGTCCGT-1",0
"AAATGCCGTTCCCGAG-1",1.76397536465063
"AAATGCCTCATAGCAC-1",0
"AAATGCCTCGCTTAGA-1",0
"AACACGTAGAATTCCC-1",0
"AACACGTAGCCCTAAT-1",4.3320984378137
"AACACGTAGGGTGTGT-1",1.81807007627788
"AACACGTCACTGTCGG-1",3.6100584952269
"AACACGTCATCCCATC-1",0
"AACACGTGTGCAACGA-1",1.42540873735213
"AACACGTGTGTCGCTG-1",0
"AACCATGAGCGCTTAT-1",0
"AACCATGGTCCGTTAA-1",1.93704846870536
"AACCATGTCAGTTCGA-1",1.42540873735213
"AACCATGTCATCGATG-1",1.64864247193383
"AACCATGTCCCAAGTA-1",0
"AACCGCGAGAAGCCCA-1",0
"AACCGCGAGACTGGGT-1",0
"AACCGCGAGAGGTACC-1",1.86632271113697
"AACCGCGAGTTAGGTA-1",0
"AACCGCGAGTTGCAGG-1",0
"AACCGCGCACGGTAGA-1",3.43065426536094
"AACCGCGCAGCATGAG-1",9.24497286159023
"AACCGCGCAGCCTGTG-1",6.40445319025469
"AACCGCGCAGCTGTGC-1",7.62171392211218
"AACCGCGCAGTATGCT-1",0
"AACCGCGGTACTTGAC-1",1.5754438385365
"AACCGCGGTCTGCAAT-1",0
"AACCGCGTCACATGCA-1",1.81075940747296
"AACCGCGTCACCGTAA-1",0
"AACCGCGTCCAGAGGA-1",0
"AACCGCGTCCGAAGAG-1",0
"AACGTTGAGCGATAGC-1",2.35622996600174
"AACGTTGAGCGATCCC-1",8.80416863101099
"AACGTTGAGCTTATCG-1",7.62171392211218
"AACGTTGCAAGTTGTC-1",0
"AACGTTGCAATAGAGT-1",1.00985418634354
"AACGTTGCAATGGATA-1",0
"AACGTTGCATGGATGG-1",0
"AACGTTGCATTCTCAT-1",1.30768372708065
"AACGTTGTCAACACGT-1",1.31620919023433
"AACGTTGTCGAGGTAG-1",1.16884662524313
"AACGTTGTCGGTCCGA-1",2.99318756664407
"AACTCAGAGAGCTATA-1",1.72084710114249
"AACTCAGAGAGTCGGT-1",1.69604849673951
"AACTCAGAGCCACCTG-1",5.07989773180923
"AACTCAGAGCCCAATT-1",4.09631045770385
"AACTCAGCAAACAACA-1",0
"AACTCAGCACAAGCCC-1",2.67131361394878
"AACTCAGCACGGTTTA-1",1.30025350464803
"AACTCAGCAGGATCGA-1",1.52796870963328
"AACTCAGCATAAAGGT-1",3.34578632156623
"AACTCAGGTTCCACAA-1",2.63337238748104
"AACTCAGTCGTACCGG-1",2.35622996600174
"AACTCCCAGCCCAGCT-1",0
"AACTCCCAGCTAAGAT-1",2.63337238748104
"AACTCCCCATGGTCTA-1",0
"AACTCCCGTTGCGCAC-1",1.60624557133513
"AACTCCCTCAAGAAGT-1",1.5754438385365
"AACTCCCTCAAGCCTA-1",3.72970273666038
"AACTCCCTCATCGCTC-1",0
"AACTCCCTCTGCAGTA-1",2.4095811393746
"AACTCCCTCTGGCGTG-1",0
"AACTCTTAGCAGACTG-1",1.5724110491452
"AACTCTTAGTCCGGTC-1",0
"AACTCTTCATGCTAGT-1",0
"AACTCTTGTCGAATCT-1",1.765178472664
"AACTCTTGTCGGGTCT-1",4.41792500398979
"AACTCTTTCTCAAACG-1",0
"AACTCTTTCTCCAGGG-1",4.26628118902865
"AACTCTTTCTCTGCTG-1",1.7399468934154
"AACTGGTAGAAGATTC-1",0
"AACTGGTAGAGACTAT-1",1.58957753864035
"AACTGGTAGCCAACAG-1",0
"AACTGGTAGTGTACTC-1",2.2043674648486
"AACTGGTCACTGAAGG-1",0
"AACTGGTGTCCGAACC-1",2.07065390954384
"AACTGGTTCGGAGCAA-1",0
"AACTGGTTCGTGGGAA-1",0
"AACTGGTTCTGCTTGC-1",2.12520704909252
"AACTTTCAGCGTGAAC-1",0
"AACTTTCAGTATCTCG-1",2.03053141664232
"AACTTTCAGTTTCCTT-1",0
"AACTTTCCATCCTTGC-1",2.39426682179279
"AACTTTCGTCTAGAGG-1",3.39764972990924
"AACTTTCGTCTCTTTA-1",0
"AACTTTCGTTTGTTTC-1",0
"AAGACCTAGGGCTTCC-1",0
"AAGACCTAGTACACCT-1",2.03053141664232
"AAGACCTGTATATGAG-1",1.73071383450644
"AAGACCTGTATCAGTC-1",2.0421170844929
"AAGACCTGTCCGTGAC-1",2.49148901387171
"AAGACCTGTCGAAAGC-1",1.91205973214532
"AAGACCTTCGCCATAA-1",0
"AAGCCGCAGATCTGAA-1",4.89532703335458
"AAGCCGCAGGGTGTTG-1",1.93704846870536
"AAGCCGCAGTGGACGT-1",0
"AAGCCGCAGTGTACTC-1",6.181978503225
"AAGCCGCCACGCTTTC-1",1.81807007627788
"AAGCCGCCAGGACGTA-1",5.62395248458219
"AAGCCGCGTACAGTTC-1",0
"AAGCCGCGTCATTAGC-1",1.72880552249059
"AAGCCGCTCACGAAGG-1",1.4518903455172
"AAGCCGCTCAGTTAGC-1",6.37157363533212
"AAGCCGCTCGCAAACT-1",0
"AAGCCGCTCGTCGTTC-1",5.97483593489831
"AAGCCGCTCTTACCGC-1",1.5724110491452
"AAGGAGCAGAAACCGC-1",1.79719676565528
"AAGGAGCAGGCATGTG-1",0
"AAGGAGCAGGCGCTCT-1",3.23104062509362
"AAGGAGCAGTTGAGTA-1",1.16884662524313
"AAGGAGCCACGGCGTT-1",0
"AAGGAGCGTCTGCAAT-1",0
"AAGGAGCTCGTCTGCT-1",3.43065426536094
"AAGGCAGAGAACTGTA-1",5.56595218364006
"AAGGCAGAGAGATGAG-1",7.62171392211218
"AAGGCAGAGGTGATAT-1",1.91255137370802
"AAGGCAGCATAGTAAG-1",0
"AAGGCAGGTACTTCTT-1",2.89451718111799
"AAGGCAGGTGTGCCTG-1",1.33015808691142
"AAGGCAGTCAGATAAG-1",4.09631045770385
"AAGGCAGTCGGAATCT-1",0
"AAGGTTCAGTATCTCG-1",2.67131361394878
"AAGGTTCCATCACGTA-1",0
"AAGGTTCGTATATGGA-1",1.5724110491452
"AAGGTTCGTCCGAATT-1",0
"AAGGTTCGTCGACTAT-1",0
"AAGGTTCGTGTGACCC-1",1.59269054257672
"AAGGTTCTCCGTCATC-1",1.81075940747296
"AAGGTTCTCCTCGCAT-1",0
"AAGGTTCTCTGCGGCA-1",4.91819737071142
"AAGTCTGAGCCATCGC-1",4.85730406878962
"AAGTCTGAGTCAAGCG-1",2.2043674648486
"AAGTCTGCAAAGGAAG-1",0
"AAGTCTGGTCAGCTAT-1",1.77569188836057
"AAGTCTGTCAAACAAG-1",1.79719676565528
"AAGTCTGTCACTGGGC-1",2.49148901387171
"AAGTCTGTCAGCAACT-1",3.38825194973156
"AATCCAGCAAAGTGCG-1",6.181978503225
"AATCCAGCAGCATACT-1",0
"AATCCAGGTAGGCATG-1",4.91322219546397
"AATCCAGGTCTCCCTA-1",0
"AATCCAGTCCGAATGT-1",0
"AATCGGTAGGCATGGT-1",0
"AATCGGTTCCTGTACC-1",2.98412185742998
"AATCGGTTCGCCGTGA-1",4.37874373418384
"ACACCAAAGATGAGAG-1",0
"ACACCAAAGCCCTAAT-1",3.64912789130643
"ACACCAAAGGATGGTC-1",0
"ACACCAAAGTGTCCAT-1",1.38054700437752
"ACACCAACACTTCGAA-1",4.00552361445464
"ACACCAACAGACGCTC-1",0
"ACACCAACAGCCTATA-1",0.741644132588294
"ACACCAAGTCGCGTGT-1",2.98412185742998
"ACACCAAGTCTAAACC-1",0
"ACACCAAGTTATGTGC-1",2.38930337767195
"ACACCAATCGCGTTTC-1",4.88806011015743
"ACACCCTAGCCAGGAT-1",0
"ACACCCTAGTACTTGC-1",0
"ACACCCTCAAGCGCTC-1",3.39764972990924
"ACACCCTCATCACAAC-1",0
"ACACCCTCATGCCCGA-1",0
"ACACCCTGTCTGGTCG-1",1.85168883456166
"ACACCCTTCCGCAAGC-1",1.31620919023433
"ACACCCTTCCTTGCCA-1",1.72880552249059
"ACACCCTTCTATCCTA-1",0
"ACACCCTTCTGGCGTG-1",1.76397536465063
"ACACCGGAGGCTCAGA-1",0
"ACACCGGAGTGACATA-1",2.03053141664232
"ACACCGGAGTTACCCA-1",1.59581825460255
"ACACCGGCACCAGATT-1",4.26628118902865
"ACACCGGCACCGAAAG-1",1.8498800654113
"ACACCGGCATCACAAC-1",1.52796870963328
"ACACCGGTCCGCATAA-1",0
"ACACCGGTCTCGGACG-1",0
"ACACCGGTCTCTGTCG-1",0
"ACACTGAAGCACGCCT-1",1.79719676565528
"ACACTGAAGGTGATTA-1",2.88080459910332
"ACACTGACAATAGAGT-1",1.97189696193637
"ACACTGACAGACTCGC-1",0
"ACACTGACATCCAACA-1",0
"ACACTGAGTCCGAAGA-1",0
"ACACTGAGTGTTTGTG-1",1.72880552249059
"ACACTGAGTTTGACTG-1",1.51843218067683
"ACAGCCGAGGAATGGA-1",2.38930337767195
"ACAGCCGAGGCCCGTT-1",0
"ACAGCCGAGGTGCTTT-1",1.38054700437752
"ACAGCCGAGTGGTAGC-1",0
"ACAGCCGCATATACGC-1",3.61686163021904
"ACAGCCGCATGCAACT-1",4.64282488392637
"ACAGCCGGTAGGGTAC-1",1.87235238324284
"ACAGCCGGTCGAATCT-1",4.60079892218529
"ACAGCCGGTTCACCTC-1",2.7146913981727
"ACAGCCGGTTCCACTC-1",1.42540873735213
"ACAGCCGTCCAGAAGG-1",3.04346413467669
"ACAGCCGTCTTTACAC-1",3.04576327731733
"ACAGCTAAGCACCGCT-1",2.03053141664232
"ACAGCTAAGTATCTCG-1",1.90132525334375
"ACAGCTAAGTGTTGAA-1",1.88172665405828
"ACAGCTACATCGTCGG-1",2.98187779365177
"ACAGCTAGTCGACTAT-1",1.75323859068789
"ACAGCTAGTGGTACAG-1",0
"ACAGCTATCACCACCT-1",2.91056374256074
"ACAGCTATCTGCTTGC-1",3.38825194973156
"ACATACGAGAGCTTCT-1",0
"ACATACGAGCGTAGTG-1",4.60079892218529
"ACATACGAGCTTCGCG-1",2.35622996600174
"ACATACGAGCTTTGGT-1",0
"ACATACGCAAACGTGG-1",0
"ACATACGCAAGCCTAT-1",3.61686163021904
"ACATACGCATCTCCCA-1",1.73071383450644
"ACATACGCATTCTCAT-1",1.81807007627788
"ACATACGGTAGGAGTC-1",1.89842446852378
"ACATACGGTGCACCAC-1",0
"ACATACGGTGGTTTCA-1",0
"ACATACGTCGTATCAG-1",0
"ACATCAGAGCCACTAT-1",1.57089989302168
"ACATCAGAGCCTTGAT-1",1.8498800654113
"ACATCAGCAACACCCG-1",4.37874373418384
"ACATCAGCAACGATGG-1",1.38054700437752
"ACATCAGCAATTGCTG-1",0
"ACATCAGCACCGGAAA-1",1.72084710114249
"ACATCAGCATAAAGGT-1",0
"ACATCAGCATCCCACT-1",0
"ACATCAGCATTTGCCC-1",2.4095811393746
"ACATCAGGTAAGGATT-1",1.5724110491452
"ACATCAGGTCCGTGAC-1",0
"ACATCAGGTTAAGTAG-1",0
"ACATCAGTCAAACCGT-1",3.6826655170114
"ACATGGTAGCATGGCA-1",4.89532703335458
"ACATGGTAGCTGTTCA-1",0
"ACATGGTCACTTGGAT-1",0
"ACATGGTGTCAGATAA-1",0
"ACATGGTGTCTGCGGT-1",0
"ACATGGTGTGCAACTT-1",1.74773507627559
"ACATGGTTCCGCAAGC-1",2.98412185742998
"ACATGGTTCCTCCTAG-1",1.35974347987893
"ACATGGTTCTGGAGCC-1",0
"ACATGGTTCTTCTGGC-1",3.44978646120284
"ACCAGTAAGATCACGG-1",2.0421170844929
"ACCAGTAAGCTTCGCG-1",1.68989523212849
"ACCAGTACACAGATTC-1",1.74227429204333
"ACCAGTACACAGGCCT-1",1.89842446852378
"ACCAGTACAGTATGCT-1",0
"ACCAGTACAGTCAGAG-1",5.97483593489831
"ACCAGTACAGTTTACG-1",0
"ACCAGTAGTCACCCAG-1",3.72970273666038
"ACCAGTAGTCCATCCT-1",0
"ACCAGTAGTCTTCAAG-1",4.00552361445464
"ACCAGTAGTGGACGAT-1",1.19117650313969
"ACCAGTATCTGCGACG-1",0
"ACCAGTATCTGCTTGC-1",2.0421170844929
"ACCAGTATCTGTTTGT-1",0
"ACCCACTAGAGGTTAT-1",0
"ACCCACTAGATCCCGC-1",0
"ACCCACTAGATGTGTA-1",2.96110805111907
"ACCCACTAGCCCAATT-1",2.72638265589467
"ACCCACTCAAGGGTCA-1",1.86770977587311
"ACCCACTCAAGGTTCT-1",4.89532703335458
"ACCCACTGTAAATGAC-1",3.43065426536094
"ACCCACTGTAGCCTCG-1",0
"ACCCACTGTCAAAGAT-1",0
"ACCCACTGTCAATACC-1",1.74227429204333
"ACCCACTGTGTGGTTT-1",0
"ACCCACTTCGCAAACT-1",0
"ACCCACTTCTGCCAGG-1",1.39134050249977
"ACCGTAACAATCGGTT-1",0
"ACCGTAACAATCTACG-1",1.69604849673951
"ACCGTAACAGGTCCAC-1",0
"ACCGTAAGTACAGCAG-1",0
"ACCGTAAGTCATGCAT-1",1.63687268336829
"ACCGTAAGTGAGTGAC-1",0
"ACCGTAAGTTAAGAAC-1",1.69604849673951
"ACCGTAAGTTCCGTCT-1",3.74696040639174
"ACCGTAATCACATAGC-1",0
"ACCGTAATCATGTGGT-1",0
"ACCGTAATCTGAAAGA-1",0
"ACCTTTACAATCGGTT-1",3.64943542925208
"ACCTTTACACGGACAA-1",1.80309888769423
"ACCTTTACAGCAGTTT-1",0
"ACCTTTACATGCAACT-1",0
"ACCTTTACATTTCAGG-1",0
"ACCTTTAGTGAACCTT-1",2.38930337767195
"ACCTTTAGTTCCACTC-1",1.59581825460255
"ACCTTTATCTCTAGGA-1",0
"ACGAGCCAGGCAGGTT-1",3.40179220403026
"ACGAGCCCACAGGCCT-1",0
"ACGAGCCCATGGAATA-1",1.79719676565528
"ACGAGCCGTGCACGAA-1",0
"ACGAGCCGTGTGACCC-1",2.3997154407563
"ACGAGCCGTTGGTTTG-1",4.88806011015743
"ACGAGCCTCAGTCCCT-1",3.72531119115092
"ACGAGCCTCGCAAACT-1",1.75323859068789
"ACGAGGACACTACAGT-1",3.04346413467669
"ACGAGGACATGTAGTC-1",4.37874373418384
"ACGAGGAGTACACCGC-1",1.73071383450644
"ACGAGGAGTGCCTGCA-1",1.59269054257672
"ACGAGGAGTTCTGAAC-1",0
"ACGAGGATCTGCGGCA-1",3.72970273666038
"ACGATACAGAGTGACC-1",6.40445319025469
"ACGATACAGCGCCTTG-1",3.4290417551693
"ACGATACCACGTTGGC-1",1.59269054257672
"ACGATACCATTGGGCC-1",4.09948763167157
"ACGATACGTCGAATCT-1",3.33280702350648
"ACGATACTCTGACCTC-1",4.37874373418384
"ACGATGTAGTGCGATG-1",4.09631045770385
"ACGATGTAGTTGAGAT-1",0
"ACGATGTCAACGCACC-1",0
"ACGATGTCACACGCTG-1",2.35622996600174
"ACGATGTGTATTCTCT-1",0
"ACGATGTGTCAGTGGA-1",1.79719676565528
"ACGATGTGTGACTACT-1",0
"ACGATGTGTGTCGCTG-1",0
"ACGATGTTCGCGTAGC-1",1.59581825460255
"ACGATGTTCTCTTATG-1",3.61686163021904
"ACGCAGCAGCGGCTTC-1",0
"ACGCAGCAGCTGCGAA-1",1.4518903455172
"ACGCAGCAGTGTACGG-1",1.54254367760407
"ACGCAGCCACCTCGTT-1",1.82545566694945
"ACGCAGCCATCGACGC-1",1.51843218067683
"ACGCAGCCATTACCTT-1",2.34293638851761
"ACGCAGCGTCCATGAT-1",0
"ACGCAGCGTCTACCTC-1",1.76397536465063
"ACGCAGCGTCTGGTCG-1",1.4518903455172
"ACGCAGCGTGCGATAG-1",2.09651480349671
"ACGCCAGCAAAGCAAT-1",3.64943542925208
"ACGCCAGCAACGCACC-1",1.80309888769423
"ACGCCAGCACGAGAGT-1",0
"ACGCCAGCAGTGAGTG-1",1.90132525334375
"ACGCCAGGTGCACTTA-1",1.40487829275209
"ACGCCAGGTGTGCGTC-1",0
"ACGCCAGTCACAGGCC-1",4.91819737071142
"ACGCCAGTCAGTGTTG-1",0
"ACGCCGAAGAAACGCC-1",3.33280702350648
"ACGCCGAAGATCTGCT-1",0
"ACGCCGACAGCCTGTG-1",3.03321136333846
"ACGCCGAGTTCCAACA-1",1.5724110491452
"ACGCCGATCCTATGTT-1",0
"ACGCCGATCGCAGGCT-1",5.97483593489831
"ACGCCGATCTTGTATC-1",1.64390993462428
"ACGGAGAAGCCAGTTT-1",1.91501447476243
"ACGGAGACACACATGT-1",0
"ACGGAGACAGCCTGTG-1",1.89842446852378
"ACGGAGACAGCGTAAG-1",6.40445319025469
"ACGGAGACAGTAAGCG-1",0
"ACGGAGAGTGTGACGA-1",1.31580984694107
"ACGGAGATCCACGAAT-1",0
"ACGGCCACACATCCAA-1",0
"ACGGCCACACATTCGA-1",4.37874373418384
"ACGGCCAGTACCGTAT-1",2.35622996600174
"ACGGCCAGTGTATGGG-1",1.8498800654113
"ACGGCCATCACGGTTA-1",0
"ACGGCCATCAGTGTTG-1",0
"ACGGCCATCTACTATC-1",0
"ACGGGCTAGGATCGCA-1",3.0774599449568
"ACGGGCTAGGTTCCTA-1",1.38054700437752
"ACGGGCTAGTGGCACA-1",1.40140761631585
"ACGGGCTCATCTGGTA-1",2.0421170844929
"ACGGGCTGTGAGGCTA-1",0
"ACGGGCTTCCGAACGC-1",0
"ACGGGTCAGATGCCAG-1",0
"ACGGGTCCATGATCCA-1",9.50443752371636
"ACGGGTCCATTAGGCT-1",1.70299123288682
"ACGGGTCCATTTCACT-1",0
"ACGGGTCGTTAGGGTG-1",2.07917908596773
"ACGGGTCTCAACACCA-1",0
"ACGGGTCTCCACGCAG-1",5.0588372211241
"ACGTCAAAGGGCTTCC-1",1.91501447476243
"ACGTCAAAGTGGTAAT-1",0
"ACGTCAACAACTGCGC-1",1.74227429204333
"ACGTCAACACAAGACG-1",2.88359878250211
"ACGTCAAGTAGCTCCG-1",0
"ACGTCAAGTGTCGCTG-1",2.4095811393746
"ACGTCAAGTTATGCGT-1",3.04346413467669
"ACGTCAATCAACCAAC-1",3.04346413467669
"ACGTCAATCATAACCG-1",0
"ACGTCAATCCAGAAGG-1",0
"ACGTCAATCTAACTCT-1",2.09651480349671
"ACTATCTAGAGGTTAT-1",0
"ACTATCTAGATACACA-1",1.79719676565528
"ACTATCTAGGAGTAGA-1",1.78306268190063
"ACTATCTAGGCATGTG-1",3.78812455627563
"ACTATCTCAAATACAG-1",3.62386461833735
"ACTATCTCAAATTGCC-1",1.81075940747296
"ACTATCTGTAGGGACT-1",1.73071383450644
"ACTATCTGTCGCGTGT-1",3.16176660806251
"ACTATCTGTGCACGAA-1",0
"ACTATCTGTGGTTTCA-1",2.39426682179279
"ACTATCTTCGCCGTGA-1",1.86632271113697
"ACTGAACAGAGTGAGA-1",0
"ACTGAACAGATCCCGC-1",0
"ACTGAACAGGTGATAT-1",5.20262013152565
"ACTGAACCAAAGCGGT-1",1.86632271113697
"ACTGAACCAAGCGAGT-1",4.09631045770385
"ACTGAACCAATTCCTT-1",0
"ACTGAACCAGCTGGCT-1",6.181978503225
"ACTGAACCAGTCTTCC-1",0.741644132588294
"ACTGAACCATTACCTT-1",1.765178472664
"ACTGAACGTAAGCACG-1",1.4518903455172
"ACTGAACGTAATCGTC-1",1.765178472664
"ACTGAACGTCCAGTAT-1",0
"ACTGAACGTCTGATCA-1",1.64256384034015
"ACTGAACTCCCACTTG-1",3.27134920009466
"ACTGAGTAGCCGGTAA-1",1.39134050249977
"ACTGAGTCAGTGGGAT-1",0
"ACTGAGTCATTTGCCC-1",1.00985418634354
"ACTGAGTGTAGAGCTG-1",0
"ACTGAGTGTTGTGGCC-1",4.90900548604893
"ACTGAGTTCAGGTTCA-1",6.40445319025469
"ACTGATGAGACAGACC-1",1.68989523212849
"ACTGATGAGCGGATCA-1",0
"ACTGATGAGGTGCTTT-1",1.39134050249977
"ACTGATGCAGCAGTTT-1",1.90132525334375
"ACTGATGCATCACAAC-1",1.58957753864035
"ACTGATGGTCATGCAT-1",0
"ACTGATGTCACAATGC-1",0
"ACTGATGTCACTCCTG-1",8.80416863101099
"ACTGATGTCCCTGACT-1",3.64943542925208
"ACTGATGTCCGCTGTT-1",2.2043674648486
"ACTGATGTCCGGCACA-1",2.76809953575153
"ACTGATGTCCTATTCA-1",1.58926704261798
"ACTGCTCAGAGCTTCT-1",0
"ACTGCTCAGATGCCTT-1",0
"ACTGCTCCACACCGCA-1",0
"ACTGCTCCAGATGGGT-1",1.64390993462428
"ACTGCTCCATGCCTAA-1",0
"ACTGCTCGTAGGCATG-1",0
"ACTGCTCGTATCACCA-1",1.81807007627788
"ACTGCTCGTCCGAAGA-1",1.73878608352274
"ACTGCTCTCCGAGCCA-1",3.33163257152217
"ACTGTCCAGAGGGCTT-1",0
"ACTGTCCAGCAGCGTA-1",1.65102120092132
"ACTGTCCAGGCATGGT-1",3.04576327731733
"ACTGTCCCAAGGTTTC-1",0
"ACTGTCCCAAGTACCT-1",0
"ACTGTCCCAGTATCTG-1",2.03053141664232
"ACTGTCCCATAGAAAC-1",6.181978503225
"ACTGTCCGTTGAGGTG-1",1.68989523212849
"ACTGTCCTCCACGTGG-1",1.79719676565528
"ACTGTCCTCCTTGGTC-1",2.2043674648486
"ACTGTCCTCTCTGTCG-1",0
"ACTTACTAGCGATAGC-1",1.86632271113697
"ACTTACTAGGGATGGG-1",0
"ACTTACTCACAGACAG-1",2.92609061192788
"ACTTACTCACATTTCT-1",2.39426682179279
"ACTTACTGTACTCAAC-1",1.82545566694945
"ACTTACTGTTCCACAA-1",0
"ACTTACTTCATCGGAT-1",6.11148834079482
"ACTTGTTAGACAAGCC-1",0
"ACTTGTTAGCTAGCCC-1",1.91501447476243
"ACTTGTTAGTTACCCA-1",4.37874373418384
"ACTTGTTCACGACGAA-1",1.64390993462428
"ACTTGTTCACGGCTAC-1",3.72970273666038
"ACTTGTTGTATCGCAT-1",2.09651480349671
"ACTTGTTGTGGTAACG-1",0
"ACTTGTTGTTGTGGAG-1",3.04576327731733
"ACTTGTTTCATCACCC-1",0
"ACTTTCACATGGTCAT-1",0
"ACTTTCAGTGACTACT-1",0
"ACTTTCATCGCCAGCA-1",1.58926704261798
"AGAATAGAGCTGAACG-1",2.07917908596773
"AGAATAGAGCTGTCTA-1",1.96132437873694
"AGAATAGAGGTAGCTG-1",0
"AGAATAGCATGGTCTA-1",0
"AGAATAGGTATTCTCT-1",3.6826655170114
"AGAATAGGTGCGGTAA-1",2.45138897878499
"AGAATAGGTTAAGAAC-1",1.74227429204333
"AGAATAGTCAGGCCCA-1",0
"AGACGTTAGAATGTGT-1",1.87235238324284
"AGACGTTAGCTCCTCT-1",1.4518903455172
"AGACGTTAGTGCCAGA-1",2.38930337767195
"AGACGTTCAGGATCGA-1",1.76357478287235
"AGACGTTGTAGCTGCC-1",1.68989523212849
"AGACGTTGTCTGCAAT-1",2.39426682179279
"AGACGTTGTTCTGTTT-1",1.16884662524313
"AGACGTTTCGCATGGC-1",0
"AGACGTTTCGCTTAGA-1",2.98412185742998
"AGAGCGACAACTTGAC-1",3.38279849668128
"AGAGCGACAAGTACCT-1",1.59581825460255
"AGAGCGACACAACGTT-1",0
"AGAGCGACATGAGCGA-1",0
"AGAGCGAGTCAGTGGA-1",6.37157363533212
"AGAGCGAGTCGACTGC-1",0
"AGAGCGAGTTGAGTTC-1",0
"AGAGCGATCGCGTAGC-1",0
"AGAGCGATCTATCCTA-1",0
"AGAGCGATCTCGCTTG-1",1.90132525334375
"AGAGCTTAGCCGTCGT-1",0
"AGAGCTTAGTACACCT-1",2.09651480349671
"AGAGCTTAGTCATGCT-1",0
"AGAGCTTGTAGAGCTG-1",0
"AGAGCTTGTATCACCA-1",1.76357478287235
"AGAGCTTTCACTATTC-1",0
"AGAGCTTTCCTGCAGG-1",0
"AGAGCTTTCGCAAACT-1",1.59269054257672
"AGAGCTTTCGCTTAGA-1",1.81807007627788
"AGAGTGGAGAGCCTAG-1",0
"AGAGTGGAGGCCCTTG-1",1.96132437873694
"AGAGTGGAGGTACTCT-1",4.96138492684985
"AGAGTGGCACAAGACG-1",1.59581825460255
"AGAGTGGCACCTCGTT-1",4.96138492684985
"AGAGTGGCATCCGGGT-1",2.7146913981727
"AGAGTGGCATCTGGTA-1",1.80309888769423
"AGAGTGGGTCAGCTAT-1",0
"AGAGTGGGTCCTCCAT-1",1.16884662524313
"AGAGTGGGTCTAGTCA-1",1.30768372708065
"AGAGTGGGTTACCGAT-1",0
"AGATCTGAGGTGGGTT-1",1.87235238324284
"AGATCTGAGTCAAGGC-1",1.57089989302168
"AGATCTGCAATGTTGC-1",1.74227429204333
"AGATCTGTCGAATCCA-1",8.87764738743565
"AGATCTGTCTGCAGTA-1",0
"AGATTGCAGGCTACGA-1",1.79929908775394
"AGATTGCCACGACGAA-1",0
"AGATTGCCAGATGGGT-1",0
"AGATTGCGTAGAGCTG-1",0
"AGATTGCGTGATGTCT-1",2.89451718111799
"AGATTGCGTGTTCGAT-1",1.70299123288682
"AGATTGCGTTCACGGC-1",0
"AGATTGCTCACTGGGC-1",1.60624557133513
"AGATTGCTCATCTGTT-1",3.59682312778053
"AGCAGCCAGCTGATAA-1",1.59269054257672
"AGCAGCCCACCGAAAG-1",0
"AGCAGCCGTCGACTGC-1",3.72970273666038
"AGCAGCCGTCGCTTTC-1",4.37874373418384
"AGCAGCCGTCTAACGT-1",3.44978646120284
"AGCAGCCGTGTGAAAT-1",1.80225274494389
"AGCAGCCGTTTGTTGG-1",3.23104062509362
"AGCAGCCTCCAAACAC-1",3.4290417551693
"AGCATACAGTGGTAGC-1",0
"AGCATACAGTTGTCGT-1",4.90900548604893
"AGCATACGTCTTCTCG-1",0
"AGCATACGTTAAGTAG-1",0
"AGCATACTCCGTTGCT-1",0
"AGCCTAAAGATATGGT-1",2.3997154407563
"AGCCTAACAAAGCGGT-1",1.89842446852378
"AGCCTAACAGATAATG-1",0
"AGCCTAAGTACGAAAT-1",0
"AGCCTAAGTCACCTAA-1",2.07065390954384
"AGCCTAAGTGTGCCTG-1",2.29944114250408
"AGCCTAATCACCCGAG-1",2.98412185742998
"AGCCTAATCCAATGGT-1",0
"AGCCTAATCCTTGGTC-1",1.53678872974404
"AGCCTAATCTGTGCAA-1",0
"AGCCTAATCTGTTTGT-1",1.58957753864035
"AGCGGTCAGCGAAGGG-1",2.12520704909252
"AGCGGTCAGGTACTCT-1",0
"AGCGGTCAGTGACTCT-1",0
"AGCGGTCCAGCCTTGG-1",1.81807007627788
"AGCGGTCGTCCTAGCG-1",0
"AGCGGTCGTGGTGTAG-1",1.91501447476243
"AGCGGTCGTTAAGGGC-1",1.76357478287235
"AGCGGTCGTTTGCATG-1",2.39426682179279
"AGCGGTCTCCGAAGAG-1",0
"AGCGGTCTCCTCAATT-1",0
"AGCGGTCTCTGGGCCA-1",0
"AGCGTATAGAACTGTA-1",2.03053141664232
"AGCGTATAGCGATGAC-1",0
"AGCGTATAGGTACTCT-1",0
"AGCGTATGTTGAGGTG-1",2.3997154407563
"AGCGTATTCCAGAGGA-1",0
"AGCGTCGAGTTGAGTA-1",0
"AGCGTCGCAGGGATTG-1",8.6537163590741
"AGCGTCGTCTGAAAGA-1",1.87235238324284
"AGCTCCTAGACCTAGG-1",1.79719676565528
"AGCTCCTAGCGTTTAC-1",2.45138897878499
"AGCTCCTGTGTTTGTG-1",1.90132525334375
"AGCTCCTGTTGTCTTT-1",1.93704846870536
"AGCTCCTTCCGAATGT-1",3.04346413467669
"AGCTCCTTCTTGACGA-1",2.29944114250408
"AGCTCTCAGCGGATCA-1",1.44764588007413
"AGCTCTCAGCTGTTCA-1",4.37874373418384
"AGCTCTCAGGTGCTAG-1",0
"AGCTCTCCATACAGCT-1",0
"AGCTCTCGTCAGAGGT-1",1.59581825460255
"AGCTCTCGTGGGTCAA-1",3.44978646120284
"AGCTCTCTCACAACGT-1",0
"AGCTCTCTCTTGACGA-1",0
"AGCTTGAAGCATCATC-1",1.39134050249977
"AGCTTGAAGTAGCGGT-1",1.42781341849908
"AGCTTGAAGTTGTCGT-1",4.64282488392637
"AGCTTGACAATCCAAC-1",0
"AGCTTGACACCGATAT-1",1.73071383450644
"AGCTTGAGTCTACCTC-1",0
"AGCTTGAGTGCGCTTG-1",2.79070949849969
"AGCTTGAGTTACGCGC-1",2.80661556578114
"AGCTTGATCCTGCCAT-1",0
"AGCTTGATCTGCAAGT-1",0
"AGGCCACAGAGTAAGG-1",1.5724110491452
"AGGCCACAGGGTCTCC-1",0
"AGGCCACAGTACTTGC-1",8.6537163590741
"AGGCCACCAGGACCCT-1",1.76397536465063
"AGGCCACCATCAGTCA-1",0
"AGGCCACTCATGCTCC-1",0
"AGGCCACTCATTGCGA-1",3.38825194973156
"AGGCCGTAGGATCGCA-1",0
"AGGCCGTCACGTAAGG-1",1.86863594734354
"AGGCCGTCAGCTCGAC-1",0
"AGGCCGTCATCGTCGG-1",3.37086397056486
"AGGCCGTTCACGGTTA-1",0
"AGGCCGTTCGAACTGT-1",5.75500700675938
"AGGCCGTTCTCAAGTG-1",0
"AGGCCGTTCTGCTTGC-1",1.82545566694945
"AGGGAGTAGCCCAACC-1",0
"AGGGAGTAGGAGTACC-1",1.33015808691142
"AGGGAGTAGGCAGGTT-1",3.10859489867926
"AGGGAGTCACGAGAGT-1",6.14793615644293
"AGGGAGTCAGAAGCAC-1",1.86770977587311
"AGGGAGTCAGATCCAT-1",2.98187779365177
"AGGGAGTCATCGACGC-1",2.67131361394878
"AGGGAGTCATGCTAGT-1",1.78306268190063
"AGGGAGTGTCCATGAT-1",0
"AGGGAGTTCATAACCG-1",0
"AGGGATGAGCTCTCGG-1",0.741644132588294
"AGGGATGAGGAGTAGA-1",0
"AGGGATGAGTAGCGGT-1",3.33280702350648
"AGGGATGCAATGAATG-1",0
"AGGGATGCAATGGAGC-1",4.73464582030799
"AGGGATGCACAAGACG-1",1.78306268190063
"AGGGATGCACATTTCT-1",0
"AGGGATGCATGGTCTA-1",1.75323859068789
"AGGGATGGTTAAAGTG-1",1.91205973214532
"AGGGATGGTTATGCGT-1",5.75500700675938
"AGGGATGTCGTGACAT-1",0
"AGGGTGAAGATGGCGT-1",0
"AGGGTGAAGATGGGTC-1",1.81807007627788
"AGGGTGAAGGCTCAGA-1",0
"AGGGTGACACGAGAGT-1",0
"AGGGTGACAGATGGCA-1",3.04576327731733
"AGGGTGACAGATTGCT-1",0
"AGGGTGAGTACTCTCC-1",0
"AGGGTGAGTTATCGGT-1",1.7399468934154
"AGGGTGAGTTCTGAAC-1",1.00985418634354
"AGGGTGATCTCGCTTG-1",1.69604849673951
"AGGTCATAGAGCCCAA-1",1.72084710114249
"AGGTCATAGCCAGAAC-1",2.63337238748104
"AGGTCATAGGCATGGT-1",1.74227429204333
"AGGTCATAGGGAGTAA-1",1.74227429204333
"AGGTCATCACTCAGGC-1",3.39764972990924
"AGGTCATCACTCTGTC-1",2.45138897878499
"AGGTCATGTTCCACTC-1",0
"AGGTCATTCTCGTTTA-1",2.67131361394878
"AGGTCCGAGGATGCGT-1",1.38054700437752
"AGGTCCGGTGATGCCC-1",0
"AGGTCCGTCCATGAAC-1",0
"AGGTCCGTCGCCCTTA-1",1.73071383450644
"AGGTCCGTCTGCGTAA-1",1.81807007627788
"AGTAGTCAGACTGTAA-1",3.34578632156623
"AGTAGTCAGTACGACG-1",7.62171392211218
"AGTAGTCAGTTTAGGA-1",1.79719676565528
"AGTAGTCCAACTGGCC-1",1.82545566694945
"AGTAGTCGTGCAGACA-1",5.75500700675938
"AGTAGTCTCACCCGAG-1",0
"AGTCTTTAGGCAGTCA-1",0
"AGTCTTTCAAATCCGT-1",1.86863594734354
"AGTCTTTCATATACCG-1",1.44047182615621
"AGTCTTTGTGCTTCTC-1",0
"AGTCTTTGTGTCCTCT-1",0
"AGTCTTTTCGCAGGCT-1",0
"AGTCTTTTCGCGTAGC-1",1.96132437873694
"AGTCTTTTCGCTAGCG-1",1.51843218067683
"AGTCTTTTCGCTTGTC-1",2.49148901387171
"AGTCTTTTCTGACCTC-1",0
"AGTGAGGAGATAGCAT-1",0
"AGTGAGGCAGGTGCCT-1",1.87235238324284
"AGTGAGGGTATGAAAC-1",3.38825194973156
"AGTGAGGGTCACTTCC-1",1.88551008878341
"AGTGAGGGTCGCGAAA-1",1.64256384034015
"AGTGAGGGTTATGTGC-1",0
"AGTGAGGTCTACTATC-1",0
"AGTGGGAAGCAGACTG-1",0
"AGTGGGACAAACGCGA-1",2.98412185742998
"AGTGGGACAAGCCGTC-1",0
"AGTGGGACACAGGAGT-1",0
"AGTGGGACACGAGAGT-1",1.44047182615621
"AGTGGGATCATCGATG-1",0
"AGTGGGATCCACGAAT-1",1.90132525334375
"AGTGGGATCCTGCAGG-1",0
"AGTGTCAAGAAGCCCA-1",2.98187779365177
"AGTGTCAAGCTAGTCT-1",2.6702217429713
"AGTGTCAAGTACGACG-1",0
"AGTGTCAAGTGAACAT-1",0
"AGTGTCACACCATCCT-1",1.80309888769423
"AGTGTCACAGTAAGCG-1",1.7575931396333
"AGTGTCACAGTGGAGT-1",3.74696040639174
"AGTGTCAGTAAACCTC-1",9.50443752371636
"AGTGTCAGTACAGCAG-1",1.82545566694945
"AGTGTCAGTCTCCACT-1",4.09948763167157
"AGTGTCAGTTTGACTG-1",1.51843218067683
"AGTGTCATCAAAGTAG-1",1.81807007627788
"AGTGTCATCCGTCAAA-1",1.69604849673951
"AGTGTCATCGTTACAG-1",1.8498800654113
"AGTGTCATCTGTCAAG-1",2.39426682179279
"AGTTGGTAGACTGTAA-1",0
"AGTTGGTAGTACGCGA-1",0
"AGTTGGTCAAATTGCC-1",1.74227429204333
"AGTTGGTCAGGAATGC-1",0
"AGTTGGTCATGCGCAC-1",2.89451718111799
"AGTTGGTGTACCGTAT-1",1.00985418634354
"AGTTGGTGTATGCTTG-1",0
"AGTTGGTGTCAGGACA-1",0
"AGTTGGTGTTCAGACT-1",0
"AGTTGGTTCAGTACGT-1",0
"AGTTGGTTCCTCAACC-1",2.6702217429713
"AGTTGGTTCGTACCGG-1",2.29944114250408
"AGTTGGTTCTGTCCGT-1",0
"ATAACGCAGTTGAGTA-1",0
"ATAACGCCACGTGAGA-1",1.72084710114249
"ATAACGCGTGAACCTT-1",0
"ATAACGCGTGTCCTCT-1",1.75323859068789
"ATAACGCGTGTGAAAT-1",1.79719676565528
"ATAACGCTCTCCGGTT-1",0
"ATAAGAGAGTCCGGTC-1",1.81807007627788
"ATAAGAGCAACTGCGC-1",1.93704846870536
"ATAAGAGCAGTATCTG-1",0
"ATAAGAGGTGACGCCT-1",1.58957753864035
"ATAAGAGGTTAAAGTG-1",0
"ATAAGAGTCAGCACAT-1",1.33015808691142
"ATAAGAGTCAGTGCAT-1",2.34293638851761
"ATAGACCAGAGAGCTC-1",3.72970273666038
"ATAGACCAGCCCAATT-1",1.81807007627788
"ATAGACCCAAGCCATT-1",0
"ATAGACCCATCTGGTA-1",4.89532703335458
"ATAGACCGTATATGGA-1",1.74227429204333
"ATAGACCGTGGACGAT-1",3.0774599449568
"ATAGACCGTGGCGAAT-1",3.33901862140885
"ATAGACCGTTTCGCTC-1",0
"ATCACGAAGAACTCGG-1",0
"ATCACGAAGACACGAC-1",0
"ATCACGAAGTTACCCA-1",0
"ATCACGACAAGACACG-1",3.44978646120284
"ATCACGACAAGCGTAG-1",0
"ATCACGACACACATGT-1",2.07065390954384
"ATCACGACACCACCAG-1",2.09651480349671
"ATCACGACACGGTAAG-1",0
"ATCACGACAGCGAACA-1",0
"ATCACGATCCCGACTT-1",0
"ATCACGATCGGTGTCG-1",0
"ATCATCTAGCCTATGT-1",3.78812455627563
"ATCATCTAGGCCATAG-1",1.00985418634354
"ATCATCTAGTACTTGC-1",1.91205973214532
"ATCATCTCAGACGCCT-1",0
"ATCATCTCATCCGTGG-1",0
"ATCATCTGTATTACCG-1",4.04255087148021
"ATCATCTGTCACTTCC-1",0
"ATCATCTTCAGCGACC-1",1.76397536465063
"ATCATCTTCCTCAACC-1",0
"ATCATGGCAAGCGTAG-1",4.96138492684985
"ATCATGGCAAGGTTCT-1",1.76357478287235
"ATCATGGCACTACAGT-1",1.79929908775394
"ATCATGGGTAAGGGAA-1",0
"ATCATGGGTTGTGGCC-1",0
"ATCATGGTCAATAAGG-1",1.86632271113697
"ATCATGGTCCAATGGT-1",2.2043674648486
"ATCATGGTCGCCATAA-1",0
"ATCATGGTCGGTTAAC-1",0
"ATCCACCAGCTAGTCT-1",1.35974347987893
"ATCCACCAGGCTCTTA-1",0
"ATCCACCCAAACGTGG-1",2.45138897878499
"ATCCACCCAGTTAACC-1",0
"ATCCACCGTCCGAAGA-1",1.81075940747296
"ATCCACCGTTTGTTTC-1",1.73878608352274
"ATCCACCTCCTGCTTG-1",1.68989523212849
"ATCCACCTCCTTAATC-1",1.29967099461141
"ATCCACCTCTGGTATG-1",0
"ATCCGAAAGCGATGAC-1",2.3997154407563
"ATCCGAAAGCTAGGCA-1",0
"ATCCGAACAAACGTGG-1",0
"ATCCGAACAACAACCT-1",0
"ATCCGAACAAGGACTG-1",1.96132437873694
"ATCCGAACACCCATTC-1",2.38930337767195
"ATCCGAACACGGTAGA-1",0
"ATCCGAAGTAGCGCTC-1",0
"ATCCGAAGTCATTAGC-1",0
"ATCCGAAGTCTCTTAT-1",0
"ATCCGAATCCAACCAA-1",1.74812676048036
"ATCCGAATCCTTGACC-1",0
"ATCCGAATCTTGTCAT-1",1.74227429204333
"ATCGAGTAGACTTTCG-1",0
"ATCGAGTCATCCGGGT-1",1.70299123288682
"ATCGAGTGTCCCTTGT-1",6.181978503225
"ATCGAGTGTCTCCCTA-1",1.79719676565528
"ATCGAGTTCATGCATG-1",3.27134920009466
"ATCGAGTTCCTGCCAT-1",0
"ATCTACTAGGTGTGGT-1",1.69604849673951
"ATCTACTCAGCTGTAT-1",1.49492693042676
"ATCTACTCAGTACACT-1",1.74812676048036
"ATCTACTCATGACATC-1",1.76357478287235
"ATCTACTGTAAGTAGT-1",3.64912789130643
"ATCTACTGTGTCGCTG-1",3.35300830400382
"ATCTACTTCCGCGTTT-1",4.91819737071142
"ATCTACTTCGCAAGCC-1",4.29379439767077
"ATCTACTTCTATCGCC-1",0
"ATCTACTTCTCTAAGG-1",0
"ATCTGCCAGGCTCAGA-1",3.62386461833735
"ATCTGCCGTACAGTTC-1",1.74773507627559
"ATCTGCCGTTGTGGAG-1",3.04346413467669
"ATCTGCCTCAGAGACG-1",0
"ATCTGCCTCAGCTGGC-1",1.74812676048036
"ATCTGCCTCGTACGGC-1",1.91501447476243
"ATCTGCCTCTCGAGTA-1",3.27916227474647
"ATCTGCCTCTGAGTGT-1",3.62386461833735
"ATCTGCCTCTTGTATC-1",0
"ATGAGGGAGGTCGGAT-1",1.30768372708065
"ATGAGGGCATGACGGA-1",0
"ATGAGGGCATTAGGCT-1",1.7575931396333
"ATGAGGGTCACATGCA-1",0
"ATGAGGGTCAGTCCCT-1",1.7399468934154
"ATGCGATAGTCAATAG-1",0
"ATGCGATCATGTTGAC-1",0
"ATGCGATGTGCAGTAG-1",1.42540873735213
"ATGCGATGTGCATCTA-1",2.7146913981727
"ATGCGATTCCCAAGAT-1",3.04346413467669
"ATGCGATTCGCCATAA-1",1.5754438385365
"ATGGGAGAGCAATATG-1",0
"ATGGGAGAGCCACGCT-1",1.5754438385365
"ATGGGAGAGGTGATAT-1",2.98412185742998
"ATGGGAGCACCAGGTC-1",1.64256384034015
"ATGGGAGCACTATCTT-1",1.69604849673951
"ATGGGAGCAGCATACT-1",1.91255137370802
"ATGGGAGCATAGAAAC-1",1.81075940747296
"ATGGGAGCATTACCTT-1",1.91205973214532
"ATGTGTGAGCGAAGGG-1",0
"ATGTGTGAGGGTTTCT-1",1.59269054257672
"ATGTGTGAGTTGAGTA-1",1.39134050249977
"ATGTGTGCACGGCGTT-1",3.33280702350648
"ATGTGTGCACGGTTTA-1",0
"ATGTGTGCAGTATAAG-1",0.741644132588294
"ATGTGTGTCACGCGGT-1",0
"ATTACTCAGATGTGTA-1",2.72638265589467
"ATTACTCAGCGTAATA-1",0
"ATTACTCAGGTGCACA-1",3.16796180010947
"ATTACTCAGTGAAGTT-1",4.04255087148021
"ATTACTCCAAACTGTC-1",3.94308279035034
"ATTACTCCACCATCCT-1",3.2383820949427
"ATTACTCCAGACTCGC-1",1.58926704261798
"ATTACTCCATATGCTG-1",9.50443752371636
"ATTACTCCATCGGTTA-1",6.181978503225
"ATTACTCCATTGCGGC-1",1.88551008878341
"ATTACTCGTTAAAGAC-1",0
"ATTACTCTCCGAACGC-1",0
"ATTATCCAGAGTACCG-1",1.89842446852378
"ATTATCCAGCTTATCG-1",1.79929908775394
"ATTATCCCACAAGCCC-1",0
"ATTATCCCATATGAGA-1",0
"ATTATCCCATCTGGTA-1",5.97483593489831
"ATTATCCGTCGTTGTA-1",0
"ATTATCCGTCTCTCTG-1",3.44978646120284
"ATTATCCTCAACGGGA-1",1.59269054257672
"ATTATCCTCCGCGCAA-1",1.58957753864035
"ATTATCCTCTCCGGTT-1",1.42781341849908
"ATTCTACGTCACTTCC-1",1.70299123288682
"ATTCTACGTCTAGTCA-1",1.63687268336829
"ATTCTACGTTGTCGCG-1",1.86632271113697
"ATTGGACAGCAGATCG-1",0
"ATTGGACAGGGCATGT-1",0
"ATTGGACAGTGGACGT-1",1.83867602177912
"ATTGGACCAAGACACG-1",0
"ATTGGACGTAATAGCA-1",1.5754438385365
"ATTGGACTCCTGCTTG-1",1.19117650313969
"ATTGGACTCGGCGCAT-1",0
"ATTGGACTCGTTTGCC-1",3.4290417551693
"ATTGGTGAGAATGTTG-1",0
"ATTGGTGCAAGCTGAG-1",0
"ATTGGTGCAGCAGTTT-1",0
"ATTGGTGGTTGAGTTC-1",0
"ATTGGTGTCAAAGTAG-1",1.64390993462428
"ATTGGTGTCGGAAACG-1",0
"ATTTCTGAGGGATACC-1",4.04255087148021
"ATTTCTGAGGGATCTG-1",6.40445319025469
"ATTTCTGAGGTGTTAA-1",1.765178472664
"ATTTCTGAGTCGAGTG-1",1.39134050249977
"ATTTCTGAGTTCGCAT-1",1.77569188836057
"ATTTCTGCAAGGTGTG-1",4.96138492684985
"ATTTCTGGTAGCTCCG-1",0
"ATTTCTGGTGCACGAA-1",1.42540873735213
"ATTTCTGGTTGCCTCT-1",1.74227429204333
"ATTTCTGTCAAAGTAG-1",5.56595218364006
"ATTTCTGTCAGCTCGG-1",1.90132525334375
"ATTTCTGTCTTGGGTA-1",1.63687268336829
"CAACCAAAGAAACGCC-1",4.96138492684985
"CAACCAAAGAGGGCTT-1",1.29967099461141
"CAACCAAAGCTGAAAT-1",1.35974347987893
"CAACCAAAGGACAGCT-1",0
"CAACCAAAGGGAGTAA-1",0
"CAACCAACATACGCTA-1",1.42781341849908
"CAACCTCAGTAATCCC-1",1.5724110491452
"CAACCTCCAGACGCAA-1",0
"CAACCTCGTGAGTGAC-1",5.66143869391403
"CAACCTCGTTCCACGG-1",0
"CAACCTCTCATACGGT-1",0
"CAACCTCTCCGATATG-1",3.64943542925208
"CAACCTCTCCTTTACA-1",3.04576327731733
"CAACCTCTCTCTAGGA-1",3.40179220403026
"CAACTAGAGAATAGGG-1",4.43804720515427
"CAACTAGAGGATGCGT-1",1.73071383450644
"CAACTAGCACCATCCT-1",3.64943542925208
"CAACTAGCAGACTCGC-1",0
"CAACTAGCAGTTCATG-1",0
"CAACTAGGTACGCACC-1",0
"CAACTAGTCAGGCCCA-1",0
"CAAGAAAAGAAGGACA-1",3.0774599449568
"CAAGAAAAGACGCACA-1",1.78306268190063
"CAAGAAAAGGCCCTTG-1",0
"CAAGAAAAGGTGATAT-1",1.42540873735213
"CAAGAAAAGTCGATAA-1",7.62171392211218
"CAAGAAAAGTGGAGTC-1",1.64256384034015
"CAAGAAAAGTGTACCT-1",5.62395248458219
"CAAGAAACACGGTGTC-1",1.79719676565528
"CAAGAAATCTGCTTGC-1",0
"CAAGATCAGCTGAAAT-1",0
"CAAGATCGTAAGAGGA-1",3.44978646120284
"CAAGATCGTGCCTTGG-1",0
"CAAGATCTCAACACCA-1",1.7575931396333
"CAAGATCTCTCGATGA-1",1.96132437873694
"CAAGGCCAGGAGTCTG-1",1.40140761631585
"CAAGGCCAGGCTATCT-1",1.64256384034015
"CAAGGCCCACGGTAAG-1",0
"CAAGGCCCATGTTCCC-1",0
"CAAGGCCGTCCGTCAG-1",2.35622996600174
"CAAGGCCTCAACGGGA-1",4.73464582030799
"CAAGGCCTCCTTGACC-1",0
"CAAGGCCTCGTGACAT-1",1.81807007627788
"CAAGTTGAGACAGGCT-1",7.20766069000052
"CAAGTTGAGATGTCGG-1",0
"CAAGTTGAGCGTCAAG-1",0
"CAAGTTGAGCGTTTAC-1",2.09651480349671
"CAAGTTGCACATTAGC-1",6.40445319025469
"CAAGTTGCACGCTTTC-1",1.85168883456166
"CAAGTTGCACGGTGTC-1",3.64912789130643
"CAAGTTGCATTCTTAC-1",0
"CAAGTTGGTACTCAAC-1",0
"CAAGTTGGTCAGGACA-1",1.64390993462428
"CAAGTTGGTCGGCACT-1",1.90132525334375
"CAAGTTGTCAACGAAA-1",2.72638265589467
"CAAGTTGTCACCACCT-1",1.81075940747296
"CAAGTTGTCATTGCCC-1",0
"CAAGTTGTCGAATCCA-1",0
"CAAGTTGTCTACTTAC-1",0
"CACAAACAGGGCTCTC-1",0
"CACAAACAGGGCTTGA-1",6.65752414895248
"CACAAACAGTGACATA-1",1.30768372708065
"CACAAACCAACTGCGC-1",0
"CACAAACCAATAAGCA-1",3.27134920009466
"CACAAACCAATCAGAA-1",1.89842446852378
"CACAAACCACTTAACG-1",1.65170237368734
"CACAAACCATGAACCT-1",0
"CACAAACCATGGTCAT-1",0
"CACAAACGTCAACTGT-1",0
"CACAAACGTCAGAATA-1",0
"CACAAACTCTTCGGTC-1",1.91205973214532
"CACAAACTCTTGGGTA-1",0
"CACACAAAGCGACGTA-1",0
"CACACAAAGGGAGTAA-1",3.62386461833735
"CACACAACAAACGTGG-1",0
"CACACAACACATGACT-1",1.73109612299393
"CACACAACATCGATTG-1",4.85730406878962
"CACACAACATTGGGCC-1",0
"CACACAAGTACGACCC-1",0
"CACACAAGTCAGTGGA-1",0
"CACACAAGTCATCGGC-1",1.52796870963328
"CACACAAGTTTACTCT-1",0
"CACACAATCCACGTGG-1",2.29944114250408
"CACACAATCCACGTTC-1",0
"CACACAATCGGCGCAT-1",4.96138492684985
"CACACCTAGAGACTAT-1",1.54254367760407
"CACACCTAGGACATTA-1",1.87235238324284
"CACACCTAGTGTGAAT-1",0
"CACACCTCACTGAAGG-1",0
"CACACCTCATAGGATA-1",7.52585675136313
"CACACCTCATAGTAAG-1",0
"CACACCTCATTGGGCC-1",0
"CACACCTGTACAGCAG-1",1.52796870963328
"CACACCTGTACCGCTG-1",1.93704846870536
"CACACCTGTCCAAGTT-1",2.12520704909252
"CACACCTGTGGACGAT-1",3.23104062509362
"CACACCTGTGGTCTCG-1",3.34578632156623
"CACACCTTCATGTCTT-1",1.60624557133513
"CACACCTTCTGGCGAC-1",1.64256384034015
"CACACTCAGGGAAACA-1",0
"CACACTCCAACACCTA-1",1.80225274494389
"CACACTCCAAGGGTCA-1",0
"CACACTCGTGACGCCT-1",0
"CACACTCGTTTGTGTG-1",0
"CACAGGCAGCCATCGC-1",1.68989523212849
"CACAGGCAGGGATGGG-1",0
"CACAGGCCAAGAGTCG-1",1.70299123288682
"CACAGGCCAATGGAGC-1",0
"CACAGGCGTCTAGGTT-1",1.86632271113697
"CACAGGCGTTACGCGC-1",1.33015808691142
"CACAGGCTCGGGAGTA-1",1.88172665405828
"CACAGGCTCTATGTGG-1",0
"CACAGTAAGACGCAAC-1",1.93704846870536
"CACAGTAAGACGCACA-1",1.81075940747296
"CACAGTAAGTGGGCTA-1",0
"CACAGTACAACTGGCC-1",0
"CACAGTACATCGGACC-1",0
"CACAGTAGTTCCATGA-1",1.00985418634354
"CACATAGAGCCCAATT-1",1.75323859068789
"CACATAGAGTGTACTC-1",0
"CACATAGCACTTCTGC-1",1.60624557133513
"CACATAGCAGGGTATG-1",1.73071383450644
"CACATAGTCCTTGCCA-1",0
"CACATAGTCGGCGCAT-1",1.38054700437752
"CACATTTAGCAGATCG-1",1.63687268336829
"CACATTTAGGGCACTA-1",0
"CACATTTCACGGCGTT-1",1.8803128665695
"CACATTTCATTACCTT-1",0
"CACATTTGTCGAACAG-1",2.45138897878499
"CACATTTGTGTTGAGG-1",0
"CACATTTTCCAGAGGA-1",5.0588372211241
"CACATTTTCCGCATCT-1",3.23104062509362
"CACATTTTCTACTATC-1",1.68989523212849
"CACATTTTCTGTGCAA-1",0
"CACCACTAGCCACGTC-1",1.58957753864035
"CACCACTAGTGGTAAT-1",1.7399468934154
"CACCACTAGTTACCCA-1",1.81807007627788
"CACCACTCAAGCCCAC-1",0
"CACCACTCAGTTCATG-1",0
"CACCACTGTTATTCTC-1",1.5724110491452
"CACCACTTCACCGGGT-1",0
"CACCACTTCGAATCCA-1",0
"CACCACTTCGACCAGC-1",1.51843218067683
"CACCACTTCTAACCGA-1",0
"CACCACTTCTTTAGTC-1",0
"CACCAGGCACATTAGC-1",1.00985418634354
"CACCAGGCACTGCCAG-1",1.87235238324284
"CACCAGGCATAAAGGT-1",1.42540873735213
"CACCAGGCATGAACCT-1",1.86770977587311
"CACCAGGGTGAAATCA-1",0
"CACCAGGGTGTTTGGT-1",1.81807007627788
"CACCAGGGTTATCACG-1",1.7575931396333
"CACCAGGTCATGTAGC-1",0
"CACCAGGTCTGCTTGC-1",1.81807007627788
"CACCTTGAGACTTGAA-1",0
"CACCTTGAGTCAATAG-1",9.24497286159023
"CACCTTGCAGGCGATA-1",0
"CACCTTGCATTCCTGC-1",0
"CACCTTGGTCATTAGC-1",1.39134050249977
"CACCTTGGTGATGTCT-1",1.5754438385365
"CACCTTGGTTATGTGC-1",1.38054700437752
"CACCTTGTCAACCATG-1",3.44349426233446
"CACCTTGTCATTATCC-1",8.6537163590741
"CACCTTGTCCAAAGTC-1",0
"CACCTTGTCTCACATT-1",3.4290417551693
"CACTCCAAGACAAGCC-1",0
"CACTCCAAGGTACTCT-1",1.68989523212849
"CACTCCACAATGGACG-1",2.09651480349671
"CACTCCAGTACATGTC-1",4.01622755467309
"CACTCCAGTTGTCGCG-1",0
"CACTCCATCAACACAC-1",1.81075940747296
"CACTCCATCCCAGGTG-1",4.09631045770385
"CAGAATCAGAAACCTA-1",0
"CAGAATCAGCCAACAG-1",1.16884662524313
"CAGAATCAGCTGGAAC-1",3.72970273666038
"CAGAATCAGGACTGGT-1",1.73071383450644
"CAGAATCAGTATCGAA-1",1.00985418634354
"CAGAATCCACAGAGGT-1",2.63337238748104
"CAGAATCCAGGGTACA-1",0
"CAGAATCGTAAGTGTA-1",0
"CAGAATCGTAATCACC-1",2.88080459910332
"CAGAATCTCAGTTTGG-1",0
"CAGAATCTCGCAAGCC-1",0
"CAGAATCTCGGTCCGA-1",0
"CAGAATCTCTTGCAAG-1",0
"CAGAATCTCTTGTACT-1",0
"CAGAGAGAGAATTGTG-1",1.69604849673951
"CAGAGAGAGCAATATG-1",0
"CAGAGAGCAAGAAGAG-1",1.81807007627788
"CAGAGAGCACCAGATT-1",1.72084710114249
"CAGAGAGGTAATCACC-1",3.62386461833735
"CAGAGAGGTAGCTGCC-1",0
"CAGAGAGGTAGGACAC-1",0
"CAGAGAGGTATAGGGC-1",1.76397536465063
"CAGAGAGGTCCGAATT-1",3.47235809681267
"CAGAGAGGTTGAGGTG-1",3.72970273666038
"CAGAGAGTCACCCGAG-1",5.75500700675938
"CAGAGAGTCATAACCG-1",6.181978503225
"CAGAGAGTCCGAACGC-1",0
"CAGAGAGTCTGGTATG-1",2.88080459910332
"CAGATCAAGAGACGAA-1",4.09948763167157
"CAGATCAAGCACCGTC-1",0
"CAGATCAAGCTTCGCG-1",1.90132525334375
"CAGATCAAGGATTCGG-1",5.75500700675938
"CAGATCAAGTGTACCT-1",1.74227429204333
"CAGATCAAGTTTAGGA-1",1.30768372708065
"CAGATCACAATAACGA-1",1.73109612299393
"CAGATCACACACCGAC-1",6.181978503225
"CAGATCACACGGTAAG-1",2.29944114250408
"CAGATCACACTCTGTC-1",0
"CAGATCACAGCATACT-1",0
"CAGATCACAGTGGGAT-1",0
"CAGATCAGTACCAGTT-1",1.88551008878341
"CAGATCAGTGCGGTAA-1",0
"CAGATCATCTGATTCT-1",0
"CAGCAGCAGATGCCAG-1",0
"CAGCAGCAGGGAACGG-1",0
"CAGCAGCCACCTATCC-1",4.89532703335458
"CAGCAGCCATCACAAC-1",0
"CAGCAGCTCAACACTG-1",0
"CAGCAGCTCGAACTGT-1",2.03053141664232
"CAGCAGCTCGCCGTGA-1",2.7146913981727
"CAGCATAAGAGACGAA-1",2.98187779365177
"CAGCATAGTCTAGGTT-1",4.71183533553106
"CAGCATAGTTTACTCT-1",4.90900548604893
"CAGCATATCACGAAGG-1",0
"CAGCATATCAGGCAAG-1",3.40179220403026
"CAGCATATCCTTAATC-1",1.33015808691142
"CAGCCGAAGCATCATC-1",5.56595218364006
"CAGCCGAAGTTTCCTT-1",1.86632271113697
"CAGCCGACACGTGAGA-1",4.09631045770385
"CAGCCGACATCAGTCA-1",1.81075940747296
"CAGCCGAGTGATGTCT-1",1.74227429204333
"CAGCCGATCACCAGGC-1",0
"CAGCCGATCCTCAATT-1",2.38930337767195
"CAGCGACAGAAACGCC-1",3.44978646120284
"CAGCGACAGCGTCAAG-1",0
"CAGCGACCAAACGTGG-1",4.3320984378137
"CAGCGACCAAAGCGGT-1",1.76357478287235
"CAGCGACCACGTCAGC-1",0
"CAGCGACCATGGGACA-1",3.61686163021904
"CAGCGACGTCTGATTG-1",0
"CAGCGACGTGGACGAT-1",0
"CAGCGACGTGGTTTCA-1",0
"CAGCGACGTTCGGCAC-1",5.70916254840416
"CAGCGACTCCGCAAGC-1",3.47235809681267
"CAGCGACTCTGGGCCA-1",1.82545566694945
"CAGCTAAAGATGTGTA-1",3.16796180010947
"CAGCTAAAGCAGACTG-1",0
"CAGCTAAAGCTGTTCA-1",0
"CAGCTAAAGGAGCGTT-1",1.73071383450644
"CAGCTAACACAGATTC-1",0
"CAGCTAACATCAGTAC-1",1.59269054257672
"CAGCTAAGTAATCGTC-1",0
"CAGCTAAGTCTCACCT-1",0
"CAGCTAAGTTCGTCTC-1",2.72638265589467
"CAGCTAATCCACGCAG-1",3.04576327731733
"CAGCTAATCCCTAACC-1",0
"CAGCTAATCTGGTTCC-1",4.78509451102069
"CAGCTAATCTTAGCCC-1",0
"CAGCTAATCTTCGGTC-1",0
"CAGCTGGAGACACTAA-1",0
"CAGCTGGAGATCCTGT-1",1.73878608352274
"CAGCTGGCACCAACCG-1",3.72970273666038
"CAGCTGGCAGTGGAGT-1",2.6702217429713
"CAGCTGGCATGCATGT-1",2.72638265589467
"CAGCTGGTCTACCTGC-1",4.96138492684985
"CAGGTGCAGAGACGAA-1",3.6826655170114
"CAGGTGCAGATCCTGT-1",4.26628118902865
"CAGGTGCAGGCATGTG-1",2.45138897878499
"CAGGTGCCAGGAACGT-1",0
"CAGGTGCCATAGTAAG-1",5.20262013152565
"CAGGTGCCATCGGAAG-1",0
"CAGGTGCTCAGTTGAC-1",1.74773507627559
"CAGGTGCTCCAAGTAC-1",4.87332019720924
"CAGGTGCTCTTGTATC-1",5.55308047117567
"CAGTAACAGATATGGT-1",1.93704846870536
"CAGTAACAGATGGCGT-1",0
"CAGTAACCAATCACAC-1",1.57089989302168
"CAGTAACCACTCGACG-1",1.42540873735213
"CAGTAACGTGATAAGT-1",0
"CAGTAACGTGCACCAC-1",4.18974579462561
"CAGTAACTCAGAGGTG-1",1.64256384034015
"CAGTAACTCGTACGGC-1",3.16796180010947
"CAGTAACTCGTGACAT-1",1.80225274494389
"CAGTAACTCTGCCAGG-1",0
"CAGTCCTAGAATCTCC-1",1.68989523212849
"CAGTCCTAGATCTGCT-1",1.63687268336829
"CAGTCCTCAGTATAAG-1",0
"CAGTCCTTCAACACGT-1",1.80309888769423
"CAGTCCTTCCATGAGT-1",1.81075940747296
"CAGTCCTTCCCGACTT-1",1.81075940747296
"CAGTCCTTCCCTTGTG-1",1.86632271113697
"CAGTCCTTCGAACGGA-1",2.99318756664407
"CAGTCCTTCGGTTCGG-1",2.35622996600174
"CAGTCCTTCTACTTAC-1",2.09651480349671
"CATATGGAGAGATGAG-1",0
"CATATGGAGGCATGGT-1",1.82545566694945
"CATATGGAGTATTGGA-1",1.5754438385365
"CATATGGCAAGCGTAG-1",3.23104062509362
"CATATGGGTCGCATAT-1",0
"CATATGGTCATTATCC-1",1.89842446852378
"CATATGGTCATTGCGA-1",0
"CATATTCCACCACCAG-1",0
"CATATTCGTGACTACT-1",0
"CATATTCGTGGTACAG-1",1.91501447476243
"CATATTCGTGTGACGA-1",1.84358453709264
"CATATTCTCACAGGCC-1",1.59581825460255
"CATATTCTCGCAAACT-1",4.88806011015743
"CATCAAGAGAACTCGG-1",1.79929908775394
"CATCAAGAGATGGCGT-1",1.91501447476243
"CATCAAGAGCCGCCTA-1",1.62858967852153
"CATCAAGCACGAAACG-1",1.5754438385365
"CATCAAGCAGCCTTTC-1",0
"CATCAAGCATGGAATA-1",0
"CATCAAGGTTACTGAC-1",2.03053141664232
"CATCAAGGTTCCATGA-1",0
"CATCAAGTCTAAGCCA-1",3.64912789130643
"CATCAAGTCTGACCTC-1",2.35622996600174
"CATCAGAAGCTAGTCT-1",0
"CATCAGACAAGCCATT-1",0
"CATCAGACAATGACCT-1",2.4095811393746
"CATCAGACACGGCCAT-1",0
"CATCAGACAGACAGGT-1",0
"CATCAGACATAACCTG-1",0
"CATCAGAGTAATTGGA-1",1.75323859068789
"CATCAGAGTACATGTC-1",3.64943542925208
"CATCAGAGTGTTAAGA-1",1.90132525334375
"CATCAGAGTTCAACCA-1",0
"CATCAGATCGTTGACA-1",0
"CATCCACGTAAAGTCA-1",1.35974347987893
"CATCCACGTACCGTAT-1",1.33015808691142
"CATCCACGTGCCTGTG-1",0
"CATCCACGTTTAAGCC-1",3.12836499320188
"CATCGAAAGAGTACAT-1",0
"CATCGAAAGCTGTCTA-1",0
"CATCGAACAAGAGGCT-1",4.2676486525349
"CATCGAACAAGCTGAG-1",0
"CATCGAACACATTTCT-1",3.38825194973156
"CATCGAACATAAAGGT-1",1.5754438385365
"CATCGAAGTAGTACCT-1",2.98412185742998
"CATCGAAGTCCGACGT-1",0
"CATCGAAGTGCACTTA-1",3.27134920009466
"CATCGAATCAAACCAC-1",1.86632271113697
"CATCGAATCCGCGGTA-1",1.86863594734354
"CATCGAATCCGTAGTA-1",0
"CATCGGGAGAAGCCCA-1",0
"CATCGGGAGCGAGAAA-1",1.765178472664
"CATCGGGAGGGTGTGT-1",2.98412185742998
"CATCGGGAGGTGTTAA-1",0
"CATCGGGAGTGACTCT-1",0
"CATCGGGCACTCAGGC-1",5.56595218364006
"CATCGGGCAGACGCTC-1",2.38930337767195
"CATCGGGCATCACAAC-1",7.62171392211218
"CATCGGGGTCCTCTTG-1",0
"CATCGGGGTGAGGGAG-1",5.03721838320926
"CATCGGGGTTCGAATC-1",1.90132525334375
"CATCGGGTCAGGATCT-1",1.81075940747296
"CATCGGGTCCACGAAT-1",2.3997154407563
"CATCGGGTCGATGAGG-1",4.26628118902865
"CATGACAAGACCACGA-1",1.64390993462428
"CATGACAAGCTCCTCT-1",5.75500700675938
"CATGACAAGTAACCCT-1",2.99318756664407
"CATGACAAGTATCTCG-1",0
"CATGACAGTCGTCTTC-1",2.4095811393746
"CATGACAGTGAACCTT-1",0
"CATGACATCAATAAGG-1",2.2043674648486
"CATGACATCTAACTGG-1",0
"CATGCCTAGACCTAGG-1",1.80309888769423
"CATGCCTAGAGTCTGG-1",0
"CATGCCTCACCACCAG-1",0
"CATGCCTGTCAAAGCG-1",0
"CATGCCTGTCGATTGT-1",0
"CATGCCTTCCACGACG-1",1.59269054257672
"CATGCCTTCCTCATTA-1",3.72531119115092
"CATGCCTTCGCATGAT-1",0
"CATGGCGAGAGCTGGT-1",1.31580984694107
"CATGGCGAGTACGACG-1",0
"CATGGCGTCCAAAGTC-1",4.37874373418384
"CATGGCGTCCCTTGTG-1",1.81807007627788
"CATGGCGTCGGCCGAT-1",4.17569388946444
"CATGGCGTCTCAAACG-1",1.81075940747296
"CATGGCGTCTGCCCTA-1",4.0325919816633
"CATTATCAGACCCACC-1",0
"CATTATCAGTCCCACG-1",2.09651480349671
"CATTATCCAAGTCTGT-1",0
"CATTATCCAGGGCATA-1",4.95664196439763
"CATTATCGTCAATGTC-1",0
"CATTATCTCACAAACC-1",1.86632271113697
"CATTATCTCAGATAAG-1",3.04576327731733
"CATTATCTCGCGTTTC-1",0
"CATTATCTCGTTGCCT-1",0
"CATTATCTCTATCCCG-1",3.62386461833735
"CATTATCTCTTAACCT-1",1.81075940747296
"CATTCGCAGGTGCTAG-1",4.88806011015743
"CATTCGCCAAGGGTCA-1",3.16176660806251
"CATTCGCCAGCCTATA-1",1.88172665405828
"CATTCGCCATACAGCT-1",4.29379439767077
"CATTCGCCATGGATGG-1",0
"CATTCGCCATGTCTCC-1",0
"CATTCGCCATTCACTT-1",0
"CATTCGCGTAGCACGA-1",1.81807007627788
"CATTCGCTCATCACCC-1",1.70299123288682
"CCAATCCAGACCACGA-1",0
"CCAATCCAGATATGGT-1",2.99318756664407
"CCAATCCAGTCGAGTG-1",0
"CCAATCCAGTCGTTTG-1",1.78306268190063
"CCAATCCAGTTTAGGA-1",2.45138897878499
"CCAATCCCAAGCGAGT-1",4.89532703335458
"CCAATCCTCGGACAAG-1",0
"CCACCTAAGGATGGTC-1",0
"CCACCTAAGTCGAGTG-1",2.0421170844929
"CCACCTAAGTGGGATC-1",1.7575931396333
"CCACCTAAGTGTGGCA-1",0
"CCACCTACAACAACCT-1",0
"CCACCTACAAGCCGCT-1",1.81807007627788
"CCACCTACAATCTACG-1",0
"CCACCTAGTAGTACCT-1",1.81075940747296
"CCACCTAGTCGCGTGT-1",1.80225274494389
"CCACCTAGTGGGTCAA-1",2.29944114250408
"CCACCTATCAGTTGAC-1",2.38930337767195
"CCACCTATCTGATACG-1",0
"CCACGGAAGGGAACGG-1",0
"CCACGGACATGTCGAT-1",0
"CCACGGAGTAAGGGCT-1",0
"CCACGGAGTCAGATAA-1",1.64256384034015
"CCACGGAGTCCGTGAC-1",0
"CCACGGAGTGTAATGA-1",1.74227429204333
"CCACGGAGTTCTGAAC-1",0
"CCACGGATCACATAGC-1",1.93704846870536
"CCACGGATCCACGTGG-1",3.38825194973156
"CCACGGATCTACTATC-1",0
"CCACGGATCTAGAGTC-1",0
"CCACTACAGAGTACCG-1",1.73071383450644
"CCACTACAGCTTTGGT-1",3.62386461833735
"CCACTACCAGCAGTTT-1",2.7146913981727
"CCACTACCAGTAGAGC-1",1.89842446852378
"CCACTACGTCCGAATT-1",4.89532703335458
"CCACTACGTCTCAACA-1",0
"CCACTACGTGACAAAT-1",0
"CCACTACGTGACCAAG-1",0
"CCACTACGTGCACGAA-1",2.39426682179279
"CCACTACTCACTCTTA-1",1.73071383450644
"CCACTACTCCGCATCT-1",3.39764972990924
"CCACTACTCGGAAATA-1",1.65683308016806
"CCACTACTCTCGTATT-1",1.89842446852378
"CCACTACTCTCGTTTA-1",4.96138492684985
"CCAGCGAAGCCCAACC-1",1.88172665405828
"CCAGCGACATCGGGTC-1",2.73325456317782
"CCAGCGACATGTCCTC-1",1.68989523212849
"CCAGCGAGTAGGCATG-1",0
"CCAGCGAGTCCGTTAA-1",1.60624557133513
"CCAGCGATCAGAAATG-1",8.80416863101099
"CCATGTCAGCGATCCC-1",3.33280702350648
"CCATGTCAGGTCGGAT-1",0
"CCATGTCAGGTTACCT-1",3.0774599449568
"CCATGTCCAAGCTGGA-1",4.89532703335458
"CCATGTCCACATCCGG-1",1.73071383450644
"CCATGTCGTCCAGTAT-1",3.72531119115092
"CCATGTCTCCAAGTAC-1",2.09651480349671
"CCATGTCTCTTGTATC-1",3.23104062509362
"CCATTCGCAGTACACT-1",1.00985418634354
"CCATTCGCAGTTTACG-1",1.89842446852378
"CCATTCGGTAATCGTC-1",1.73071383450644
"CCATTCGGTATTACCG-1",0
"CCCAATCAGTCACGCC-1",3.64912789130643
"CCCAATCCAGGTGGAT-1",3.38279849668128
"CCCAATCGTGAAGGCT-1",1.59269054257672
"CCCAATCGTTGGAGGT-1",0
"CCCAATCTCACATGCA-1",0
"CCCAATCTCCAGTATG-1",1.7575931396333
"CCCAATCTCGGAGCAA-1",5.0588372211241
"CCCAGTTAGAATAGGG-1",1.72084710114249
"CCCAGTTAGATCCCGC-1",6.11148834079481
"CCCAGTTAGCGTGAAC-1",1.74227429204333
"CCCAGTTAGGAATCGC-1",4.3927242482931
"CCCAGTTAGTCCGGTC-1",0
"CCCAGTTAGTTTGCGT-1",2.45138897878499
"CCCAGTTGTACATGTC-1",1.56041831239381
"CCCAGTTGTCTGCAAT-1",1.29967099461141
"CCCAGTTTCTGAAAGA-1",1.42540873735213
"CCCATACAGGGTTCCC-1",2.29944114250408
"CCCATACAGTGTTTGC-1",0
"CCCATACCAAAGGTGC-1",1.89842446852378
"CCCATACCAACACCCG-1",1.88172665405828
"CCCATACCAGCAGTTT-1",1.88172665405828
"CCCATACGTATTACCG-1",0
"CCCATACGTCAATACC-1",5.28306027669149
"CCCATACGTCTAGTCA-1",4.96138492684985
"CCCATACGTTGAGTTC-1",0
"CCCATACTCAATAAGG-1",4.22130958632143
"CCCATACTCAGCGACC-1",1.70299123288682
"CCCATACTCATCACCC-1",0
"CCCATACTCCGTAGGC-1",0
"CCCTCCTAGGAATCGC-1",0
"CCCTCCTCAGCTTAAC-1",1.52796870963328
"CCCTCCTCATATGAGA-1",1.51843218067683
"CCCTCCTCATCACGTA-1",0
"CCCTCCTGTATGGTTC-1",2.87238469307232
"CCCTCCTGTTAGATGA-1",3.6826655170114
"CCCTCCTTCAATCACG-1",0
"CCCTCCTTCCGCAGTG-1",3.39764972990924
"CCGGGATAGCTTCGCG-1",2.07065390954384
"CCGGGATAGGCGACAT-1",1.76397536465063
"CCGGGATAGGCTAGGT-1",0
"CCGGGATCACAGTCGC-1",1.53678872974404
"CCGGGATGTATAGGTA-1",0
"CCGGGATTCAGAGCTT-1",0
"CCGGGATTCGCTAGCG-1",3.72970273666038
"CCGGGATTCGCTTGTC-1",1.79929908775394
"CCGGTAGAGCGTCTAT-1",1.73071383450644
"CCGGTAGAGTACGCCC-1",2.34293638851761
"CCGGTAGCACATAACC-1",8.6537163590741
"CCGGTAGCACGCATCG-1",0
"CCGGTAGGTACTTCTT-1",1.86770977587311
"CCGGTAGGTCAAACTC-1",2.76809953575153
"CCGGTAGTCGTCCGTT-1",0
"CCGTACTAGAGAACAG-1",0
"CCGTACTAGTCCGTAT-1",0
"CCGTACTCAAGCCCAC-1",0
"CCGTACTCAAGCGAGT-1",1.91501447476243
"CCGTACTCATCCCACT-1",2.29944114250408
"CCGTACTGTACAGCAG-1",0
"CCGTACTGTGCGGTAA-1",4.04255087148021
"CCGTACTTCGTTACAG-1",0
"CCGTGGAAGACGCACA-1",1.58957753864035
"CCGTGGAAGAGTTGGC-1",3.94308279035034
"CCGTGGAAGGTGATAT-1",3.74696040639174
"CCGTGGAAGGTTCCTA-1",0
"CCGTGGACAGCCTTGG-1",0
"CCGTGGAGTTCCATGA-1",0
"CCGTGGATCTAACTTC-1",1.76397536465063
"CCGTTCAAGCGTAATA-1",5.97483593489831
"CCGTTCAAGTACGATA-1",7.87614826627175
"CCGTTCAAGTAGATGT-1",0
"CCGTTCACAGGATCGA-1",3.37086397056486
"CCGTTCAGTATAGGGC-1",3.04346413467669
"CCGTTCAGTCGCGAAA-1",0
"CCGTTCATCGTACCGG-1",1.80309888769423
"CCTAAAGAGAGTTGGC-1",0
"CCTAAAGCAAACCTAC-1",1.81807007627788
"CCTAAAGCATGTCTCC-1",1.89842446852378
"CCTAAAGGTACTCAAC-1",2.87238469307232
"CCTAAAGGTCGGCACT-1",5.62395248458219
"CCTAAAGGTGTAATGA-1",2.73325456317782
"CCTAAAGTCACCGTAA-1",1.82545566694945
"CCTAAAGTCAGCGATT-1",0
"CCTAAAGTCGGCGCTA-1",0
"CCTAAAGTCGGTCCGA-1",3.64943542925208
"CCTACACAGGACCACA-1",3.38279849668128
"CCTACACAGGGTGTTG-1",1.65102120092132
"CCTACACCAGTAAGAT-1",2.45138897878499
"CCTACACGTATAGTAG-1",0
"CCTACACGTCCGAACC-1",0
"CCTACACGTGGGTCAA-1",0
"CCTACACGTTTGACTG-1",1.74227429204333
"CCTACACTCGGCGCTA-1",3.62386461833735
"CCTACACTCGTGACAT-1",1.31620919023433
"CCTACCAAGATAGGAG-1",8.80416863101099
"CCTACCAAGCAAATCA-1",0
"CCTACCAAGCGTAGTG-1",3.72531119115092
"CCTACCAAGTGCGATG-1",0
"CCTACCAGTATCAGTC-1",2.38930337767195
"CCTACCAGTCTCTCTG-1",1.8498800654113
"CCTACCAGTCTTTCAT-1",0
"CCTACCATCAGCACAT-1",1.4518903455172
"CCTACCATCGCCAGCA-1",0
"CCTAGCTAGCAAATCA-1",4.46014171632264
"CCTAGCTAGCTCCTCT-1",4.89532703335458
"CCTAGCTAGGTTACCT-1",0
"CCTAGCTAGTACGCGA-1",0
"CCTAGCTCAATGAATG-1",0
"CCTAGCTCAATGGTCT-1",0
"CCTAGCTCACATCCAA-1",0
"CCTAGCTCAGCCAGAA-1",1.91501447476243
"CCTAGCTGTAGAAAGG-1",3.34578632156623
"CCTAGCTGTCACCCAG-1",1.93704846870536
"CCTAGCTGTCTGATTG-1",0
"CCTAGCTTCACGATGT-1",0
"CCTAGCTTCGTAGGAG-1",0
"CCTATTAAGAATTCCC-1",0
"CCTATTAAGCAGGCTA-1",1.30768372708065
"CCTATTAAGCAGGTCA-1",4.89532703335458
"CCTATTAAGGGAGTAA-1",0
"CCTATTAAGGTAGCCA-1",0
"CCTATTACACAACTGT-1",5.97483593489831
"CCTATTACACATCCGG-1",1.90132525334375
"CCTATTAGTCAATACC-1",1.81807007627788
"CCTATTATCATCACCC-1",4.60079892218529
"CCTATTATCTGCGACG-1",0
"CCTCAGTAGCTAACTC-1",2.09651480349671
"CCTCAGTCAGGTGGAT-1",1.82545566694945
"CCTCAGTGTCCATCCT-1",4.41792500398979
"CCTCAGTGTCCGACGT-1",4.73464582030799
"CCTCAGTGTCTTGTCC-1",5.97483593489831
"CCTCAGTGTGGGTATG-1",0
"CCTCTGAAGTATCGAA-1",0
"CCTCTGAAGTGGGTTG-1",0
"CCTCTGACAAGCTGTT-1",3.4290417551693
"CCTCTGACACCGATAT-1",1.30768372708065
"CCTCTGACAGATGAGC-1",3.33901862140885
"CCTCTGAGTCAATACC-1",3.74696040639174
"CCTCTGAGTCCGAACC-1",7.52585675136313
"CCTCTGAGTCGTGGCT-1",1.80225274494389
"CCTCTGAGTCTGATTG-1",0
"CCTTACGCAAGCGTAG-1",1.65683308016806
"CCTTACGCACCAACCG-1",5.75500700675938
"CCTTACGGTCATCCCT-1",2.29944114250408
"CCTTACGGTCCTCTTG-1",2.4095811393746
"CCTTACGTCACAACGT-1",0
"CCTTACGTCATCTGCC-1",2.79070949849969
"CCTTACGTCGGAGGTA-1",0
"CCTTCCCAGAGACTAT-1",0
"CCTTCCCAGCTAGGCA-1",0
"CCTTCCCAGGACGAAA-1",0
"CCTTCCCAGGGCATGT-1",0
"CCTTCCCAGGTACTCT-1",0
"CCTTCCCCATGATCCA-1",2.4095811393746
"CCTTCCCTCAAGGCTT-1",1.42781341849908
"CCTTCCCTCTATCCTA-1",0
"CCTTCCCTCTATCGCC-1",0
"CCTTCGAAGGCGCTCT-1",3.40657766207551
"CCTTCGACAACACCCG-1",1.74227429204333
"CCTTCGACAGCGATCC-1",3.33163257152217
"CCTTCGAGTAAGCACG-1",2.45138897878499
"CCTTCGAGTCCATGAT-1",5.97483593489831
"CCTTCGAGTGTGACCC-1",0
"CCTTCGAGTTGGTGGA-1",0
"CCTTCGATCACAGTAC-1",0
"CCTTCGATCCTATGTT-1",2.73325456317782
"CCTTCGATCGCACTCT-1",4.37874373418384
"CCTTTCTAGACGCTTT-1",0
"CCTTTCTAGGGCACTA-1",1.73071383450644
"CCTTTCTAGTGGAGTC-1",1.7399468934154
"CCTTTCTCAGACAAGC-1",0
"CCTTTCTCATCACGAT-1",0
"CCTTTCTCATGCCCGA-1",1.58957753864035
"CCTTTCTTCCCACTTG-1",0
"CCTTTCTTCTTTACGT-1",3.4290417551693
"CGAACATCACATGACT-1",0
"CGAACATCACTTGGAT-1",2.39426682179279
"CGAACATCAGTCCTTC-1",4.85730406878962
"CGAACATGTCTGATTG-1",0
"CGAACATGTGCTGTAT-1",0
"CGAACATTCTCAAACG-1",0
"CGAATGTAGAGGTTAT-1",4.17569388946444
"CGAATGTAGCGATAGC-1",4.04255087148021
"CGAATGTAGTTCGCAT-1",1.19117650313969
"CGAATGTCAATGCCAT-1",2.09651480349671
"CGAATGTGTCTAGTCA-1",0
"CGAATGTGTCTCACCT-1",0
"CGAATGTTCAACACAC-1",1.84358453709264
"CGAATGTTCATCACCC-1",2.98412185742998
"CGAATGTTCTGTACGA-1",0
"CGACCTTAGCTACCGC-1",1.74227429204333
"CGACCTTAGCTAGTCT-1",1.78306268190063
"CGACCTTCAAAGTGCG-1",1.16884662524313
"CGACCTTCACGAAATA-1",0
"CGACCTTGTAAGTGTA-1",1.19117650313969
"CGACCTTGTCAGAATA-1",0
"CGACCTTGTCTCCCTA-1",1.72084710114249
"CGACCTTGTCTCTTAT-1",1.88172665405828
"CGACCTTTCCGCGTTT-1",0
"CGACCTTTCGTTTATC-1",1.64390993462428
"CGACCTTTCTCCAGGG-1",4.64282488392637
"CGACTTCAGACACGAC-1",0
"CGACTTCAGGTAGCCA-1",1.76397536465063
"CGACTTCAGTCTTGCA-1",3.64912789130643
"CGACTTCCAATGGACG-1",4.89532703335458
"CGACTTCGTGGTGTAG-1",2.72638265589467
"CGACTTCGTTGAGTTC-1",1.38054700437752
"CGACTTCTCACTTACT-1",0
"CGACTTCTCTCGCTTG-1",0
"CGAGAAGAGAAACGCC-1",1.91255137370802
"CGAGAAGAGCCAACAG-1",0
"CGAGAAGAGCGTGTCC-1",0
"CGAGAAGCAAGTTCTG-1",1.59269054257672
"CGAGAAGCACATCCGG-1",0
"CGAGAAGCAGGCTGAA-1",0
"CGAGAAGTCGGATGGA-1",0
"CGAGCACAGCCAGAAC-1",1.70299123288682
"CGAGCACCACATGTGT-1",0
"CGAGCACGTAGCGTCC-1",1.64256384034015
"CGAGCACGTAGCGTGA-1",0
"CGAGCACGTCAGATAA-1",3.17378086352712
"CGAGCACGTGCCTTGG-1",0
"CGAGCACTCCCGGATG-1",1.86632271113697
"CGAGCACTCCGCTGTT-1",0
"CGAGCACTCGTGACAT-1",0
"CGAGCCAAGCTAGCCC-1",2.09651480349671
"CGAGCCAGTATATCCG-1",0
"CGAGCCAGTCAAGCGA-1",1.64256384034015
"CGATCGGAGAGCCTAG-1",0
"CGATCGGAGTACGATA-1",2.0421170844929
"CGATCGGCAAACGCGA-1",3.10859489867926
"CGATCGGCAAGCGATG-1",9.24497286159023
"CGATCGGCAATACGCT-1",0
"CGATCGGCAGTTAACC-1",2.87238469307232
"CGATCGGCATACTCTT-1",0
"CGATCGGGTCGACTGC-1",0
"CGATCGGTCAACGGGA-1",3.62386461833735
"CGATCGGTCTAGCACA-1",0
"CGATGGCAGCCGTCGT-1",3.16796180010947
"CGATGGCAGTCCAGGA-1",2.67131361394878
"CGATGGCCACTTAACG-1",1.69604849673951
"CGATGGCCAGCGTAAG-1",0
"CGATGGCCATCATCCC-1",0
"CGATGGCTCCTAGAAC-1",1.76397536465063
"CGATGGCTCGCTAGCG-1",0
"CGATGGCTCTGACCTC-1",0
"CGATGTAAGGCAATTA-1",0
"CGATGTAAGTTTGCGT-1",0
"CGATGTACACAGGCCT-1",0
"CGATGTACAGGTCTCG-1",0
"CGATGTAGTCCAGTGC-1",7.62171392211218
"CGATGTAGTCTAGGTT-1",1.68989523212849
"CGATGTAGTGTGCCTG-1",0
"CGATGTAGTTTGCATG-1",1.81075940747296
"CGATTGAAGATGTGGC-1",3.38825194973156
"CGATTGACAGACGCAA-1",0
"CGATTGAGTATGGTTC-1",4.41792500398979
"CGATTGAGTTCAGACT-1",0
"CGATTGATCATGGTCA-1",2.3997154407563
"CGATTGATCTGCGGCA-1",0
"CGCCAAGAGAATGTTG-1",1.86632271113697
"CGCCAAGAGACCTTTG-1",3.4290417551693
"CGCCAAGAGATCGGGT-1",0
"CGCCAAGAGATCTGAA-1",0
"CGCCAAGAGCGTGTCC-1",1.68989523212849
"CGCCAAGGTCTAGGTT-1",0
"CGCCAAGTCAGGATCT-1",4.41792500398979
"CGCCAAGTCCACTCCA-1",0
"CGCCAAGTCTTGTTTG-1",2.29944114250408
"CGCGGTAAGCTAGCCC-1",1.81075940747296
"CGCGGTAAGGGTTCCC-1",2.2043674648486
"CGCGGTACAAACTGCT-1",2.0421170844929
"CGCGGTACAATGGAAT-1",1.52796870963328
"CGCGGTACAGCTGTTA-1",0
"CGCGGTAGTCAAGCGA-1",1.90132525334375
"CGCGGTAGTGAGGCTA-1",0
"CGCGGTAGTTTGCATG-1",1.78306268190063
"CGCGTTTAGTTATCGC-1",1.64390993462428
"CGCGTTTCAACAACCT-1",0
"CGCGTTTCAAGCGAGT-1",1.40140761631585
"CGCGTTTCAATGGACG-1",1.80309888769423
"CGCGTTTCACGGTGTC-1",0
"CGCGTTTGTGCTGTAT-1",1.58926704261798
"CGCGTTTGTGGACGAT-1",1.49492693042676
"CGCGTTTTCAAACCGT-1",1.75323859068789
"CGCGTTTTCAGCCTAA-1",3.39764972990924
"CGCGTTTTCCTATGTT-1",0
"CGCGTTTTCGTGGTCG-1",0
"CGCTATCAGAAACCGC-1",1.96132437873694
"CGCTATCAGTCATCCA-1",5.0588372211241
"CGCTATCCAAGCGAGT-1",5.62395248458219
"CGCTATCCAGTCGATT-1",0
"CGCTATCCATCGACGC-1",0
"CGCTATCCATTTCAGG-1",3.04576327731733
"CGCTATCGTACCGAGA-1",0
"CGCTATCGTTCGAATC-1",0
"CGCTATCGTTTCGCTC-1",2.99318756664407
"CGCTATCTCGTTACAG-1",0
"CGCTGGAAGGACATTA-1",0
"CGCTGGAAGGGCACTA-1",0
"CGCTGGAAGGTGATAT-1",1.80309888769423
"CGCTGGACAGACTCGC-1",6.181978503225
"CGCTGGAGTGTAATGA-1",1.74227429204333
"CGCTGGAGTTCTGGTA-1",1.69604849673951
"CGCTGGATCCGAAGAG-1",0
"CGCTGGATCCGTTGCT-1",1.74227429204333
"CGCTGGATCGTAGGAG-1",0
"CGCTGGATCGTTACAG-1",0
"CGCTTCAAGAAGGGTA-1",6.65752414895248
"CGCTTCAAGGTCGGAT-1",5.66143869391403
"CGCTTCACACGGTGTC-1",0
"CGCTTCACAGACAAGC-1",3.04576327731733
"CGCTTCACATCACCCT-1",0
"CGCTTCAGTCGCGGTT-1",0
"CGCTTCATCTTAGAGC-1",2.63337238748104
"CGGACACAGCGATATA-1",1.91205973214532
"CGGACACAGCGATGAC-1",4.09631045770385
"CGGACACAGCTTCGCG-1",1.75323859068789
"CGGACACAGGTAAACT-1",1.96132437873694
"CGGACACAGTAGCCGA-1",1.96132437873694
"CGGACACCACAGGAGT-1",1.86863594734354
"CGGACACCATTCACTT-1",1.63687268336829
"CGGACACGTGAGCGAT-1",2.03053141664232
"CGGACACGTGCTCTTC-1",2.35622996600174
"CGGACACGTGTGACCC-1",3.72531119115092
"CGGACGTAGGTTACCT-1",4.60079892218529
"CGGACGTCATGGGACA-1",1.16884662524313
"CGGACGTGTGAAAGAG-1",0
"CGGACGTGTTGGTAAA-1",0
"CGGACGTTCATGTGGT-1",0
"CGGACGTTCTGTCCGT-1",0
"CGGACTGAGGAGCGAG-1",4.41792500398979
"CGGACTGAGGAGTCTG-1",4.85730406878962
"CGGACTGAGTGGTAGC-1",7.62171392211218
"CGGACTGCAACTTGAC-1",0
"CGGACTGCAATGACCT-1",0
"CGGACTGCACAACGTT-1",8.6537163590741
"CGGACTGCACGCCAGT-1",0
"CGGACTGCAGTATGCT-1",6.181978503225
"CGGACTGGTAAAGGAG-1",1.80309888769423
"CGGACTGGTATAAACG-1",1.74812676048036
"CGGACTGGTGTAAGTA-1",3.16176660806251
"CGGACTGGTGTGGTTT-1",1.64256384034015
"CGGACTGGTTGACGTT-1",0
"CGGACTGTCCATGCTC-1",1.59581825460255
"CGGACTGTCCGTCAAA-1",0
"CGGACTGTCGTTTGCC-1",1.70299123288682
"CGGAGCTAGTTTAGGA-1",1.82545566694945
"CGGAGCTGTAGAAAGG-1",1.40140761631585
"CGGAGCTTCACTTATC-1",1.35974347987893
"CGGAGCTTCATGTAGC-1",0
"CGGAGCTTCCACGAAT-1",0
"CGGAGTCAGTGCGATG-1",1.49492693042676
"CGGAGTCAGTGTGAAT-1",0
"CGGAGTCCAGTGGGAT-1",3.16796180010947
"CGGAGTCCATTATCTC-1",0
"CGGAGTCGTAGCTGCC-1",1.96132437873694
"CGGAGTCGTGTTCGAT-1",0
"CGGAGTCTCCCAGGTG-1",3.38279849668128
"CGGAGTCTCCGTAGTA-1",1.7575931396333
"CGGCTAGAGAAACGCC-1",1.68989523212849
"CGGCTAGAGCACCGTC-1",0
"CGGCTAGAGCTAAACA-1",2.07917908596773
"CGGCTAGCAGACAAAT-1",3.62386461833735
"CGGCTAGGTAACGCGA-1",1.93704846870536
"CGGCTAGGTTCATGGT-1",1.82545566694945
"CGGCTAGTCAAAGACA-1",1.78306268190063
"CGGCTAGTCGTGGGAA-1",3.72970273666038
"CGGCTAGTCTTGTTTG-1",3.38279849668128
"CGGGTCAAGAGTCGGT-1",0
"CGGGTCAAGCACACAG-1",0
"CGGGTCAAGCTAACTC-1",2.45138897878499
"CGGGTCAAGGACACCA-1",2.39426682179279
"CGGGTCAAGTATGACA-1",0
"CGGGTCACAATGACCT-1",3.0774599449568
"CGGGTCACACCGAAAG-1",3.39764972990924
"CGGGTCACAGCCACCA-1",2.12520704909252
"CGGGTCACATACAGCT-1",1.86632271113697
"CGGGTCACATCCTTGC-1",1.68989523212849
"CGGGTCAGTAGCGCTC-1",3.38050789617793
"CGGGTCAGTCGATTGT-1",3.64943542925208
"CGGGTCAGTGCAACTT-1",1.75323859068789
"CGGGTCAGTTGTTTGG-1",4.09631045770385
"CGGGTCATCAACACCA-1",0
"CGGGTCATCACCTTAT-1",4.91819737071142
"CGGGTCATCCACGACG-1",0
"CGGTTAACAGGACCCT-1",1.765178472664
"CGGTTAACATGTCCTC-1",2.07065390954384
"CGGTTAACATTCCTGC-1",0
"CGGTTAAGTCGACTGC-1",0
"CGGTTAATCCGGCACA-1",4.85730406878962
"CGGTTAATCCTTTCGG-1",0
"CGGTTAATCTTATCTG-1",3.16176660806251
"CGTAGCGAGATGTAAC-1",0
"CGTAGCGAGGCAATTA-1",2.98412185742998
"CGTAGCGCAAGCGCTC-1",0
"CGTAGCGTCCAACCAA-1",1.64256384034015
"CGTAGCGTCGGCGGTT-1",1.74227429204333
"CGTAGGCAGGGCTCTC-1",1.765178472664
"CGTAGGCCAAGCGATG-1",3.38050789617793
"CGTAGGCCACTAAGTC-1",1.79719676565528
"CGTAGGCCAGAGTGTG-1",8.87764738743565
"CGTAGGCCATCCCATC-1",0
"CGTAGGCGTATTAGCC-1",1.74773507627559
"CGTAGGCGTCAATACC-1",1.89842446852378
"CGTAGGCGTGGCGAAT-1",3.61686163021904
"CGTAGGCTCCAGAAGG-1",1.89842446852378
"CGTCACTAGTCATGCT-1",2.34293638851761
"CGTCACTCAAAGCGGT-1",3.64912789130643
"CGTCACTCAGGTCCAC-1",1.82545566694945
"CGTCACTCAGTCACTA-1",0
"CGTCACTTCCTTGACC-1",1.81807007627788
"CGTCACTTCGGTGTTA-1",2.29944114250408
"CGTCACTTCTGTGCAA-1",0
"CGTCACTTCTTGAGAC-1",2.92609061192788
"CGTCAGGAGCTGTTCA-1",0
"CGTCAGGCAAAGCAAT-1",0
"CGTCAGGCAAAGCGGT-1",1.42540873735213
"CGTCAGGCAACACGCC-1",2.09651480349671
"CGTCAGGCATCCGCGA-1",0
"CGTCAGGGTCAGCTAT-1",0
"CGTCAGGGTCGTTGTA-1",3.44349426233446
"CGTCAGGGTGTAAGTA-1",1.7575931396333
"CGTCAGGTCCACTGGG-1",1.56041831239381
"CGTCAGGTCGACAGCC-1",2.72638265589467
"CGTCAGGTCGGGAGTA-1",3.38050789617793
"CGTCCATAGACCACGA-1",0
"CGTCCATAGCGATTCT-1",1.56041831239381
"CGTCCATAGGCTATCT-1",0
"CGTCCATAGTCTCAAC-1",0
"CGTCCATCACGACTCG-1",2.09651480349671
"CGTCCATCATTCACTT-1",3.38279849668128
"CGTCCATGTCTAGCGC-1",4.84565921957333
"CGTCCATGTGATAAAC-1",0
"CGTCCATGTTTGGGCC-1",0
"CGTCCATGTTTGTGTG-1",0
"CGTCCATTCAACACCA-1",0
"CGTCCATTCATTCACT-1",4.95664196439763
"CGTCTACAGTGCGTGA-1",2.98412185742998
"CGTCTACGTAGTAGTA-1",0
"CGTCTACTCGAGCCCA-1",3.64943542925208
"CGTCTACTCGCCATAA-1",1.81075940747296
"CGTCTACTCGGCCGAT-1",1.29967099461141
"CGTCTACTCGTCCAGG-1",4.66773711478982
"CGTGAGCAGATCTGAA-1",1.5754438385365
"CGTGAGCAGCAATCTC-1",3.44349426233446
"CGTGAGCAGCGGATCA-1",0
"CGTGAGCAGCTAGTGG-1",0
"CGTGAGCAGCTTCGCG-1",0
"CGTGAGCAGGGCACTA-1",1.87235238324284
"CGTGAGCAGGGTGTGT-1",4.04255087148021
"CGTGAGCAGTGGAGAA-1",1.42540873735213
"CGTGAGCCAAGCCGCT-1",1.59581825460255
"CGTGAGCCACGTAAGG-1",1.65170237368734
"CGTGAGCCATACGCCG-1",3.72970273666038
"CGTGAGCGTAGATTAG-1",0
"CGTGAGCGTCTCTTAT-1",1.58926704261798
"CGTGAGCTCACAAACC-1",0
"CGTGAGCTCCAAATGC-1",1.7575931396333
"CGTGAGCTCCGAGCCA-1",4.26628118902865
"CGTGAGCTCGTTGCCT-1",0
"CGTGAGCTCTGGGCCA-1",0
"CGTGTAAAGATAGTCA-1",3.62386461833735
"CGTGTAAAGGTGTTAA-1",1.91205973214532
"CGTGTAAAGTACATGA-1",0
"CGTGTAACATGGGACA-1",0
"CGTGTAAGTGTCTGAT-1",1.30025350464803
"CGTGTAATCTACTATC-1",2.3997154407563
"CGTGTAATCTCGATGA-1",0
"CGTGTAATCTTTAGTC-1",0
"CGTGTCTAGGCGCTCT-1",4.84565921957333
"CGTGTCTAGGGATGGG-1",0
"CGTGTCTCAGACAAAT-1",6.40445319025469
"CGTGTCTCAGACACTT-1",1.58926704261798
"CGTGTCTGTAAGAGGA-1",1.85168883456166
"CGTGTCTGTATATGAG-1",0
"CGTGTCTGTCAAAGCG-1",1.81807007627788
"CGTGTCTGTTCCGTCT-1",0
"CGTGTCTTCAATCACG-1",0
"CGTGTCTTCAGAGGTG-1",0
"CGTGTCTTCATAGCAC-1",6.40445319025469
"CGTGTCTTCCGAACGC-1",0
"CGTGTCTTCGGCATCG-1",4.91322219546397
"CGTGTCTTCGTGGACC-1",4.18974579462561
"CGTGTCTTCTACTTAC-1",3.44349426233446
"CGTGTCTTCTGAGTGT-1",2.99318756664407
"CGTTAGAAGATCTGAA-1",0
"CGTTAGAAGGCCCTTG-1",4.96138492684985
"CGTTAGACACGAAAGC-1",0
"CGTTAGACAGCTTCGG-1",1.64256384034015
"CGTTAGAGTTTAAGCC-1",1.19117650313969
"CGTTAGATCACTTATC-1",0
"CGTTAGATCAGCCTAA-1",0.741644132588294
"CGTTCTGAGAAGGGTA-1",1.81807007627788
"CGTTCTGAGTGAACAT-1",0
"CGTTCTGCAGCTCGCA-1",5.56595218364006
"CGTTCTGCATTGGCGC-1",3.64912789130643
"CGTTCTGGTGAGGGTT-1",2.73325456317782
"CGTTCTGTCTGATTCT-1",0
"CGTTGGGAGCTAGTTC-1",4.41792500398979
"CGTTGGGAGGATGCGT-1",0
"CGTTGGGCACATTAGC-1",2.29944114250408
"CGTTGGGCAGACAGGT-1",7.62171392211218
"CGTTGGGGTTCCCGAG-1",1.86770977587311
"CGTTGGGTCATGCTCC-1",0
"CGTTGGGTCCATGAAC-1",1.40140761631585
"CGTTGGGTCTACCAGA-1",1.59581825460255
"CTAACTTAGTCCTCCT-1",3.04346413467669
"CTAACTTCAATAGCAA-1",1.74812676048036
"CTAACTTCAATCGGTT-1",4.09948763167157
"CTAACTTGTGAGGCTA-1",1.91501447476243
"CTAACTTTCGTACGGC-1",1.765178472664
"CTAACTTTCTGGCGTG-1",0
"CTAAGACAGGGAAACA-1",3.4290417551693
"CTAAGACAGTACATGA-1",2.88080459910332
"CTAAGACAGTTCGCGC-1",4.09948763167157
"CTAAGACCAAGTAATG-1",0
"CTAAGACCAGTAAGAT-1",0
"CTAAGACCATGCAATC-1",0
"CTAAGACGTAAGGATT-1",0
"CTAAGACGTATCAGTC-1",1.73071383450644
"CTAAGACGTCACCTAA-1",0
"CTAAGACTCGTTGCCT-1",0
"CTAAGACTCTTACCGC-1",2.09651480349671
"CTAAGACTCTTGAGGT-1",3.72970273666038
"CTAATGGAGCAATCTC-1",2.35622996600174
"CTAATGGAGCGCTCCA-1",3.33901862140885
"CTAATGGAGCTCCCAG-1",0
"CTAATGGAGCTGAAAT-1",0.764279662384408
"CTAATGGAGTTAGGTA-1",1.78306268190063
"CTAATGGCATGGAATA-1",1.42540873735213
"CTAATGGGTACCGCTG-1",5.97483593489831
"CTAATGGGTCTAGCGC-1",0
"CTAATGGGTGAGGGAG-1",0
"CTAATGGGTTGGTGGA-1",2.09651480349671
"CTAATGGTCATGCTCC-1",1.77569188836057
"CTAATGGTCCACTGGG-1",1.82545566694945
"CTAATGGTCCGTTGCT-1",3.33280702350648
"CTAATGGTCCTAGAAC-1",0
"CTACACCAGTGCGATG-1",0
"CTACACCCACGGACAA-1",0
"CTACACCGTAATAGCA-1",1.51843218067683
"CTACACCGTCTGATTG-1",1.81807007627788
"CTACACCGTTCGTCTC-1",2.73325456317782
"CTACACCTCAGAAATG-1",1.8498800654113
"CTACACCTCGGCTTGG-1",1.59581825460255
"CTACACCTCGGTCCGA-1",2.45138897878499
"CTACACCTCTCGCATC-1",0
"CTACACCTCTCTGCTG-1",0
"CTACATTAGATCACGG-1",2.07065390954384
"CTACATTCACTCGACG-1",1.93704846870536
"CTACATTCATTTCACT-1",0
"CTACATTGTGATGATA-1",2.09651480349671
"CTACATTGTTCGAATC-1",2.09651480349671
"CTACATTTCAACGCTA-1",3.64912789130643
"CTACATTTCGCCATAA-1",0
"CTACATTTCTAGCACA-1",0
"CTACCCACACAGAGGT-1",0
"CTACCCACACGACGAA-1",3.38279849668128
"CTACCCACATGGTTGT-1",1.68989523212849
"CTACCCAGTATCTGCA-1",0
"CTACCCAGTATGAATG-1",1.74227429204333
"CTACCCAGTCAGAAGC-1",1.75323859068789
"CTACCCAGTGTGACCC-1",0
"CTACCCAGTTATGTGC-1",0
"CTACCCATCTACGAGT-1",1.68989523212849
"CTACGTCAGGTGCAAC-1",4.89532703335458
"CTACGTCAGTGCGATG-1",3.04346413467669
"CTACGTCAGTTGTCGT-1",0
"CTACGTCCATATACCG-1",0.741644132588294
"CTACGTCGTATATGGA-1",0
"CTACGTCGTGTGGTTT-1",0
"CTACGTCTCAAAGTAG-1",3.72970273666038
"CTACGTCTCACGACTA-1",0
"CTACGTCTCACGGTTA-1",3.6826655170114
"CTACGTCTCCTAGAAC-1",0
"CTAGAGTAGCTGTCTA-1",0
"CTAGAGTAGGATCGCA-1",1.79929908775394
"CTAGAGTAGTCCATAC-1",0
"CTAGAGTCACATTAGC-1",0
"CTAGAGTCAGTATGCT-1",1.16884662524313
"CTAGAGTCATACTCTT-1",0
"CTAGAGTCATGTAAGA-1",0
"CTAGAGTGTGACCAAG-1",0
"CTAGAGTTCAACACCA-1",1.69604849673951
"CTAGAGTTCCGTCAAA-1",0
"CTAGAGTTCCTAAGTG-1",1.52796870963328
"CTAGAGTTCGCCAGCA-1",6.40445319025469
"CTAGAGTTCGCTTAGA-1",0
"CTAGAGTTCGTGACAT-1",3.23104062509362
"CTAGAGTTCTGATTCT-1",1.30768372708065
"CTAGCCTCACCAGATT-1",1.73878608352274
"CTAGCCTGTATATCCG-1",3.04346413467669
"CTAGCCTGTGATGCCC-1",1.4518903455172
"CTAGCCTTCGGGAGTA-1",0
"CTAGTGAAGCTGGAAC-1",4.90900548604893
"CTAGTGAAGTGTACCT-1",5.56947894655872
"CTAGTGACAAGTCTAC-1",0
"CTAGTGACAGGATCGA-1",0
"CTAGTGAGTTATGCGT-1",3.64912789130643
"CTAGTGATCAGTTGAC-1",0
"CTAGTGATCCAGTAGT-1",0
"CTCACACAGCTAAGAT-1",1.76357478287235
"CTCACACAGCTGCCCA-1",1.82545566694945
"CTCACACAGGATGCGT-1",3.39511734235649
"CTCACACCACGTAAGG-1",1.87235238324284
"CTCACACCACTGTTAG-1",3.61686163021904
"CTCACACCATATACGC-1",1.89842446852378
"CTCACACGTGCTGTAT-1",3.12836499320188
"CTCACACGTTCCATGA-1",0
"CTCACACGTTTGGGCC-1",0
"CTCACACTCACCGGGT-1",0
"CTCACACTCATCGGAT-1",0
"CTCACACTCCGCGCAA-1",1.81075940747296
"CTCACACTCTAACCGA-1",0
"CTCAGAAAGAGCTGCA-1",0
"CTCAGAAAGGAGTAGA-1",3.0774599449568
"CTCAGAACAACGCACC-1",0
"CTCAGAACAAGCGATG-1",0
"CTCAGAACAGGGCATA-1",0
"CTCAGAAGTGACGGTA-1",3.44978646120284
"CTCAGAATCTTAACCT-1",0
"CTCATTAAGAACTGTA-1",1.79719676565528
"CTCATTACATGGTCAT-1",0
"CTCATTAGTGTAACGG-1",0
"CTCATTAGTTTACTCT-1",0
"CTCCTAGCAAGTACCT-1",2.45138897878499
"CTCCTAGCAATTCCTT-1",2.76809953575153
"CTCCTAGCACTGTCGG-1",0
"CTCCTAGCAGTCCTTC-1",0
"CTCCTAGCATAACCTG-1",1.88172665405828
"CTCCTAGCATGCGCAC-1",6.40445319025469
"CTCCTAGGTAGAAAGG-1",0
"CTCCTAGGTCCGAGTC-1",6.07837265210096
"CTCCTAGGTCTAGCCG-1",3.39764972990924
"CTCCTAGGTGTTTGTG-1",0
"CTCCTAGGTTCGTGAT-1",0
"CTCCTAGGTTGTTTGG-1",4.8706392852452
"CTCCTAGTCACTTACT-1",0
"CTCCTAGTCTCATTCA-1",0
"CTCGAAAAGCCCAACC-1",1.77569188836057
"CTCGAAAAGCTATGCT-1",2.76809953575153
"CTCGAAAAGGCCCTTG-1",2.87238469307232
"CTCGAAAAGGGCTTCC-1",3.61686163021904
"CTCGAAACAAGCCGTC-1",2.07065390954384
"CTCGAAACACATTAGC-1",0
"CTCGAAACACCGAAAG-1",6.11148834079481
"CTCGAAACACGGCTAC-1",1.42540873735213
"CTCGAAACAGTAAGAT-1",0
"CTCGAGGAGCCATCGC-1",1.81807007627788
"CTCGAGGAGGGCTTCC-1",3.44978646120284
"CTCGAGGCAGATAATG-1",1.00985418634354
"CTCGAGGGTATTCTCT-1",0
"CTCGAGGGTGCCTGGT-1",0
"CTCGGAGAGTCCCACG-1",1.7399468934154
"CTCGGAGCACTTCTGC-1",0
"CTCGGAGCAGCTGCAC-1",2.72638265589467
"CTCGGAGCAGGATCGA-1",0
"CTCGGAGGTAGCCTAT-1",1.81075940747296
"CTCGGAGGTCATGCCG-1",0
"CTCGGAGTCAAACGGG-1",2.07065390954384
"CTCGGAGTCACATACG-1",2.91056374256074
"CTCGGAGTCAGCTTAG-1",1.81075940747296
"CTCGGGAAGACCTAGG-1",0
"CTCGGGACACAGCCCA-1",1.39134050249977
"CTCGGGACATAAAGGT-1",0
"CTCGGGACATCCCACT-1",0
"CTCGGGACATGTCGAT-1",1.30025350464803
"CTCGGGAGTCGCGTGT-1",2.79070949849969
"CTCGGGAGTGACTACT-1",0
"CTCGGGAGTTACGACT-1",3.39764972990924
"CTCGGGATCCGTACAA-1",3.33280702350648
"CTCGGGATCCTTGACC-1",0
"CTCGGGATCTTGTTTG-1",3.33280702350648
"CTCGTACAGCGATAGC-1",0
"CTCGTACCAGCGTAAG-1",3.72970273666038
"CTCGTACCATAGTAAG-1",0
"CTCGTACGTAGAGTGC-1",0
"CTCGTACGTATCACCA-1",2.88080459910332
"CTCGTACGTGCAGTAG-1",2.09651480349671
"CTCGTACTCAAAGTAG-1",0
"CTCGTACTCAATCTCT-1",0
"CTCGTACTCGTTGCCT-1",3.39511734235649
"CTCGTACTCTGGTTCC-1",1.86632271113697
"CTCGTCAAGATGCCTT-1",0
"CTCGTCAAGTGGAGTC-1",0
"CTCGTCAAGTTTGCGT-1",0
"CTCGTCACAACGATCT-1",1.63687268336829
"CTCGTCACACATCCGG-1",8.87764738743565
"CTCGTCACAGTCGTGC-1",1.49492693042676
"CTCGTCAGTCTCATCC-1",6.40445319025469
"CTCGTCAGTCTCCATC-1",0
"CTCGTCAGTGAGCGAT-1",1.90132525334375
"CTCGTCAGTTGACGTT-1",0
"CTCGTCAGTTGGGACA-1",1.81807007627788
"CTCGTCATCACTTATC-1",1.80225274494389
"CTCGTCATCGACCAGC-1",1.5754438385365
"CTCGTCATCTGCTGTC-1",0
"CTCTAATCACCAGGTC-1",4.40841642533448
"CTCTAATCACGGTGTC-1",0
"CTCTAATCAGGAATCG-1",2.0421170844929
"CTCTAATGTCCAAGTT-1",0
"CTCTACGAGCTAAACA-1",4.41792500398979
"CTCTACGAGCTAGTGG-1",3.10630867518096
"CTCTACGAGTACGCCC-1",0
"CTCTACGAGTAGGCCA-1",0
"CTCTACGCAATAACGA-1",0
"CTCTACGCAGACGCTC-1",0
"CTCTACGCATGACATC-1",0
"CTCTACGTCATGTCTT-1",0
"CTCTACGTCCCTAATT-1",4.66773711478982
"CTCTACGTCGGCATCG-1",0
"CTCTACGTCGGTCTAA-1",2.98187779365177
"CTCTGGTAGCGTTCCG-1",2.72638265589467
"CTCTGGTAGGCATGGT-1",1.42540873735213
"CTCTGGTAGTGCCAGA-1",2.35622996600174
"CTCTGGTCACAAGCCC-1",0
"CTCTGGTCAGCCTTTC-1",5.97483593489831
"CTCTGGTTCATCTGTT-1",1.80225274494389
"CTCTGGTTCTTGTACT-1",0
"CTGAAACAGATCCCGC-1",1.69604849673951
"CTGAAACAGGTGCTAG-1",1.97189696193637
"CTGAAACAGTCCGTAT-1",1.96132437873694
"CTGAAACAGTGTCTCA-1",0
"CTGAAACGTCATCGGC-1",0
"CTGAAACGTTAAAGAC-1",1.33015808691142
"CTGAAACTCATACGGT-1",0
"CTGAAGTAGTGCGTGA-1",3.6826655170114
"CTGAAGTCAGCTGTAT-1",1.00985418634354
"CTGAAGTGTTAAAGTG-1",1.87235238324284
"CTGAAGTTCAAGCCTA-1",3.16176660806251
"CTGAAGTTCGGATGTT-1",1.58926704261798
"CTGATAGAGGGAGTAA-1",1.76799370265536
"CTGATAGAGTGCAAGC-1",1.42781341849908
"CTGATAGCAGCCTTTC-1",3.38279849668128
"CTGATAGCATCCCATC-1",0
"CTGATAGCATCTCCCA-1",1.87235238324284
"CTGATAGGTCAAAGCG-1",0
"CTGATAGGTCGCTTTC-1",3.61686163021904
"CTGATAGGTTACGACT-1",1.82545566694945
"CTGATAGTCGCGATCG-1",1.88551008878341
"CTGATCCAGGCATTGG-1",4.90900548604893
"CTGATCCAGGTGACCA-1",1.88551008878341
"CTGATCCCACAGAGGT-1",0
"CTGATCCCAGGCTGAA-1",0
"CTGATCCGTGCCTGGT-1",1.78306268190063
"CTGATCCGTTATCCGA-1",0
"CTGATCCGTTGTGGCC-1",2.7146913981727
"CTGCCTAAGGGTCTCC-1",2.4095811393746
"CTGCCTAAGGTGATAT-1",3.23104062509362
"CTGCCTAAGTACGCGA-1",0
"CTGCCTAAGTGCGTGA-1",1.30768372708065
"CTGCCTACATCCCACT-1",5.62395248458219
"CTGCCTATCAATAAGG-1",0
"CTGCGGAAGAAGGACA-1",3.04576327731733
"CTGCGGAAGAGCTGGT-1",3.6826655170114
"CTGCGGAAGATGAGAG-1",1.76357478287235
"CTGCGGACAGGTCGTC-1",4.18974579462561
"CTGCGGACATGTCTCC-1",1.88551008878341
"CTGCGGAGTCACTTCC-1",1.78306268190063
"CTGCGGAGTCGTGGCT-1",1.53937212158794
"CTGCGGAGTTCTGTTT-1",1.39134050249977
"CTGCGGAGTTGGACCC-1",3.23859217434358
"CTGCGGATCGCCTGTT-1",1.57089989302168
"CTGCGGATCTTACCGC-1",1.91501447476243
"CTGCTGTAGGGTGTTG-1",3.21562958333922
"CTGCTGTAGTACCGGA-1",3.38279849668128
"CTGCTGTAGTGGAGAA-1",1.68989523212849
"CTGCTGTCACATCTTT-1",2.45138897878499
"CTGCTGTGTTAAAGAC-1",0
"CTGCTGTTCTCCAACC-1",0
"CTGCTGTTCTTACCGC-1",1.64390993462428
"CTGGTCTAGCGTTGCC-1",2.76809953575153
"CTGGTCTAGGACAGCT-1",0.741644132588294
"CTGGTCTAGGGCTTGA-1",5.62395248458219
"CTGGTCTAGTCGAGTG-1",3.33280702350648
"CTGGTCTCAAAGGAAG-1",1.78306268190063
"CTGGTCTCACCAGTTA-1",1.60624557133513
"CTGGTCTGTACCTACA-1",4.09631045770385
"CTGGTCTGTACGCTGC-1",4.26628118902865
"CTGGTCTGTCCGCTGA-1",1.68989523212849
"CTGGTCTGTCCGTTAA-1",1.68989523212849
"CTGGTCTGTTCATGGT-1",0
"CTGGTCTGTTCGTGAT-1",0
"CTGGTCTTCAACGGGA-1",1.80225274494389
"CTGGTCTTCACTTACT-1",2.96110805111907
"CTGGTCTTCTTACCTA-1",6.40445319025469
"CTGTGCTGTATATCCG-1",0
"CTGTGCTGTCATCCCT-1",0
"CTGTGCTGTCCCTACT-1",1.64390993462428
"CTGTGCTGTCGGCACT-1",8.80416863101099
"CTGTGCTTCCATTCTA-1",2.2043674648486
"CTGTTTAAGAAACCGC-1",2.34293638851761
"CTGTTTAAGATCGATA-1",4.04255087148021
"CTGTTTAAGGAGTTGC-1",3.4290417551693
"CTGTTTAGTCAAAGCG-1",6.40445319025469
"CTGTTTATCAGCCTAA-1",2.35622996600174
"CTGTTTATCATTTGGG-1",1.5724110491452
"CTGTTTATCTCCAGGG-1",1.42540873735213
"CTGTTTATCTCTTGAT-1",1.59581825460255
"CTGTTTATCTTCTGGC-1",1.52796870963328
"CTTAACTAGCCAGTAG-1",3.0774599449568
"CTTAACTAGGCTCTTA-1",1.82545566694945
"CTTAACTAGGTGCACA-1",1.52796870963328
"CTTAACTAGTCTCGGC-1",0
"CTTACCGAGCGCTTAT-1",0
"CTTACCGAGGCTACGA-1",4.09948763167157
"CTTACCGCAGATCTGT-1",4.09948763167157
"CTTACCGCAGTCAGAG-1",5.62395248458219
"CTTACCGGTCCTGCTT-1",3.39764972990924
"CTTACCGGTCGCCATG-1",0
"CTTACCGGTCTACCTC-1",0
"CTTACCGTCGGACAAG-1",1.74227429204333
"CTTAGGAAGCCCAACC-1",0
"CTTAGGACACGACGAA-1",5.76548342862485
"CTTAGGAGTTATGTGC-1",0
"CTTAGGATCCCATTTA-1",0
"CTTAGGATCTTTACAC-1",4.3927242482931
"CTTCTCTAGAACTCGG-1",2.45138897878499
"CTTCTCTAGAGTGAGA-1",3.4290417551693
"CTTCTCTAGCAGGCTA-1",0
"CTTCTCTAGTTAACGA-1",1.30025350464803
"CTTCTCTCAAAGGTGC-1",0
"CTTCTCTGTAACGACG-1",0
"CTTCTCTGTGCATCTA-1",0
"CTTCTCTTCGAGCCCA-1",2.4095811393746
"CTTGGCTAGCGATATA-1",2.39426682179279
"CTTGGCTAGTACGTTC-1",4.89532703335458
"CTTGGCTCATTACCTT-1",1.42540873735213
"CTTGGCTGTCTCCATC-1",0
"CTTGGCTTCCCTAATT-1",0
"CTTGGCTTCGCGTAGC-1",1.74227429204333
"CTTGGCTTCTCGTTTA-1",4.26628118902865
"CTTTGCGAGCAAATCA-1",0
"CTTTGCGAGCGTTCCG-1",1.59581825460255
"CTTTGCGAGTATCTCG-1",3.16796180010947
"CTTTGCGCAATTCCTT-1",0
"CTTTGCGCACTTAAGC-1",0.741644132588294
"CTTTGCGCAGACGCAA-1",0
"CTTTGCGGTAGAGGAA-1",0
"CTTTGCGTCCAGGGCT-1",3.39764972990924
"GAAACTCAGAGACGAA-1",3.4290417551693
"GAAACTCAGAGGTTAT-1",1.60624557133513
"GAAACTCAGCAGCCTC-1",0
"GAAACTCAGCCCAGCT-1",1.30768372708065
"GAAACTCAGCTAAACA-1",2.76809953575153
"GAAACTCAGTGCTGCC-1",0
"GAAACTCCAAGCCCAC-1",3.72970273666038
"GAAACTCCACATGACT-1",0
"GAAACTCCAGACACTT-1",0
"GAAACTCCATGGATGG-1",1.80309888769423
"GAAACTCGTACTCGCG-1",0
"GAAACTCGTAGCGATG-1",3.44978646120284
"GAAACTCGTGTGAAAT-1",1.7575931396333
"GAAACTCGTTTGTGTG-1",1.74812676048036
"GAAATGAAGCCAGTTT-1",1.7399468934154
"GAAATGAAGCTAGTCT-1",4.60079892218529
"GAAATGAAGTACGTAA-1",1.64256384034015
"GAAATGATCATGCTCC-1",0
"GAAATGATCCTCGCAT-1",0
"GAACATCAGATGGCGT-1",1.7399468934154
"GAACATCCAACAACCT-1",4.96138492684985
"GAACATCCACATCTTT-1",0
"GAACATCCACCTATCC-1",0
"GAACATCCACGGACAA-1",0
"GAACATCCATGCTAGT-1",0
"GAACATCGTACGACCC-1",1.86632271113697
"GAACATCGTGGACGAT-1",3.10859489867926
"GAACATCGTTCCCGAG-1",1.75323859068789
"GAACATCTCCAAGTAC-1",0
"GAACATCTCGATCCCT-1",0
"GAACATCTCTCCAACC-1",1.35974347987893
"GAACCTAAGAACTGTA-1",1.39134050249977
"GAACCTAAGAGCAATT-1",0
"GAACCTAAGCCAGTAG-1",0
"GAACCTACAAGGACAC-1",0
"GAACCTACAGACACTT-1",1.82545566694945
"GAACCTAGTACCAGTT-1",2.98412185742998
"GAACCTAGTGTCAATC-1",1.58957753864035
"GAACCTATCACGATGT-1",0
"GAACGGAAGACGCAAC-1",0
"GAACGGAAGTAATCCC-1",1.73071383450644
"GAACGGAAGTCAATAG-1",1.93704846870536
"GAACGGAAGTGGACGT-1",1.93704846870536
"GAACGGACACAGCGTC-1",1.77569188836057
"GAACGGACACCTCGTT-1",1.52796870963328
"GAACGGACACTTAACG-1",2.09651480349671
"GAACGGAGTAGCGTAG-1",0
"GAACGGAGTCAGAGGT-1",0
"GAACGGAGTGGCGAAT-1",4.43804720515427
"GAACGGATCACTCCTG-1",0
"GAACGGATCCACGAAT-1",0
"GAACGGATCGTAGGAG-1",0
"GAACGGATCTGTCAAG-1",4.46014171632264
"GAAGCAGAGACTAAGT-1",2.4095811393746
"GAAGCAGAGAGACGAA-1",3.0774599449568
"GAAGCAGAGCCACGCT-1",0
"GAAGCAGAGTTCGCGC-1",1.72880552249059
"GAAGCAGCAATCCGAT-1",2.76809953575153
"GAAGCAGCAGATCTGT-1",4.9022895460525
"GAAGCAGCAGATGAGC-1",1.64256384034015
"GAAGCAGCATGAACCT-1",0
"GAAGCAGCATGGAATA-1",1.90132525334375
"GAAGCAGGTAACGCGA-1",0
"GAAGCAGGTCATACTG-1",3.33901862140885
"GAAGCAGTCCTAGTGA-1",1.42540873735213
"GAAGCAGTCTTATCTG-1",1.31580984694107
"GAATAAGCAAGGTGTG-1",0
"GAATAAGCAGACAAGC-1",0
"GAATAAGCATGCAACT-1",0
"GAATAAGGTCCGTTAA-1",0
"GAATAAGGTGAGTGAC-1",1.30025350464803
"GAATAAGGTTCCCTTG-1",1.76397536465063
"GAATAAGTCGTTTAGG-1",3.72531119115092
"GAATGAAAGAGTCTGG-1",0
"GAATGAAAGCTTATCG-1",1.91501447476243
"GAATGAAAGGCATGTG-1",2.38930337767195
"GAATGAACAAACGCGA-1",0
"GAATGAACAGTGAGTG-1",0
"GAATGAACATCATCCC-1",0
"GAATGAAGTCAACATC-1",2.76809953575153
"GAATGAAGTCTCACCT-1",1.59581825460255
"GAATGAAGTGGCAAAC-1",9.50443752371636
"GAATGAAGTTGCGTTA-1",1.72084710114249
"GAATGAATCAGTTAGC-1",0
"GAATGAATCCTGCCAT-1",0
"GACACGCAGACGCACA-1",1.19117650313969
"GACACGCAGAGTAATC-1",0
"GACACGCAGCCAACAG-1",1.88172665405828
"GACACGCAGGAGTTTA-1",0
"GACACGCAGGGCATGT-1",1.86863594734354
"GACACGCAGGTGCACA-1",0
"GACACGCAGTCCAGGA-1",0
"GACACGCAGTGGGATC-1",5.62395248458219
"GACACGCAGTGGGTTG-1",0
"GACACGCCAAGCGTAG-1",0
"GACACGCCAAGGACAC-1",0
"GACACGCCAGACGCTC-1",6.40445319025469
"GACACGCCATCCTTGC-1",4.26628118902865
"GACACGCGTTCACGGC-1",0
"GACACGCTCATGTAGC-1",3.04576327731733
"GACAGAGAGTACGATA-1",1.59581825460255
"GACAGAGCAACGATCT-1",1.40140761631585
"GACAGAGCAAGTCTAC-1",0
"GACAGAGCAGCTCCGA-1",0.741644132588294
"GACAGAGCAGCTGGCT-1",2.72638265589467
"GACAGAGTCAAACAAG-1",0
"GACAGAGTCAGAGACG-1",1.88172665405828
"GACAGAGTCCTTCAAT-1",4.41792500398979
"GACAGAGTCCTTGCCA-1",1.73071383450644
"GACAGAGTCTTCATGT-1",3.23104062509362
"GACCAATAGAAGGGTA-1",0
"GACCAATAGCTACCGC-1",3.44349426233446
"GACCAATAGCTACCTA-1",0
"GACCAATCAGGTGCCT-1",0
"GACCAATCATGCGCAC-1",1.65102120092132
"GACCAATGTACAGTTC-1",4.96138492684985
"GACCAATGTCGCTTCT-1",1.88172665405828
"GACCAATTCCGATATG-1",1.81075940747296
"GACCAATTCGAATGGG-1",1.88551008878341
"GACCAATTCGTCACGG-1",0
"GACCTGGCATCACAAC-1",0
"GACCTGGCATGTCTCC-1",3.5298216860036
"GACCTGGCATTGGCGC-1",0
"GACCTGGGTAAAGGAG-1",0
"GACCTGGGTCCAGTTA-1",1.35974347987893
"GACCTGGGTGCAGTAG-1",1.30025350464803
"GACCTGGTCATAGCAC-1",0
"GACCTGGTCCTTGCCA-1",1.00985418634354
"GACCTGGTCGCATGAT-1",3.4290417551693
"GACCTGGTCGTCACGG-1",0
"GACGCGTAGTGGTAAT-1",0
"GACGCGTAGTTGTAGA-1",0
"GACGCGTGTAAAGGAG-1",1.40140761631585
"GACGCGTGTGTGAAAT-1",8.6537163590741
"GACGCGTGTTAAGACA-1",3.23859217434358
"GACGCGTTCAAACCGT-1",0
"GACGCGTTCCAAATGC-1",4.29379439767077
"GACGCGTTCCGCGGTA-1",1.64390993462428
"GACGCGTTCCTACAGA-1",1.57089989302168
"GACGCGTTCTCCGGTT-1",5.75500700675938
"GACGGCTAGAAGATTC-1",1.88172665405828
"GACGGCTAGAGCTGGT-1",1.74227429204333
"GACGGCTCAAGGTTTC-1",0
"GACGGCTCACCGCTAG-1",0
"GACGGCTCATGAACCT-1",3.64912789130643
"GACGGCTCATGCAACT-1",0
"GACGGCTGTGTGTGCC-1",0
"GACGGCTGTTATGTGC-1",0
"GACGGCTGTTTGGCGC-1",0
"GACGGCTTCTATCGCC-1",1.39134050249977
"GACGTGCAGGCAAAGA-1",1.89842446852378
"GACGTGCAGGGTGTGT-1",0
"GACGTGCAGGTGTTAA-1",1.59269054257672
"GACGTGCCAGGTCGTC-1",0
"GACGTGCGTAACGTTC-1",2.38930337767195
"GACGTGCTCACCTCGT-1",2.3997154407563
"GACGTTAAGCTACCGC-1",0
"GACGTTAAGGCAAAGA-1",4.37874373418384
"GACGTTAAGTCAAGCG-1",0
"GACGTTACAAGCCATT-1",0
"GACGTTACAAGGTTTC-1",2.07065390954384
"GACGTTACAGACACTT-1",1.4518903455172
"GACGTTAGTATCTGCA-1",2.45138897878499
"GACGTTAGTTTGACAC-1",0
"GACGTTAGTTTGACTG-1",1.72880552249059
"GACGTTATCACAGGCC-1",0
"GACGTTATCATTGCGA-1",0
"GACGTTATCCCGGATG-1",1.64390993462428
"GACGTTATCCGAAGAG-1",0
"GACGTTATCGCGTTTC-1",2.88080459910332
"GACGTTATCTGTCCGT-1",1.74812676048036
"GACTAACAGACAGAGA-1",4.37874373418384
"GACTAACAGTGGAGAA-1",4.3320984378137
"GACTAACCAAATCCGT-1",0
"GACTAACGTCTAGTCA-1",0
"GACTAACGTGCAACTT-1",4.46014171632264
"GACTAACGTTCAGACT-1",0
"GACTAACTCCTTTCTC-1",1.7399468934154
"GACTAACTCTTGCCGT-1",1.30025350464803
"GACTAACTCTTTACAC-1",0
"GACTACAAGATATGGT-1",1.88551008878341
"GACTACACAAATCCGT-1",1.62858967852153
"GACTACAGTGCTGTAT-1",1.42781341849908
"GACTACATCAGCCTAA-1",4.00552361445464
"GACTACATCAGGTAAA-1",0
"GACTACATCTGCAGTA-1",3.23104062509362
"GACTGCGAGCGTAGTG-1",0
"GACTGCGAGTTGTAGA-1",0
"GACTGCGCACTTAACG-1",1.65683308016806
"GACTGCGCATGTTCCC-1",7.62171392211218
"GACTGCGGTACGCACC-1",3.03321136333846
"GACTGCGGTTCTCATT-1",3.33280702350648
"GACTGCGTCAACACAC-1",2.99318756664407
"GACTGCGTCACGACTA-1",2.2043674648486
"GACTGCGTCGCCCTTA-1",3.64912789130643
"GACTGCGTCTCAAACG-1",2.07917908596773
"GAGCAGAGTAGGGTAC-1",0
"GAGCAGAGTCAGATAA-1",0
"GAGCAGAGTCATATGC-1",4.00552361445464
"GAGCAGAGTGAGCGAT-1",1.88551008878341
"GAGCAGAGTGTAACGG-1",1.70299123288682
"GAGCAGAGTGTGACCC-1",0
"GAGCAGAGTTCGGGCT-1",0
"GAGCAGAGTTTAAGCC-1",0
"GAGCAGAGTTTGCATG-1",4.26628118902865
"GAGGTGAAGCAACGGT-1",1.73071383450644
"GAGGTGAAGGCTCTTA-1",1.89842446852378
"GAGGTGAAGTGGTAGC-1",0
"GAGGTGAAGTTGTAGA-1",1.64390993462428
"GAGGTGACACTGTCGG-1",0
"GAGGTGACATCCTTGC-1",0
"GAGGTGACATGCATGT-1",4.3419670829729
"GAGGTGAGTACCTACA-1",2.2043674648486
"GAGGTGAGTCATTAGC-1",2.4095811393746
"GAGGTGAGTTCCTCCA-1",0
"GAGGTGATCATCGCTC-1",5.55308047117567
"GAGGTGATCTAGAGTC-1",1.93704846870536
"GAGGTGATCTCTAGGA-1",3.6826655170114
"GAGGTGATCTGCTGTC-1",1.38479623349887
"GAGGTGATCTGGGCCA-1",1.81075940747296
"GAGTCCGAGGACAGAA-1",1.49492693042676
"GAGTCCGAGGCATGTG-1",1.86632271113697
"GAGTCCGAGGCGTACA-1",1.81075940747296
"GAGTCCGCAAACCCAT-1",1.60624557133513
"GAGTCCGGTCAAGCGA-1",3.64943542925208
"GAGTCCGGTGACCAAG-1",3.62386461833735
"GAGTCCGGTGACTCAT-1",1.68989523212849
"GAGTCCGGTGTGACCC-1",0
"GAGTCCGGTTCGGGCT-1",0
"GAGTCCGGTTTGCATG-1",1.81075940747296
"GAGTCCGTCGGCGCAT-1",3.38050789617793
"GAGTCCGTCTGATTCT-1",1.74227429204333
"GATCAGTAGATGTCGG-1",3.47235809681267
"GATCAGTAGTGGTAGC-1",0
"GATCAGTGTATATGAG-1",4.26628118902865
"GATCAGTGTCTGCGGT-1",0
"GATCAGTGTTATGCGT-1",0
"GATCAGTGTTGTACAC-1",4.26628118902865
"GATCGATAGAATGTTG-1",2.88080459910332
"GATCGATAGAGCTGCA-1",0
"GATCGATAGCATGGCA-1",0
"GATCGATCAAGCGAGT-1",1.76397536465063
"GATCGATCAAGCGTAG-1",1.74227429204333
"GATCGATGTCAACATC-1",0
"GATCGATGTTGCCTCT-1",0
"GATCGATTCCGCATCT-1",1.35974347987893
"GATCGCGAGATAGTCA-1",0
"GATCGCGAGCCTTGAT-1",1.73109612299393
"GATCGCGAGGAGCGTT-1",2.87238469307232
"GATCGCGCAGGTCGTC-1",4.09631045770385
"GATCGCGGTACAGCAG-1",3.0774599449568
"GATCGCGGTGAGTATA-1",1.86632271113697
"GATCGCGGTTGTCGCG-1",1.88172665405828
"GATCGCGTCACTCCTG-1",1.5754438385365
"GATCGTAAGACATAAC-1",0
"GATCGTAAGCTCAACT-1",0
"GATCGTACATAACCTG-1",0
"GATCGTAGTGGCTCCA-1",0
"GATCGTATCATATCGG-1",0
"GATCGTATCATGTCCC-1",2.34293638851761
"GATCGTATCTTACCGC-1",1.63687268336829
"GATCTAGAGCGTCTAT-1",0
"GATCTAGAGTGGAGAA-1",0
"GATCTAGCAACACCTA-1",0
"GATCTAGCAAGGGTCA-1",0
"GATCTAGGTCTAAAGA-1",9.50443752371636
"GATCTAGGTCTCACCT-1",1.88172665405828
"GATCTAGGTCTCTTTA-1",2.07917908596773
"GATCTAGTCACATAGC-1",0
"GATCTAGTCTAAGCCA-1",3.47235809681267
"GATGAAAAGAGTAATC-1",0
"GATGAAAAGCTCCCAG-1",4.73464582030799
"GATGAAACACGGTAGA-1",1.59269054257672
"GATGAAACAGCTGTAT-1",1.52796870963328
"GATGAAAGTGGGTATG-1",0
"GATGAAATCACCCTCA-1",1.64390993462428
"GATGAAATCACTCCTG-1",0
"GATGAAATCAGCAACT-1",1.76397536465063
"GATGAAATCGAGAGCA-1",0
"GATGAGGAGATCCCGC-1",0
"GATGAGGAGTTCGATC-1",0
"GATGAGGCACCAGTTA-1",1.68989523212849
"GATGAGGGTATCACCA-1",1.90132525334375
"GATGAGGGTATTCGTG-1",1.69025567164657
"GATGAGGGTCGCGTGT-1",4.09631045770385
"GATGAGGGTGATGATA-1",9.50443752371636
"GATGAGGTCACAGGCC-1",1.42540873735213
"GATGAGGTCACATAGC-1",4.09948763167157
"GATGAGGTCCCTTGTG-1",0
"GATGAGGTCTGCTGTC-1",2.2043674648486
"GATGCTAAGACTAAGT-1",0.741644132588294
"GATGCTAAGGATGCGT-1",1.76397536465063
"GATGCTAAGGCTCTTA-1",0
"GATGCTAAGGGAACGG-1",2.39426682179279
"GATGCTAAGTATCTCG-1",3.6826655170114
"GATGCTAAGTCTCGGC-1",0
"GATGCTACATGTTGAC-1",2.3997154407563
"GATGCTACATTGCGGC-1",0
"GATGCTAGTCTCCATC-1",1.90132525334375
"GATGCTAGTGGAAAGA-1",0
"GATGCTAGTTAGGGTG-1",2.09651480349671
"GATGCTATCCTGTACC-1",0
"GATGCTATCGGCGCTA-1",5.03721838320926
"GATTCAGAGAAACCTA-1",4.60079892218529
"GATTCAGAGAGTGACC-1",3.16796180010947
"GATTCAGAGATTACCC-1",1.30025350464803
"GATTCAGAGGGTCGAT-1",1.82545566694945
"GATTCAGAGGTCGGAT-1",0
"GATTCAGAGTCAATAG-1",1.81075940747296
"GATTCAGCAAGTTGTC-1",0
"GATTCAGCAATTCCTT-1",0
"GATTCAGCAGGGTACA-1",1.91255137370802
"GATTCAGCATCGACGC-1",0
"GATTCAGCATTATCTC-1",1.35974347987893
"GATTCAGGTAAATACG-1",0
"GATTCAGTCAACTCTT-1",0
"GCAAACTAGATGTTAG-1",2.35622996600174
"GCAAACTAGTCATGCT-1",1.73878608352274
"GCAAACTAGTCTCAAC-1",3.10892721007851
"GCAAACTCACAGGTTT-1",2.35622996600174
"GCAAACTGTCAGATAA-1",0
"GCAAACTGTCTCCATC-1",1.87235238324284
"GCAAACTTCGTGGTCG-1",0
"GCAATCAAGGGATCTG-1",3.53133406749082
"GCAATCAAGTATCTCG-1",3.17378086352712
"GCAATCAAGTGGGTTG-1",0
"GCAATCACAGCTTAAC-1",1.90132525334375
"GCAATCACATGTCGAT-1",1.74773507627559
"GCAATCACATTCCTCG-1",1.76357478287235
"GCAATCAGTAGGAGTC-1",0
"GCAATCAGTATAATGG-1",0
"GCAATCAGTTCTCATT-1",0
"GCAATCAGTTCTGGTA-1",0
"GCACATAAGAGCTATA-1",1.00985418634354
"GCACATAAGATGTTAG-1",1.86632271113697
"GCACATAAGCCTTGAT-1",2.03053141664232
"GCACATAAGGAGTACC-1",1.38054700437752
"GCACATAAGTGAAGTT-1",7.62171392211218
"GCACATACACCACGTG-1",0
"GCACATACAGCTGTAT-1",2.29944114250408
"GCACATACAGGAACGT-1",0
"GCACATAGTCATCGGC-1",0
"GCACATAGTCCGAATT-1",0
"GCACATAGTCTCTTTA-1",0
"GCACATAGTGCGCTTG-1",3.31807256510856
"GCACATATCACCTCGT-1",1.5724110491452
"GCACATATCTGGTTCC-1",1.90132525334375
"GCACTCTCAAGACACG-1",0
"GCACTCTCAATCACAC-1",0
"GCACTCTCATTTCAGG-1",3.39764972990924
"GCACTCTGTAAACCTC-1",0
"GCACTCTGTACCAGTT-1",1.39134050249977
"GCACTCTGTAGAAAGG-1",0
"GCACTCTGTCGAACAG-1",0
"GCACTCTGTCTAGGTT-1",0
"GCACTCTTCAACTCTT-1",1.64390993462428
"GCACTCTTCCCTAATT-1",0
"GCACTCTTCTGCCCTA-1",0
"GCAGCCAAGCTGATAA-1",4.60079892218529
"GCAGCCACATGAGCGA-1",2.07065390954384
"GCAGCCAGTAATCGTC-1",0
"GCAGCCAGTGTCGCTG-1",1.16884662524313
"GCAGCCATCAGTTGAC-1",0
"GCAGCCATCCCAACGG-1",1.81075940747296
"GCAGCCATCCGTACAA-1",5.75500700675938
"GCAGTTAAGTCCATAC-1",5.97483593489831
"GCAGTTAAGTCCGTAT-1",0
"GCAGTTAAGTTAACGA-1",1.00985418634354
"GCAGTTAGTGGACGAT-1",1.81075940747296
"GCAGTTAGTTATTCTC-1",1.68989523212849
"GCAGTTATCGCGATCG-1",3.76878186719535
"GCATACAAGATCTGCT-1",2.72638265589467
"GCATACAAGCAACGGT-1",5.97483593489831
"GCATACACAACGCACC-1",0
"GCATACACAAGGACTG-1",2.7146913981727
"GCATACACAAGTCTGT-1",1.91501447476243
"GCATACACAGTCAGCC-1",0
"GCATACACATCCTAGA-1",5.03721838320926
"GCATACACATCGGAAG-1",7.62171392211218
"GCATACAGTCCGAACC-1",0
"GCATACAGTTCTGGTA-1",0
"GCATACATCCACGACG-1",0
"GCATGATAGAATGTTG-1",3.38050789617793
"GCATGATAGAGTAATC-1",6.11148834079481
"GCATGATAGCTGATAA-1",0
"GCATGATAGGACCACA-1",0
"GCATGATAGGCTAGCA-1",0
"GCATGATAGTCAAGCG-1",2.0421170844929
"GCATGATAGTGGAGAA-1",0
"GCATGATCACACCGAC-1",1.88551008878341
"GCATGATCACATTTCT-1",2.34293638851761
"GCATGATGTCCCTACT-1",1.78306268190063
"GCATGATGTTGCGCAC-1",1.00985418634354
"GCATGATTCGTGGACC-1",1.7399468934154
"GCATGCGAGCATGGCA-1",1.5754438385365
"GCATGCGAGTCCAGGA-1",1.75323859068789
"GCATGCGCACTGCCAG-1",2.35622996600174
"GCATGCGGTAAGGATT-1",1.90132525334375
"GCATGCGGTCCTCTTG-1",1.86770977587311
"GCATGCGGTGTGAAAT-1",2.87238469307232
"GCATGCGTCCGCGGTA-1",1.30025350464803
"GCATGTAAGAACTGTA-1",1.91205973214532
"GCATGTAAGACAGACC-1",3.61686163021904
"GCATGTAAGTACTTGC-1",0
"GCATGTAAGTGCAAGC-1",2.34293638851761
"GCATGTACAACACGCC-1",1.16884662524313
"GCATGTATCACGAAGG-1",1.81807007627788
"GCCAAATCAAACTGTC-1",0
"GCCAAATCAAGGGTCA-1",0
"GCCAAATCAAGTTCTG-1",0
"GCCAAATCATAACCTG-1",3.38279849668128
"GCCAAATGTATAAACG-1",0
"GCCAAATGTGTTTGGT-1",0
"GCCAAATGTTTCGCTC-1",3.40179220403026
"GCCAAATTCAGGTAAA-1",0
"GCCAAATTCCGAGCCA-1",1.86632271113697
"GCCAAATTCCGCGGTA-1",1.53678872974404
"GCCAAATTCGGCTACG-1",0
"GCCTCTAAGAGTACCG-1",1.72084710114249
"GCCTCTAAGCCATCGC-1",1.86863594734354
"GCCTCTAAGCCGCCTA-1",3.64912789130643
"GCCTCTAAGCGATAGC-1",1.63687268336829
"GCCTCTAAGCTGCAAG-1",2.4095811393746
"GCCTCTAAGCTTCGCG-1",0
"GCCTCTAAGTCACGCC-1",0
"GCCTCTACAAGACGTG-1",0
"GCCTCTACAGCTATTG-1",1.84358453709264
"GCCTCTAGTAAGGATT-1",1.7399468934154
"GCCTCTAGTGATGATA-1",0
"GCCTCTAGTTAAGGGC-1",0
"GCCTCTATCAGCGACC-1",0
"GCCTCTATCCGATATG-1",0
"GCCTCTATCGAATCCA-1",3.64912789130643
"GCCTCTATCGAGCCCA-1",4.60079892218529
"GCCTCTATCGCTGATA-1",1.91501447476243
"GCCTCTATCTTTAGGG-1",0
"GCGACCAAGAGGTTAT-1",2.07065390954384
"GCGACCACACTTACGA-1",0
"GCGACCAGTCAGGACA-1",1.60624557133513
"GCGACCAGTCTAGAGG-1",0
"GCGACCATCAACGGGA-1",0
"GCGACCATCCCGGATG-1",7.62171392211218
"GCGACCATCTACTCAT-1",1.29967099461141
"GCGAGAAAGGTTCCTA-1",1.42540873735213
"GCGAGAAAGTACGATA-1",0
"GCGAGAAAGTGTCTCA-1",0
"GCGAGAACAAGCCCAC-1",3.59312000254141
"GCGAGAACACTGAAGG-1",0
"GCGAGAAGTAGCGCTC-1",3.62386461833735
"GCGAGAAGTCCCTACT-1",0
"GCGAGAATCCTTTCGG-1",0
"GCGAGAATCGAGAGCA-1",0
"GCGAGAATCGCACTCT-1",1.42540873735213
"GCGCAACAGTCCTCCT-1",0
"GCGCAACAGTGTACGG-1",3.47235809681267
"GCGCAACCAAGTCTGT-1",1.40140761631585
"GCGCAACCAGCCACCA-1",1.96132437873694
"GCGCAACGTAGCGCTC-1",2.07065390954384
"GCGCAACGTCCCTTGT-1",0
"GCGCAACGTCCTAGCG-1",2.4095811393746
"GCGCAACGTCGACTAT-1",2.12520704909252
"GCGCAACGTCTAGAGG-1",3.17378086352712
"GCGCAACTCAATACCG-1",0
"GCGCAGTCACATCCAA-1",3.16176660806251
"GCGCAGTCATTACCTT-1",2.34293638851761
"GCGCAGTGTTAGGGTG-1",0
"GCGCAGTTCGATCCCT-1",0
"GCGCAGTTCGCGGATC-1",3.6100584952269
"GCGCCAAAGACATAAC-1",3.47235809681267
"GCGCCAAAGGACAGCT-1",0
"GCGCCAAAGGCCCTTG-1",0
"GCGCCAAAGGGCTTCC-1",0
"GCGCCAAAGGTACTCT-1",1.85168883456166
"GCGCCAACATAACCTG-1",1.80309888769423
"GCGCCAACATTGGGCC-1",6.181978503225
"GCGCCAAGTACTTGAC-1",0
"GCGCCAAGTCGGCACT-1",0
"GCGCCAAGTGAAAGAG-1",1.72880552249059
"GCGCCAAGTTGTACAC-1",1.63687268336829
"GCGCCAATCCGTTGCT-1",0
"GCGCGATAGAAGGTTT-1",0
"GCGCGATAGCAGGTCA-1",4.3419670829729
"GCGCGATAGTGAATTG-1",0
"GCGCGATAGTTTGCGT-1",1.00985418634354
"GCGCGATCAGCTCGAC-1",1.64256384034015
"GCGCGATGTAAGTAGT-1",1.73878608352274
"GCGCGATGTCACTTCC-1",6.181978503225
"GCGCGATGTTACCAGT-1",0
"GCGCGATTCAGTTAGC-1",0
"GCGCGATTCGTTTAGG-1",0
"GCGGGTTAGAAACGAG-1",1.72084710114249
"GCGGGTTAGCTATGCT-1",1.74227429204333
"GCGGGTTAGTGTGAAT-1",1.29967099461141
"GCGGGTTCACGCGAAA-1",0
"GCGGGTTCAGGCAGTA-1",0
"GCGGGTTCAGTAACGG-1",1.40140761631585
"GCGGGTTGTGAGTATA-1",0
"GCGGGTTGTGGCGAAT-1",1.58926704261798
"GCGGGTTTCCAAAGTC-1",1.39134050249977
"GCGGGTTTCCTTTCTC-1",0
"GCGGGTTTCTCCAACC-1",2.38930337767195
"GCGGGTTTCTTGAGGT-1",0
"GCGGGTTTCTTGTATC-1",5.97483593489831
"GCTCCTACAAACTGTC-1",8.6537163590741
"GCTCCTACACCAGGTC-1",6.181978503225
"GCTCCTACACCGATAT-1",1.81075940747296
"GCTCCTACAGGGTACA-1",4.22130958632143
"GCTCCTACATTAGCCA-1",3.6826655170114
"GCTCCTAGTCAGGACA-1",4.87332019720924
"GCTCCTAGTCCGTCAG-1",0
"GCTCCTATCAGCCTAA-1",0
"GCTCCTATCCCTAATT-1",0
"GCTCTGTAGAGGTAGA-1",0
"GCTCTGTAGCTGAACG-1",1.87235238324284
"GCTCTGTAGGAGTCTG-1",2.3997154407563
"GCTCTGTAGTGCTGCC-1",2.39426682179279
"GCTCTGTAGTGGACGT-1",0
"GCTCTGTTCACCTCGT-1",1.5724110491452
"GCTGCAGAGCGTGAGT-1",3.39764972990924
"GCTGCAGAGTCAAGCG-1",1.5724110491452
"GCTGCAGAGTCCCACG-1",3.39511734235649
"GCTGCAGCAATTGCTG-1",0
"GCTGCAGCATGCCCGA-1",4.3320984378137
"GCTGCAGCATGCCTAA-1",1.90132525334375
"GCTGCAGGTAAACCTC-1",1.80309888769423
"GCTGCAGGTACGAAAT-1",2.34293638851761
"GCTGCAGGTAGCGCAA-1",0
"GCTGCAGGTCACCCAG-1",3.04576327731733
"GCTGCAGGTCATGCCG-1",1.16884662524313
"GCTGCGAAGGAATGGA-1",1.765178472664
"GCTGCGAGTCTAACGT-1",0
"GCTGCGAGTGTTTGGT-1",1.33015808691142
"GCTGCGATCTCCTATA-1",0
"GCTGCGATCTTGTTTG-1",0
"GCTGCTTAGAATTGTG-1",3.35300830400382
"GCTGCTTAGGCAATTA-1",1.76357478287235
"GCTGCTTCATCACGTA-1",1.85168883456166
"GCTGCTTCATCCAACA-1",5.0588372211241
"GCTGCTTCATGCCTAA-1",3.64912789130643
"GCTGCTTCATGGTCAT-1",2.45138897878499
"GCTGCTTGTAACGACG-1",2.35622996600174
"GCTGCTTGTAATCGTC-1",0
"GCTGCTTGTAGGGACT-1",0
"GCTGCTTGTGAAAGAG-1",0
"GCTGCTTTCCGGGTGT-1",3.19745256396291
"GCTGGGTAGACCCACC-1",1.51843218067683
"GCTGGGTAGCCACGCT-1",1.80309888769423
"GCTGGGTAGTCGCCGT-1",3.43065426536094
"GCTGGGTAGTCTCAAC-1",1.93704846870536
"GCTGGGTCACGGCTAC-1",0
"GCTGGGTCAGCCAATT-1",4.46014171632264
"GCTGGGTGTACAGTTC-1",0
"GCTGGGTGTACCGTTA-1",5.76548342862485
"GCTGGGTGTCGAGTTT-1",0
"GCTGGGTGTCTCCACT-1",1.97189696193637
"GCTGGGTGTGCCTGTG-1",0
"GCTGGGTTCAGCTTAG-1",1.97189696193637
"GCTGGGTTCCTTAATC-1",7.87614826627175
"GCTTCCAAGAAACCTA-1",1.74227429204333
"GCTTCCACACCACCAG-1",2.07065390954384
"GCTTCCACAGGTCGTC-1",1.69025567164657
"GCTTCCACAGTGAGTG-1",0
"GCTTCCAGTATAGGTA-1",0
"GCTTCCAGTTCAGCGC-1",0
"GCTTCCATCGTCCAGG-1",0
"GCTTGAAAGATGGCGT-1",3.72531119115092
"GCTTGAAAGCCGTCGT-1",0
"GCTTGAACAAACCTAC-1",0
"GCTTGAACACGGTGTC-1",2.12520704909252
"GCTTGAACATCGGAAG-1",0
"GCTTGAAGTGCGGTAA-1",0
"GCTTGAAGTTCTCATT-1",1.82545566694945
"GCTTGAATCAGGATCT-1",0
"GGAAAGCAGGCAGGTT-1",0
"GGAAAGCCAAACGCGA-1",7.24077470406736
"GGAAAGCCAAGTACCT-1",4.26628118902865
"GGAAAGCGTAAGCACG-1",1.89842446852378
"GGAAAGCGTCCTCCAT-1",0
"GGAAAGCGTCGCGTGT-1",5.76548342862485
"GGAAAGCGTGCTTCTC-1",0
"GGAAAGCTCCAGAGGA-1",1.59581825460255
"GGAACTTAGAGTAAGG-1",1.79929908775394
"GGAACTTCAATGTAAG-1",1.87235238324284
"GGAACTTCACAGGAGT-1",2.89451718111799
"GGAACTTCACCTCGTT-1",0
"GGAACTTGTCTCTTTA-1",1.44219588434135
"GGAACTTTCATTGCCC-1",1.87235238324284
"GGAACTTTCATTTGGG-1",1.75323859068789
"GGAACTTTCCGTCATC-1",1.7575931396333
"GGAACTTTCCTCAACC-1",0
"GGAACTTTCGGATGTT-1",6.40445319025469
"GGAATAAAGGTACTCT-1",0
"GGAATAAAGTGTCCAT-1",3.16176660806251
"GGAATAACAGCGTCCA-1",3.64912789130643
"GGAATAAGTCTGGTCG-1",0
"GGAATAAGTGCAGGTA-1",4.00552361445464
"GGAATAATCAGCACAT-1",1.42540873735213
"GGAATAATCTTTACGT-1",2.99318756664407
"GGACAAGAGGTACTCT-1",0
"GGACAAGCAACGATGG-1",0
"GGACAAGCAGTCGTGC-1",4.95664196439763
"GGACAAGCATGGGACA-1",5.97483593489831
"GGACAAGGTATAAACG-1",0
"GGACAAGGTATGAAAC-1",0
"GGACAAGGTCGGCATC-1",2.3997154407563
"GGACAAGGTTATGCGT-1",0
"GGACAAGTCTAACGGT-1",0
"GGACAGAAGCTAGTCT-1",3.38050789617793
"GGACAGAAGTACTTGC-1",4.78760820449129
"GGACAGACAACACGCC-1",0
"GGACAGACACAAGCCC-1",0
"GGACAGAGTAAGTGGC-1",3.0774599449568
"GGACAGAGTCTTTCAT-1",6.40445319025469
"GGACAGAGTGAGGGAG-1",2.87238469307232
"GGACAGAGTTCCACAA-1",1.73878608352274
"GGACAGATCAACGCTA-1",0.741644132588294
"GGACATTAGAGGGCTT-1",4.96138492684985
"GGACATTAGCCACGTC-1",1.93704846870536
"GGACATTCAAACGCGA-1",1.57089989302168
"GGACATTCAATGACCT-1",1.76397536465063
"GGACATTCACCAGCAC-1",2.39426682179279
"GGACATTGTTCTGGTA-1",4.60079892218529
"GGACATTTCCTCTAGC-1",0
"GGACGTCAGTACTTGC-1",0
"GGACGTCAGTGGTAAT-1",0
"GGACGTCCACAGTCGC-1",1.60624557133513
"GGACGTCGTGAGGGAG-1",2.38930337767195
"GGACGTCGTGGCGAAT-1",0
"GGACGTCGTTACGGAG-1",0
"GGACGTCGTTTAAGCC-1",3.64912789130643
"GGACGTCTCCACTCCA-1",2.03053141664232
"GGACGTCTCGCAAACT-1",1.69604849673951
"GGACGTCTCTCCAGGG-1",0
"GGACGTCTCTCGAGTA-1",1.91501447476243
"GGACGTCTCTGGTGTA-1",0
"GGACGTCTCTTCGAGA-1",1.64256384034015
"GGAGCAAAGAACTCGG-1",2.07065390954384
"GGAGCAAAGACTGTAA-1",1.40140761631585
"GGAGCAAAGCCGCCTA-1",3.44978646120284
"GGAGCAAAGCTAAACA-1",5.0588372211241
"GGAGCAAAGTACGCCC-1",1.97189696193637
"GGAGCAACAAGCTGTT-1",0
"GGAGCAACAATGGACG-1",0
"GGAGCAACAATTCCTT-1",1.5754438385365
"GGAGCAACATGCTGGC-1",2.98412185742998
"GGAGCAAGTGAGTATA-1",0
"GGAGCAAGTTACTGAC-1",1.59581825460255
"GGAGCAATCAAGATCC-1",3.62386461833735
"GGAGCAATCCCATTTA-1",0
"GGATGTTCAAACTGTC-1",5.0588372211241
"GGATGTTTCATCACCC-1",3.76878186719535
"GGATGTTTCATGCATG-1",1.80309888769423
"GGATGTTTCCTACAGA-1",3.0774599449568
"GGATGTTTCCTCTAGC-1",3.39764972990924
"GGATTACAGATCCCAT-1",0
"GGATTACAGCTTCGCG-1",4.95664196439763
"GGATTACAGGCTAGCA-1",2.63337238748104
"GGATTACAGTATCTCG-1",3.10892721007851
"GGATTACCAAGCGTAG-1",1.44219588434135
"GGATTACCACATCCGG-1",0
"GGATTACCAGCGTAAG-1",1.91255137370802
"GGATTACGTAATAGCA-1",0
"GGATTACGTACACCGC-1",3.61686163021904
"GGATTACGTCTCTTTA-1",3.59312000254141
"GGATTACGTTGAGGTG-1",0
"GGATTACTCGCGCCAA-1",1.44047182615621
"GGATTACTCGGCGCAT-1",1.58957753864035
"GGATTACTCTGCCCTA-1",0
"GGCAATTCAATCGGTT-1",0
"GGCAATTCACGGCGTT-1",3.44978646120284
"GGCAATTCATCACCCT-1",1.64256384034015
"GGCAATTGTCGATTGT-1",2.34293638851761
"GGCAATTTCACTTACT-1",1.76357478287235
"GGCAATTTCAGCACAT-1",4.60079892218529
"GGCAATTTCTCCGGTT-1",1.42781341849908
"GGCCGATAGTGTCTCA-1",3.5298216860036
"GGCCGATCACGGACAA-1",1.68989523212849
"GGCCGATGTAGGACAC-1",1.74812676048036
"GGCCGATGTCACTGGC-1",2.49148901387171
"GGCCGATGTCCCTACT-1",0
"GGCCGATTCACCGTAA-1",1.86632271113697
"GGCCGATTCCGCGCAA-1",2.09651480349671
"GGCGACTAGAGCTGGT-1",3.40657766207551
"GGCGACTAGGACCACA-1",2.98187779365177
"GGCGACTAGGTTACCT-1",1.16884662524313
"GGCGACTCAAAGCGGT-1",0
"GGCGACTCAAGAGTCG-1",0
"GGCGACTCACCAGGTC-1",0
"GGCGACTCATTGTGCA-1",0
"GGCGACTTCAGAAATG-1",4.09948763167157
"GGCGACTTCAGAGACG-1",3.0774599449568
"GGCGACTTCCAGATCA-1",2.99318756664407
"GGCGACTTCTCTAGGA-1",1.96132437873694
"GGCGTGTAGCTAGCCC-1",1.80225274494389
"GGCGTGTAGGGTATCG-1",0
"GGCGTGTCAGGTCCAC-1",1.62858967852153
"GGCGTGTCAGTATAAG-1",0
"GGCGTGTCATCGTCGG-1",1.51843218067683
"GGCGTGTCATGGAATA-1",5.66143869391403
"GGCGTGTGTCTCCCTA-1",2.2043674648486
"GGCGTGTTCTTGAGGT-1",1.60624557133513
"GGCTCGAAGCCGTCGT-1",1.53937212158794
"GGCTCGAAGGTAAACT-1",3.40179220403026
"GGCTCGACAAGAAGAG-1",1.16884662524313
"GGCTCGACAATAGCAA-1",9.50443752371636
"GGCTCGACATGGTCAT-1",0
"GGCTCGAGTATATCCG-1",0
"GGCTCGAGTTACGTCA-1",8.80416863101099
"GGCTCGAGTTAGGGTG-1",0
"GGCTCGATCTGCAAGT-1",4.78509451102069
"GGCTGGTAGAAGAAGC-1",5.76548342862485
"GGCTGGTAGACCCACC-1",2.49148901387171
"GGCTGGTCAAGGACAC-1",0
"GGCTGGTCACTGCCAG-1",1.79929908775394
"GGCTGGTCATTTCAGG-1",1.97189696193637
"GGCTGGTGTATTCTCT-1",1.52796870963328
"GGCTGGTGTCGCATCG-1",1.72084710114249
"GGCTGGTGTCTAGTGT-1",1.59581825460255
"GGCTGGTGTTATGCGT-1",0
"GGGAATGAGCGTTGCC-1",0
"GGGAATGAGTAGGTGC-1",1.38054700437752
"GGGAATGGTAAGGGAA-1",1.74773507627559
"GGGAATGTCAACGAAA-1",0
"GGGAATGTCCAGTATG-1",1.7399468934154
"GGGAATGTCCGGGTGT-1",0
"GGGACCTAGATGTAAC-1",2.38930337767195
"GGGACCTAGTCTTGCA-1",0
"GGGACCTCAATCAGAA-1",6.94194231775823
"GGGACCTCACTGAAGG-1",0
"GGGAGATAGTACGACG-1",0
"GGGAGATCAAAGTGCG-1",0
"GGGAGATCAAATCCGT-1",0
"GGGAGATCAAGGACTG-1",0
"GGGAGATCACGCGAAA-1",0
"GGGAGATGTAGCGCAA-1",0
"GGGAGATTCAACGGGA-1",2.07065390954384
"GGGAGATTCATCACCC-1",0
"GGGATGAAGTGACATA-1",1.86770977587311
"GGGATGACATCATCCC-1",4.60079892218529
"GGGATGAGTCACCCAG-1",1.79929908775394
"GGGATGAGTGGAAAGA-1",2.0421170844929
"GGGATGAGTTACGACT-1",1.64256384034015
"GGGATGAGTTGGTAAA-1",0
"GGGATGATCAGTTAGC-1",3.23104062509362
"GGGATGATCTATCCTA-1",1.30025350464803
"GGGATGATCTTTAGGG-1",0
"GGGCACTAGTCTCGGC-1",0
"GGGCACTCATCTCCCA-1",3.39764972990924
"GGGCACTTCACCTCGT-1",0
"GGGCACTTCTGAGGGA-1",0
"GGGCATCCAATGTAAG-1",1.73071383450644
"GGGCATCCAGTCTTCC-1",0
"GGGCATCGTGGCGAAT-1",3.40179220403026
"GGGCATCTCACAGTAC-1",2.72638265589467
"GGGCATCTCCCTTGTG-1",1.74227429204333
"GGGCATCTCCGGCACA-1",7.04555721919278
"GGGCATCTCTGTCCGT-1",1.80309888769423
"GGGCATCTCTTATCTG-1",1.7399468934154
"GGGTCTGAGAAGATTC-1",6.181978503225
"GGGTCTGAGATCCCGC-1",0
"GGGTCTGAGCCAACAG-1",0
"GGGTCTGCACAGGCCT-1",2.34293638851761
"GGGTCTGCACCAGGTC-1",3.04576327731733
"GGGTCTGGTCTGGTCG-1",0
"GGGTCTGGTGATGATA-1",0
"GGGTCTGGTGTGACCC-1",1.81807007627788
"GGGTCTGTCAACTCTT-1",2.92105608167341
"GGGTCTGTCACTCCTG-1",1.42540873735213
"GGGTCTGTCCGTAGTA-1",0
"GGGTTGCAGACAGAGA-1",0
"GGGTTGCAGACCTTTG-1",0
"GGGTTGCAGATCGATA-1",4.96138492684985
"GGGTTGCAGGGTGTTG-1",0
"GGGTTGCAGGTGGGTT-1",0
"GGGTTGCCAATAACGA-1",0
"GGGTTGCCACGCCAGT-1",0
"GGGTTGCCATTAACCG-1",4.60079892218529
"GGGTTGCGTACATCCA-1",1.86632271113697
"GGGTTGCGTAGCGCAA-1",0
"GGGTTGCGTCCTCCAT-1",0
"GGGTTGCGTCGAGTTT-1",3.04576327731733
"GGGTTGCGTGAGTATA-1",0
"GGGTTGCGTGTGACCC-1",3.61686163021904
"GGGTTGCTCGTACCGG-1",0
"GGTATTGAGCACCGTC-1",0
"GGTATTGAGCTATGCT-1",2.87238469307232
"GGTATTGCACATCCAA-1",3.44978646120284
"GGTATTGCAGCTTCGG-1",0
"GGTATTGGTTCCGTCT-1",0
"GGTATTGTCAGAAATG-1",1.44219588434135
"GGTATTGTCCATTCTA-1",2.73325456317782
"GGTATTGTCGCCAGCA-1",1.64256384034015
"GGTGAAGAGACACGAC-1",1.74227429204333
"GGTGAAGAGATCCGAG-1",1.60624557133513
"GGTGAAGCAAGGTGTG-1",1.90132525334375
"GGTGAAGCACTCGACG-1",0
"GGTGAAGCAGTATGCT-1",3.33163257152217
"GGTGAAGGTATGAAAC-1",1.40140761631585
"GGTGAAGGTCAGAATA-1",4.78760820449129
"GGTGAAGGTGGTACAG-1",0
"GGTGAAGGTGTATGGG-1",0
"GGTGAAGGTGTCTGAT-1",0
"GGTGAAGGTGTGGTTT-1",0
"GGTGAAGGTGTGTGCC-1",1.73071383450644
"GGTGAAGTCACGATGT-1",1.81075940747296
"GGTGAAGTCACTCTTA-1",0
"GGTGAAGTCTGGCGTG-1",2.09651480349671
"GGTGCGTAGGTGATTA-1",0
"GGTGCGTAGTACGATA-1",3.5298216860036
"GGTGCGTCACTTAAGC-1",1.5724110491452
"GGTGCGTCAGCTGTAT-1",0
"GGTGCGTGTTCGTTGA-1",0
"GGTGCGTTCCGTACAA-1",5.97483593489831
"GGTGCGTTCTTGACGA-1",1.79719676565528
"GGTGTTAAGGGCTCTC-1",2.07917908596773
"GGTGTTAAGTAGCGGT-1",3.40179220403026
"GGTGTTAAGTGGGATC-1",0
"GGTGTTAAGTTATCGC-1",4.09948763167157
"GGTGTTACAAATCCGT-1",0
"GGTGTTACACGGATAG-1",0
"GGTGTTAGTAATCACC-1",3.72531119115092
"GGTGTTAGTAGCAAAT-1",1.85168883456166
"GGTGTTAGTGTATGGG-1",7.62171392211218
"GGTGTTAGTTGAACTC-1",0
"GGTGTTATCGGACAAG-1",0
"GGTGTTATCGGTGTTA-1",0
"GGTGTTATCTACTTAC-1",0
"GTAACGTAGGTGACCA-1",4.89532703335458
"GTAACGTCACAGGCCT-1",3.76878186719535
"GTAACGTGTACCATCA-1",0
"GTAACGTGTGAGTATA-1",1.74812676048036
"GTAACGTGTTACGGAG-1",0
"GTAACGTGTTAGGGTG-1",1.19117650313969
"GTAACGTTCGGTCCGA-1",0
"GTAACGTTCTCATTCA-1",4.78760820449129
"GTAACTGAGTGGGTTG-1",4.78760820449129
"GTAACTGCAATGGAAT-1",6.94194231775823
"GTAACTGCACAGGCCT-1",3.2383820949427
"GTAACTGCAGGATCGA-1",0
"GTAACTGCATCGGGTC-1",3.4290417551693
"GTAACTGGTATTACCG-1",1.69604849673951
"GTAACTGTCACGGTTA-1",0
"GTAACTGTCTACTATC-1",1.85168883456166
"GTACGTAAGGTGCTTT-1",3.74696040639174
"GTACGTACAGGAATGC-1",3.25184499590944
"GTACGTACATGGATGG-1",5.0588372211241
"GTACGTAGTGAGTGAC-1",1.58957753864035
"GTACGTAGTTGGTAAA-1",3.16176660806251
"GTACGTATCACCTCGT-1",1.64864247193383
"GTACGTATCATCGGAT-1",0
"GTACGTATCCACTGGG-1",1.42540873735213
"GTACTCCAGGCAGTCA-1",0
"GTACTCCCAATAGCGG-1",1.30768372708065
"GTACTCCCACAGGTTT-1",0
"GTACTCCTCACCTTAT-1",3.38825194973156
"GTACTCCTCATTGCCC-1",2.2043674648486
"GTACTCCTCCTTCAAT-1",1.57089989302168
"GTACTTTCAGTTAACC-1",1.59581825460255
"GTACTTTCATGTCGAT-1",0
"GTACTTTTCCGAAGAG-1",1.65683308016806
"GTAGGCCAGCAATCTC-1",1.91501447476243
"GTAGGCCCATTCGACA-1",0
"GTAGGCCGTAACGCGA-1",2.67131361394878
"GTAGGCCGTAAGGGCT-1",0
"GTAGGCCGTACGACCC-1",4.41792500398979
"GTAGGCCGTTCAGGCC-1",0
"GTAGGCCGTTGATTGC-1",0
"GTAGGCCTCAGCACAT-1",1.69604849673951
"GTAGTCAAGAATGTGT-1",1.38054700437752
"GTAGTCAAGATGCCTT-1",1.52796870963328
"GTAGTCAAGGACGAAA-1",0
"GTAGTCAAGTGAAGAG-1",1.57089989302168
"GTAGTCATCGTCACGG-1",0
"GTAGTCATCTGAAAGA-1",3.64912789130643
"GTATCTTAGAAACCAT-1",1.30768372708065
"GTATCTTAGGCTATCT-1",0
"GTATCTTAGTTGTCGT-1",2.98187779365177
"GTATCTTCACACCGCA-1",0
"GTATCTTCACGAAGCA-1",4.78760820449129
"GTATCTTGTTCGCTAA-1",1.86632271113697
"GTATCTTTCATGCTCC-1",1.93704846870536
"GTATCTTTCATGTAGC-1",0
"GTATTCTAGAAACCAT-1",0
"GTATTCTAGACAAAGG-1",0
"GTATTCTCAAAGTCAA-1",0
"GTATTCTCAACAACCT-1",3.74696040639174
"GTATTCTCAACTTGAC-1",3.16176660806251
"GTATTCTCAATAAGCA-1",6.11148834079481
"GTATTCTCAGGGTTAG-1",4.8706392852452
"GTATTCTCATACTACG-1",3.16796180010947
"GTATTCTCATGGTAGG-1",2.03053141664232
"GTATTCTGTAGTGAAT-1",3.64912789130643
"GTATTCTGTCTAGAGG-1",0
"GTCAAGTCATATGCTG-1",9.50443752371636
"GTCAAGTCATGGTTGT-1",0
"GTCAAGTGTCAGCTAT-1",2.35622996600174
"GTCAAGTGTTCCACTC-1",1.91205973214532
"GTCACAAAGCCGATTT-1",4.04255087148021
"GTCACAAAGTGGAGTC-1",5.97483593489831
"GTCACAACAGGTGGAT-1",0.741644132588294
"GTCACAAGTAAACGCG-1",8.6537163590741
"GTCACAATCAGGATCT-1",0
"GTCACAATCAGTTGAC-1",1.68989523212849
"GTCACAATCATGCATG-1",2.92105608167341
"GTCACGGAGATCACGG-1",5.56595218364006
"GTCACGGCATATACCG-1",1.39134050249977
"GTCACGGGTGAGTGAC-1",1.86632271113697
"GTCACGGGTGTGGCTC-1",3.38279849668128
"GTCACGGTCGAGAGCA-1",1.79719676565528
"GTCACGGTCTACCTGC-1",0
"GTCATTTAGAGACTAT-1",2.98187779365177
"GTCATTTCACGTGAGA-1",0
"GTCATTTGTAGAAGGA-1",0
"GTCATTTGTCAGATAA-1",0
"GTCATTTTCCAGAGGA-1",0
"GTCCTCAAGCCCAACC-1",1.73878608352274
"GTCCTCAAGTAGATGT-1",0
"GTCCTCAAGTGGGCTA-1",1.81075940747296
"GTCCTCACAATCACAC-1",5.76548342862485
"GTCCTCAGTGGAAAGA-1",4.04255087148021
"GTCCTCATCAAAGACA-1",1.89842446852378
"GTCCTCATCGTCCGTT-1",0
"GTCGGGTCACTGAAGG-1",0
"GTCGGGTCACTTCGAA-1",2.39426682179279
"GTCGGGTCATGAAGTA-1",2.35622996600174
"GTCGGGTGTCTCACCT-1",3.04576327731733
"GTCGGGTGTGTGACGA-1",0
"GTCGGGTGTGTGTGCC-1",0
"GTCGGGTGTTACGTCA-1",0
"GTCGGGTTCTGCTGTC-1",0
"GTCGGGTTCTGTGCAA-1",2.09651480349671
"GTCGTAAAGAGATGAG-1",2.49148901387171
"GTCGTAAAGCTGCAAG-1",1.81075940747296
"GTCGTAAAGGCGACAT-1",0
"GTCGTAACATCACGAT-1",0
"GTCGTAAGTATCACCA-1",0
"GTCGTAATCCAAGTAC-1",1.81807007627788
"GTCTCGTAGACCACGA-1",1.91501447476243
"GTCTCGTCAGGAACGT-1",1.79929908775394
"GTCTCGTGTGGTAACG-1",4.85730406878962
"GTCTCGTGTTTGGCGC-1",4.37874373418384
"GTCTCGTTCACCGGGT-1",1.7575931396333
"GTCTCGTTCAGTGCAT-1",0
"GTCTTCGAGACAAGCC-1",0
"GTCTTCGAGGAATGGA-1",0
"GTCTTCGAGTCAAGCG-1",1.88551008878341
"GTCTTCGCACATGGGA-1",3.5298216860036
"GTCTTCGCACCAGGTC-1",0
"GTCTTCGCAGACGCAA-1",4.04255087148021
"GTCTTCGCATAACCTG-1",1.91205973214532
"GTCTTCGCATCGATGT-1",0
"GTCTTCGGTCTAGTGT-1",5.76548342862485
"GTCTTCGTCTCGATGA-1",5.66143869391403
"GTGAAGGAGAGCTGGT-1",1.42540873735213
"GTGAAGGAGATCGGGT-1",0
"GTGAAGGAGCCAGTTT-1",4.37874373418384
"GTGAAGGAGTGTTGAA-1",0
"GTGAAGGCAAAGGCGT-1",0
"GTGAAGGCACTTAAGC-1",1.40140761631585
"GTGAAGGCAGATTGCT-1",1.58957753864035
"GTGAAGGGTATATGGA-1",0
"GTGAAGGGTCTCTCTG-1",0
"GTGAAGGTCTCCTATA-1",4.85730406878962
"GTGCAGCAGACATAAC-1",1.96132437873694
"GTGCAGCAGTGGTCCC-1",3.4290417551693
"GTGCAGCCACATCTTT-1",1.39134050249977
"GTGCAGCGTGAGTATA-1",0
"GTGCAGCTCTTAGAGC-1",1.73071383450644
"GTGCATAAGGCATGGT-1",4.37874373418384
"GTGCATAGTTTGTTGG-1",1.4518903455172
"GTGCATATCAGAGCTT-1",2.07917908596773
"GTGCATATCATCATTC-1",3.04346413467669
"GTGCATATCTGCGTAA-1",1.42540873735213
"GTGCGGTAGCAATCTC-1",3.44978646120284
"GTGCGGTAGGACAGAA-1",0
"GTGCGGTCAAAGGTGC-1",0
"GTGCGGTGTTCAGACT-1",0
"GTGCGGTGTTCTGTTT-1",1.7399468934154
"GTGCGGTTCATCTGCC-1",2.7146913981727
"GTGCGGTTCCAGGGCT-1",0
"GTGCGGTTCGGATGGA-1",0
"GTGCGGTTCTCGTTTA-1",3.44978646120284
"GTGCGGTTCTGCTGTC-1",2.4095811393746
"GTGCTTCAGCCAGTTT-1",0
"GTGCTTCAGGATTCGG-1",2.8591972983252
"GTGCTTCAGTACACCT-1",0
"GTGCTTCCACTTAACG-1",1.5754438385365
"GTGCTTCCAGCTATTG-1",0
"GTGCTTCGTAGAGTGC-1",1.30025350464803
"GTGCTTCTCACAATGC-1",1.72880552249059
"GTGCTTCTCACTTCAT-1",0
"GTGGGTCAGACCGGAT-1",0
"GTGGGTCAGACTGTAA-1",0
"GTGGGTCAGCCGTCGT-1",1.74227429204333
"GTGGGTCCACCAACCG-1",0
"GTGGGTCCACCACCAG-1",1.57089989302168
"GTGTGCGAGACCGGAT-1",0
"GTGTGCGAGACTTGAA-1",0
"GTGTGCGCAGGTCGTC-1",0
"GTGTGCGGTGAGCGAT-1",0
"GTGTGCGTCAGTCAGT-1",0
"GTGTGCGTCCCTTGTG-1",3.34578632156623
"GTGTGCGTCTAACTTC-1",1.79719676565528
"GTGTTAGAGGACAGAA-1",1.96132437873694
"GTGTTAGAGGCATGGT-1",0
"GTGTTAGAGTGGAGAA-1",2.7146913981727
"GTGTTAGAGTTTGCGT-1",0
"GTGTTAGCAATGGAAT-1",0
"GTGTTAGCACCACCAG-1",1.72084710114249
"GTGTTAGGTGCCTGGT-1",1.64864247193383
"GTGTTAGGTGGAAAGA-1",0
"GTGTTAGGTTCCATGA-1",0
"GTGTTAGGTTGGGACA-1",1.88172665405828
"GTTAAGCAGAGCTGCA-1",1.81075940747296
"GTTAAGCAGATAGCAT-1",0
"GTTAAGCAGCTAACAA-1",1.38054700437752
"GTTAAGCAGGCTACGA-1",0
"GTTAAGCAGTGTACCT-1",1.7399468934154
"GTTAAGCAGTTTGCGT-1",4.60079892218529
"GTTAAGCCATTCACTT-1",3.04346413467669
"GTTAAGCGTACTCGCG-1",1.80309888769423
"GTTAAGCGTCTAGGTT-1",1.53678872974404
"GTTAAGCGTGGCAAAC-1",0
"GTTAAGCGTTGCTCCT-1",1.91501447476243
"GTTAAGCTCCTTTCGG-1",3.44978646120284
"GTTACAGAGAGCTATA-1",1.86770977587311
"GTTACAGAGTACGATA-1",1.68989523212849
"GTTACAGCAGACGCCT-1",4.78760820449129
"GTTACAGCATCGGTTA-1",2.72638265589467
"GTTACAGGTATGGTTC-1",7.24077470406736
"GTTACAGGTCGACTGC-1",0
"GTTACAGGTCTAGGTT-1",2.29944114250408
"GTTCATTAGCGATGAC-1",0
"GTTCATTCATATACGC-1",0
"GTTCATTCATTGGCGC-1",1.78306268190063
"GTTCATTGTGCACGAA-1",0
"GTTCATTGTGTTAAGA-1",2.45138897878499
"GTTCATTGTTCAGTAC-1",1.73878608352274
"GTTCGGGAGACGACGT-1",0
"GTTCGGGAGCTAAGAT-1",1.86863594734354
"GTTCGGGAGTGTCTCA-1",0
"GTTCGGGGTAGGGTAC-1",0
"GTTCGGGGTGCAGGTA-1",4.41792500398979
"GTTCGGGTCCACGCAG-1",1.76357478287235
"GTTCGGGTCTACTTAC-1",1.81075940747296
"GTTCTCGAGACCACGA-1",1.63687268336829
"GTTCTCGAGCGATGAC-1",2.87238469307232
"GTTCTCGAGGCCATAG-1",0
"GTTCTCGCATCGGACC-1",0
"GTTCTCGGTAAGGGAA-1",3.33280702350648
"GTTCTCGGTAGCGTAG-1",4.91322219546397
"GTTCTCGGTCCGTGAC-1",0
"GTTCTCGGTGTTAAGA-1",0
"GTTCTCGTCAACGCTA-1",1.30768372708065
"GTTCTCGTCCTGTACC-1",0
"GTTTCTACAAACCTAC-1",0
"GTTTCTACAAGAAAGG-1",4.37874373418384
"GTTTCTAGTGTTGGGA-1",0
"GTTTCTATCCCAACGG-1",4.09631045770385
"GTTTCTATCCGTAGTA-1",1.16884662524313
"GTTTCTATCGGCATCG-1",0
"TAAACCGGTACTTAGC-1",0
"TAAACCGTCACTCTTA-1",1.4518903455172
"TAAACCGTCAGGCGAA-1",0
"TAAACCGTCCGTTGTC-1",2.99318756664407
"TAAACCGTCTTCCTTC-1",1.57089989302168
"TAAGAGACAAGTTGTC-1",0
"TAAGAGAGTATATCCG-1",0
"TAAGAGATCAATCACG-1",0
"TAAGAGATCTAACGGT-1",3.04576327731733
"TAAGAGATCTTTCCTC-1",0
"TAAGCGTAGTGGACGT-1",1.72766303247411
"TAAGCGTAGTGTCTCA-1",2.39426682179279
"TAAGCGTCAGCTTCGG-1",0
"TAAGCGTCAGGTGGAT-1",0
"TAAGCGTGTCCTGCTT-1",5.0588372211241
"TAAGCGTGTGCCTGGT-1",1.79719676565528
"TAAGCGTGTTGTTTGG-1",4.04255087148021
"TAAGCGTTCCTCATTA-1",2.0421170844929
"TAAGCGTTCGGCGCAT-1",1.87235238324284
"TAAGCGTTCTCGCATC-1",0
"TAAGTGCAGGCTAGGT-1",1.78306268190063
"TAAGTGCAGTAGCGGT-1",0
"TAAGTGCCAACGCACC-1",0
"TAAGTGCCATACAGCT-1",3.54189174361362
"TAAGTGCGTAAACACA-1",2.2043674648486
"TAAGTGCGTCTCACCT-1",0
"TAAGTGCGTTCAGACT-1",3.27916227474647
"TAAGTGCTCACCCTCA-1",0
"TAAGTGCTCACTGGGC-1",0
"TAAGTGCTCTGGCGTG-1",1.91205973214532
"TACACGACACCCATTC-1",1.81075940747296
"TACACGAGTGATAAAC-1",2.45138897878499
"TACACGATCTGTCTCG-1",0
"TACAGTGAGATGCGAC-1",1.00985418634354
"TACAGTGAGCGTTGCC-1",3.47235809681267
"TACAGTGAGTGTACGG-1",4.00552361445464
"TACAGTGCAGGAATCG-1",2.98412185742998
"TACAGTGCAGGTGCCT-1",3.19745256396291
"TACAGTGGTACTCAAC-1",1.85168883456166
"TACAGTGGTTGGACCC-1",0
"TACCTATAGAGCTGGT-1",4.09631045770385
"TACCTATAGAGTTGGC-1",1.87235238324284
"TACCTATAGGCTCATT-1",1.81807007627788
"TACCTATAGTTAGCGG-1",0
"TACCTATCAAGCTGGA-1",0
"TACCTATGTAAATGAC-1",1.00985418634354
"TACCTATGTAGAGTGC-1",0
"TACCTATGTCACCTAA-1",1.79929908775394
"TACCTATGTGTTGAGG-1",2.29944114250408
"TACCTATGTTAAAGAC-1",1.74773507627559
"TACCTATTCTATGTGG-1",1.64390993462428
"TACCTATTCTTCCTTC-1",0
"TACCTTAAGAGGTTGC-1",2.38930337767195
"TACCTTAAGTCAAGCG-1",0
"TACCTTAAGTGGTCCC-1",3.27134920009466
"TACCTTACAACTGGCC-1",2.03053141664232
"TACCTTACAAGGGTCA-1",6.11148834079481
"TACCTTACACTCAGGC-1",0
"TACCTTACATCTACGA-1",0
"TACCTTAGTAGCGTCC-1",1.51843218067683
"TACCTTAGTCTCCACT-1",0
"TACGGATAGATGGCGT-1",4.60079892218529
"TACGGATAGGTACTCT-1",0
"TACGGATCAGGGATTG-1",0
"TACGGATCATCACCCT-1",1.73878608352274
"TACGGATGTCTAGCCG-1",0
"TACGGATTCGGTGTCG-1",0
"TACGGATTCTACTATC-1",2.38930337767195
"TACGGGCAGGATGCGT-1",0
"TACGGGCAGGGAACGG-1",8.6537163590741
"TACGGGCAGTATTGGA-1",0
"TACGGGCAGTCAAGCG-1",2.35622996600174
"TACGGGCCAAGAAGAG-1",0
"TACGGGCCACCAGATT-1",4.91322219546397
"TACGGGCCATCAGTAC-1",1.58926704261798
"TACGGGCGTAAGGGCT-1",1.19117650313969
"TACGGGCGTCTGATTG-1",1.31580984694107
"TACGGGCGTGATGTGG-1",0
"TACGGGCTCACCTTAT-1",1.49492693042676
"TACGGGCTCAGCTCTC-1",1.88551008878341
"TACGGGCTCCACGAAT-1",3.43065426536094
"TACGGGCTCCTATTCA-1",1.87235238324284
"TACGGGCTCGGTGTTA-1",0
"TACGGTAAGATATGGT-1",5.62395248458219
"TACGGTAAGCCGATTT-1",3.33901862140885
"TACGGTAAGTCATGCT-1",0
"TACGGTAAGTGCCATT-1",0
"TACGGTACACAGGCCT-1",3.72970273666038
"TACGGTACATTTCAGG-1",3.74696040639174
"TACGGTAGTATATCCG-1",3.04576327731733
"TACGGTAGTCACTTCC-1",2.99318756664407
"TACGGTAGTGCAGGTA-1",6.37157363533212
"TACGGTAGTGGGTATG-1",4.85730406878962
"TACGGTATCGCAGGCT-1",2.98187779365177
"TACGGTATCGGACAAG-1",0
"TACGGTATCGTTTATC-1",0
"TACTCATAGTCACGCC-1",0
"TACTCATCAATCTACG-1",0
"TACTCATCACGGTAGA-1",8.6537163590741
"TACTCATCACTTCTGC-1",1.19117650313969
"TACTCATCATCCGTGG-1",0
"TACTCATCATGTCGAT-1",0
"TACTCATGTACAGCAG-1",2.0421170844929
"TACTCATGTCTTCAAG-1",2.87238469307232
"TACTCATTCCTTTCTC-1",1.88551008878341
"TACTCGCAGGCGACAT-1",5.75500700675938
"TACTCGCGTCAGAAGC-1",1.81075940747296
"TACTCGCGTCTGATTG-1",0
"TACTCGCGTGTAACGG-1",1.86632271113697
"TACTCGCGTTGAGTTC-1",1.44764588007413
"TACTCGCTCAACGGGA-1",0
"TACTCGCTCCGAATGT-1",1.64390993462428
"TACTTACAGACTAGGC-1",7.62171392211218
"TACTTACAGCTGAACG-1",3.16796180010947
"TACTTACAGTACACCT-1",1.7575931396333
"TACTTACAGTACGCCC-1",2.4095811393746
"TACTTACAGTGATCGG-1",2.45138897878499
"TACTTACCAAGCCGTC-1",5.62395248458219
"TACTTACCACAGGTTT-1",1.85168883456166
"TACTTACTCGCGTTTC-1",1.4518903455172
"TACTTGTAGCGATATA-1",0
"TACTTGTAGTAATCCC-1",3.37086397056486
"TACTTGTCAAACAACA-1",1.73878608352274
"TACTTGTCATGCAACT-1",0
"TACTTGTGTAGCACGA-1",0
"TACTTGTGTATAAACG-1",4.85730406878962
"TACTTGTGTTCCACAA-1",0
"TACTTGTTCTGCAGTA-1",0
"TAGACCAAGAGACGAA-1",1.57089989302168
"TAGACCAAGCCTCGTG-1",1.90132525334375
"TAGACCAAGTCGATAA-1",0
"TAGACCACAACACCCG-1",0
"TAGACCAGTAGATTAG-1",1.70556675785926
"TAGACCAGTTCATGGT-1",2.03053141664232
"TAGACCATCACTTCAT-1",0
"TAGACCATCGTCACGG-1",2.4095811393746
"TAGACCATCTCCAGGG-1",1.69604849673951
"TAGAGCTAGAATTCCC-1",0
"TAGAGCTAGTATTGGA-1",0
"TAGAGCTCACTGAAGG-1",3.74696040639174
"TAGAGCTGTACTTGAC-1",1.52796870963328
"TAGAGCTGTCTAAAGA-1",2.0421170844929
"TAGCCGGAGACTGGGT-1",3.61686163021904
"TAGCCGGAGTCCCACG-1",1.51843218067683
"TAGCCGGAGTGACATA-1",4.60079892218529
"TAGCCGGCAGCAGTTT-1",2.45138897878499
"TAGCCGGGTACAGTGG-1",1.39134050249977
"TAGCCGGGTACCATCA-1",1.90132525334375
"TAGCCGGGTCGCGAAA-1",1.00985418634354
"TAGCCGGTCACGACTA-1",1.88172665405828
"TAGGCATAGAACTGTA-1",0
"TAGGCATAGCTAGGCA-1",0
"TAGGCATAGTCGTACT-1",0
"TAGGCATAGTTTAGGA-1",1.80225274494389
"TAGGCATCAAGCCTAT-1",1.86632271113697
"TAGGCATCAGACGCAA-1",0
"TAGGCATGTACGAAAT-1",1.80225274494389
"TAGGCATGTCCAGTTA-1",0
"TAGGCATGTTCCACTC-1",0
"TAGGCATTCCCTAACC-1",0
"TAGGCATTCGCTAGCG-1",0
"TAGGCATTCGTAGATC-1",4.78760820449129
"TAGGCATTCTTCATGT-1",0
"TAGTGGTAGATCACGG-1",1.38054700437752
"TAGTGGTAGCTGTTCA-1",0
"TAGTGGTCAGTATAAG-1",0
"TAGTGGTGTAGCGTAG-1",2.07065390954384
"TAGTGGTTCAGCATGT-1",2.3997154407563
"TAGTGGTTCGGCGCAT-1",2.29944114250408
"TAGTGGTTCTCAAGTG-1",1.97189696193637
"TAGTGGTTCTGGGCCA-1",0
"TAGTGGTTCTTTAGTC-1",1.79929908775394
"TAGTTGGAGATAGGAG-1",3.04346413467669
"TAGTTGGCAGACGCAA-1",3.19745256396291
"TAGTTGGCATGCGCAC-1",4.26628118902865
"TAGTTGGGTATGGTTC-1",4.89532703335458
"TAGTTGGTCCGAATGT-1",4.91322219546397
"TAGTTGGTCTACTCAT-1",4.85730406878962
"TAGTTGGTCTCTAAGG-1",3.23104062509362
"TAGTTGGTCTGATACG-1",1.91255137370802
"TATCAGGAGAGTAAGG-1",0
"TATCAGGAGATCCGAG-1",0
"TATCAGGAGCAGATCG-1",1.765178472664
"TATCAGGAGGTGCTTT-1",0
"TATCAGGCAACTTGAC-1",3.04576327731733
"TATCAGGCACGTTGGC-1",2.88359878250211
"TATCAGGGTCCGTTAA-1",0
"TATCAGGGTCTGCAAT-1",0
"TATCAGGGTTAAAGAC-1",0
"TATCAGGTCAAGATCC-1",4.8706392852452
"TATCAGGTCCACTCCA-1",2.72638265589467
"TATCAGGTCGTAGGTT-1",1.64390993462428
"TATCTCAAGAGTTGGC-1",0
"TATCTCAAGCCACCTG-1",0
"TATCTCAAGCGTAATA-1",0
"TATCTCAAGGCTAGCA-1",0
"TATCTCAAGTGGGCTA-1",4.41792500398979
"TATCTCACATGTCCTC-1",1.59269054257672
"TATCTCAGTAACGACG-1",0
"TATCTCAGTACCTACA-1",0
"TATCTCAGTACGACCC-1",0
"TATCTCAGTCAATGTC-1",0
"TATCTCATCAAGCCTA-1",6.65752414895248
"TATGCCCAGAAACCGC-1",5.62395248458219
"TATGCCCAGGTAGCTG-1",0
"TATGCCCCAATGGAAT-1",0
"TATGCCCCACTTAACG-1",4.85730406878962
"TATGCCCCATGTTCCC-1",3.0774599449568
"TATGCCCGTAGCCTCG-1",0
"TATGCCCGTATAGGGC-1",3.61686163021904
"TATGCCCGTATGAAAC-1",1.42540873735213
"TATGCCCGTCGCCATG-1",1.49492693042676
"TATGCCCGTGCCTTGG-1",1.87235238324284
"TATGCCCGTTAAGATG-1",0
"TATGCCCGTTGGTGGA-1",1.78141811543332
"TATGCCCGTTTAGGAA-1",1.89842446852378
"TATTACCAGAGAGCTC-1",3.61686163021904
"TATTACCAGCAAATCA-1",5.97483593489831
"TATTACCAGCCCGAAA-1",1.60624557133513
"TATTACCAGTATCTCG-1",2.45138897878499
"TATTACCCAAAGTGCG-1",2.38930337767195
"TATTACCCAGACAAGC-1",1.76397536465063
"TATTACCCAGTCAGCC-1",1.59581825460255
"TATTACCCATAAAGGT-1",5.0588372211241
"TATTACCCATCTACGA-1",2.34293638851761
"TATTACCGTCCAGTAT-1",0
"TCAACGAAGCCGATTT-1",0
"TCAACGAAGCGATGAC-1",7.04555721919278
"TCAACGAAGGCATGTG-1",1.79719676565528
"TCAACGAAGTAGTGCG-1",3.33163257152217
"TCAACGACACCAGGCT-1",2.0421170844929
"TCAACGACATGCCTTC-1",1.00985418634354
"TCAACGAGTTACCAGT-1",1.74227429204333
"TCAACGAGTTCCATGA-1",3.5109695058841
"TCAACGAGTTCTGGTA-1",1.60624557133513
"TCAACGATCAGTCCCT-1",1.86632271113697
"TCAACGATCTGTGCAA-1",0
"TCAATCTAGATCCCGC-1",3.38825194973156
"TCAATCTCACAAGCCC-1",0
"TCAATCTCACAGCCCA-1",0
"TCAATCTCATGACGGA-1",3.37086397056486
"TCAATCTCATTTGCTT-1",1.91205973214532
"TCAATCTGTAGTGAAT-1",1.74227429204333
"TCAATCTGTTAGATGA-1",3.61686163021904
"TCAATCTTCAGATAAG-1",1.88551008878341
"TCAATCTTCATGTCCC-1",4.85730406878962
"TCACAAGAGACTGGGT-1",5.97483593489831
"TCACAAGAGAGAGCTC-1",1.54254367760407
"TCACAAGAGGCCCTCA-1",1.68989523212849
"TCACAAGAGGTGGGTT-1",0.741644132588294
"TCACAAGAGTAGATGT-1",0
"TCACAAGCAGTATGCT-1",1.30768372708065
"TCACAAGCATAACCTG-1",2.2043674648486
"TCACAAGCATGACATC-1",5.62395248458219
"TCACAAGGTCAGATAA-1",3.0774599449568
"TCACAAGGTGTGGTTT-1",0
"TCACAAGTCATCATTC-1",2.09651480349671
"TCACAAGTCATGCATG-1",1.73878608352274
"TCACGAAAGCTCCTTC-1",2.12520704909252
"TCACGAAAGGTGCTTT-1",1.88551008878341
"TCACGAAAGTCTCGGC-1",1.4518903455172
"TCACGAACACAAGACG-1",0
"TCACGAACACTGTCGG-1",1.73071383450644
"TCACGAAGTGGTCCGT-1",0
"TCACGAAGTTGGTGGA-1",0
"TCACGAATCATGCAAC-1",1.86863594734354
"TCACGAATCCCGACTT-1",1.89842446852378
"TCACGAATCCTCGCAT-1",0
"TCACGAATCGTCACGG-1",1.97189696193637
"TCAGATGAGGTGCACA-1",0
"TCAGATGGTCTTGTCC-1",0
"TCAGATGGTGCCTGCA-1",0
"TCAGATGGTGCTGTAT-1",0
"TCAGATGTCAGTTTGG-1",3.44978646120284
"TCAGATGTCGCATGAT-1",2.07917908596773
"TCAGATGTCTCCTATA-1",1.81807007627788
"TCAGCAAAGGAGTCTG-1",2.76809953575153
"TCAGCAAAGGCTCATT-1",0
"TCAGCAAAGTACGACG-1",0
"TCAGCAAAGTGGCACA-1",0
"TCAGCAACACGCATCG-1",4.96138492684985
"TCAGCAAGTACCGGCT-1",0
"TCAGCAATCAGCGATT-1",1.85168883456166
"TCAGCAATCGGAAACG-1",4.91819737071142
"TCAGCAATCTTCAACT-1",1.70299123288682
"TCAGCTCAGGTGTTAA-1",1.91205973214532
"TCAGCTCAGTATGACA-1",1.35974347987893
"TCAGCTCCAATCTGCA-1",1.38054700437752
"TCAGCTCCACGGTTTA-1",1.87235238324284
"TCAGCTCGTAATAGCA-1",0
"TCAGCTCGTCCGTCAG-1",3.16796180010947
"TCAGCTCGTTCACGGC-1",1.80309888769423
"TCAGCTCTCACGATGT-1",5.97483593489831
"TCAGCTCTCATGCATG-1",3.33901862140885
"TCAGCTCTCCTAAGTG-1",0
"TCAGCTCTCTCGTATT-1",1.91501447476243
"TCAGGATAGACAGAGA-1",1.91205973214532
"TCAGGATAGATATGGT-1",1.19117650313969
"TCAGGATCAAACGTGG-1",0
"TCAGGATCAAGTTCTG-1",2.87238469307232
"TCAGGATCACGGTGTC-1",4.37874373418384
"TCAGGATCACTGTGTA-1",0
"TCAGGATCAGCATACT-1",3.16176660806251
"TCAGGATCATCTGGTA-1",2.74072533080423
"TCAGGATGTAAGCACG-1",0
"TCAGGATGTGGCCCTA-1",0
"TCAGGATTCCGATATG-1",0
"TCAGGATTCTCGATGA-1",0
"TCAGGTAAGATGGCGT-1",6.40445319025469
"TCAGGTAAGTGTTTGC-1",1.89842446852378
"TCAGGTACACAAGTAA-1",4.22130958632143
"TCAGGTACACAGAGGT-1",0
"TCAGGTACAGCTGCTG-1",1.65102120092132
"TCAGGTAGTAAACGCG-1",3.44978646120284
"TCATTACAGAAACCAT-1",0
"TCATTACAGGAGTTGC-1",3.4290417551693
"TCATTACAGTTGCAGG-1",1.80309888769423
"TCATTACCACATCCAA-1",0
"TCATTACCAGTCAGCC-1",2.09651480349671
"TCATTACGTACGCACC-1",0
"TCATTACGTCTAGAGG-1",4.96138492684985
"TCATTACGTGAAGGCT-1",0
"TCATTACGTTCTGTTT-1",1.38054700437752
"TCATTACTCATCGATG-1",1.93704846870536
"TCATTTGAGCCAGTTT-1",0
"TCATTTGCACGTCTCT-1",5.85355015832458
"TCATTTGCAGTTAACC-1",0
"TCATTTGTCCAGAGGA-1",2.09651480349671
"TCATTTGTCCCTTGCA-1",4.78760820449129
"TCATTTGTCCGTCAAA-1",1.765178472664
"TCATTTGTCGCTAGCG-1",6.94194231775823
"TCATTTGTCGTACGGC-1",4.37874373418384
"TCATTTGTCTCTGCTG-1",0
"TCCACACCAAAGAATC-1",1.93704846870536
"TCCACACCACGCCAGT-1",0
"TCCACACGTACAGCAG-1",0
"TCCACACGTAGCCTAT-1",4.89532703335458
"TCCACACGTCATCGGC-1",3.44978646120284
"TCCACACGTGACCAAG-1",0
"TCCACACGTGCGAAAC-1",0
"TCCACACTCAACACCA-1",1.86632271113697
"TCCACACTCCAGTATG-1",1.89842446852378
"TCCACACTCCCATTTA-1",2.39426682179279
"TCCACACTCGAACTGT-1",1.7575931396333
"TCCCGATAGAAGAAGC-1",0
"TCCCGATAGCACAGGT-1",0
"TCCCGATAGCCGGTAA-1",1.81075940747296
"TCCCGATCAAGGTTCT-1",0
"TCCCGATCAGCCAATT-1",0
"TCCCGATCATCCAACA-1",1.30768372708065
"TCCCGATGTAAGGATT-1",0
"TCCCGATGTCAATACC-1",1.93704846870536
"TCCCGATTCAGAAATG-1",3.47235809681267
"TCCCGATTCAGTCCCT-1",6.40445319025469
"TCCCGATTCATCTGTT-1",0
"TCCCGATTCCCTAATT-1",0
"TCCCGATTCTGGAGCC-1",1.83867602177912
"TCGAGGCAGCGATGAC-1",1.765178472664
"TCGAGGCAGTGTTTGC-1",1.52796870963328
"TCGAGGCCAAAGAATC-1",2.91056374256074
"TCGAGGCCAAGTTCTG-1",1.93704846870536
"TCGAGGCCAGTAACGG-1",1.68989523212849
"TCGAGGCGTATATCCG-1",1.40140761631585
"TCGAGGCTCGCAAGCC-1",1.59269054257672
"TCGAGGCTCTTGAGAC-1",1.81807007627788
"TCGAGGCTCTTTCCTC-1",0
"TCGCGAGAGACAAAGG-1",1.86632271113697
"TCGCGAGAGTGAATTG-1",0
"TCGCGAGCAAGCGTAG-1",0
"TCGCGAGCACCGAATT-1",0
"TCGCGAGCAGTAAGAT-1",3.47235809681267
"TCGCGAGTCCACGAAT-1",0
"TCGCGAGTCTAGCACA-1",0
"TCGCGAGTCTCTAGGA-1",1.7399468934154
"TCGCGAGTCTTCATGT-1",1.80309888769423
"TCGCGTTAGTGGGCTA-1",0
"TCGCGTTCACAGGCCT-1",0
"TCGCGTTCATCACAAC-1",1.88551008878341
"TCGCGTTCATCTCGCT-1",2.45138897878499
"TCGCGTTGTTCACCTC-1",1.52796870963328
"TCGCGTTTCAAGATCC-1",0
"TCGCGTTTCAGGTAAA-1",3.37086397056486
"TCGCGTTTCATTCACT-1",0
"TCGCGTTTCCTGTACC-1",1.74812676048036
"TCGCGTTTCGCCCTTA-1",2.98412185742998
"TCGGGACCACACATGT-1",0
"TCGGGACTCCTTGCCA-1",1.7575931396333
"TCGGGACTCTGCGGCA-1",3.33901862140885
"TCGGGACTCTTGTCAT-1",0
"TCGGTAAAGACAGGCT-1",1.73878608352274
"TCGGTAAAGCTCAACT-1",0
"TCGGTAACAAGCTGAG-1",2.67131361394878
"TCGGTAACAGGAATGC-1",0
"TCGGTAAGTATATGGA-1",0
"TCGGTAAGTCTAGTCA-1",0
"TCGGTAATCCCGGATG-1",5.97483593489831
"TCGTACCAGCAGGCTA-1",1.74773507627559
"TCGTACCAGTTTCCTT-1",0
"TCGTACCGTTTGCATG-1",1.59581825460255
"TCGTACCTCGGGAGTA-1",0
"TCGTAGAAGCTAACTC-1",2.72638265589467
"TCGTAGAAGGCGACAT-1",5.62395248458219
"TCGTAGAAGGGAACGG-1",0
"TCGTAGAAGTCCATAC-1",0
"TCGTAGACAATCCAAC-1",0
"TCGTAGACACTCAGGC-1",3.38050789617793
"TCGTAGAGTATGAATG-1",0
"TCGTAGAGTGAGCGAT-1",2.38930337767195
"TCGTAGAGTGTGTGCC-1",1.35974347987893
"TCGTAGAGTTCAACCA-1",3.34578632156623
"TCGTAGAGTTCCATGA-1",0
"TCGTAGATCCAAGCCG-1",1.58957753864035
"TCGTAGATCTTAGCCC-1",0
"TCTATTGAGCGATTCT-1",1.7575931396333
"TCTATTGAGTGCCATT-1",4.04255087148021
"TCTATTGCACATCTTT-1",1.5724110491452
"TCTATTGGTAAGTGTA-1",0
"TCTATTGGTCCAACTA-1",1.29967099461141
"TCTATTGGTCTGCCAG-1",1.73878608352274
"TCTATTGGTTGCTCCT-1",6.40445319025469
"TCTATTGTCGGCGCTA-1",0.741644132588294
"TCTCATAAGCTAAACA-1",1.57271369846091
"TCTCATAAGCTAGTCT-1",0
"TCTCATAAGTGCCATT-1",5.56947894655872
"TCTCATAGTACCGGCT-1",1.60624557133513
"TCTCATAGTGTAAGTA-1",0
"TCTCATATCAAGCCTA-1",0
"TCTCATATCACCTTAT-1",1.74227429204333
"TCTCATATCCTGTACC-1",0
"TCTCTAAAGACCGGAT-1",3.38825194973156
"TCTCTAAAGGGTGTTG-1",1.40140761631585
"TCTCTAACAGCCTATA-1",0
"TCTCTAAGTCCAGTAT-1",0
"TCTCTAAGTCCATGAT-1",0
"TCTCTAAGTCTCATCC-1",3.40179220403026
"TCTCTAAGTGGAAAGA-1",0
"TCTCTAATCAAACCAC-1",0
"TCTCTAATCACAGGCC-1",1.80309888769423
"TCTCTAATCACATACG-1",2.09651480349671
"TCTCTAATCCGTAGGC-1",3.61686163021904
"TCTCTAATCGTATCAG-1",1.00985418634354
"TCTGAGACAAACCTAC-1",0
"TCTGAGACAGAGTGTG-1",2.03053141664232
"TCTGAGAGTAAGGGAA-1",1.73878608352274
"TCTGAGATCCTTGACC-1",1.7399468934154
"TCTGAGATCTATCCTA-1",0
"TCTGGAAAGCGATGAC-1",2.79070949849969
"TCTGGAAAGCTCTCGG-1",6.181978503225
"TCTGGAAAGGAGCGAG-1",0
"TCTGGAACACAAGACG-1",4.41792500398979
"TCTGGAACACACTGCG-1",1.86632271113697
"TCTGGAACACTTCTGC-1",2.63337238748104
"TCTGGAAGTGAGTATA-1",3.38279849668128
"TCTTCGGAGGTTCCTA-1",3.44978646120284
"TCTTCGGAGTTCGATC-1",5.56947894655872
"TCTTCGGCAAAGCAAT-1",1.81807007627788
"TCTTCGGCAAAGGTGC-1",0
"TCTTCGGCAATAGCAA-1",0
"TCTTCGGCAATGTAAG-1",0
"TCTTCGGCACACCGAC-1",0
"TCTTCGGCAGCCAATT-1",2.49148901387171
"TCTTCGGGTCATTAGC-1",1.79929908775394
"TCTTCGGTCGTAGGTT-1",5.56947894655872
"TCTTCGGTCTCTAAGG-1",1.86770977587311
"TCTTTCCAGAGAGCTC-1",0
"TCTTTCCAGTCATCCA-1",0
"TCTTTCCCATCTCCCA-1",1.33015808691142
"TCTTTCCGTAATCACC-1",2.91056374256074
"TCTTTCCGTAGTACCT-1",1.64256384034015
"TCTTTCCTCACAACGT-1",0
"TCTTTCCTCAGCTGGC-1",0
"TCTTTCCTCCAAGTAC-1",0
"TCTTTCCTCCTCGCAT-1",4.60079892218529
"TGAAAGAAGCTAAGAT-1",0
"TGAAAGACAAGCCGTC-1",1.64256384034015
"TGAAAGACACATTCGA-1",0
"TGAAAGACATGAGCGA-1",1.89842446852378
"TGAAAGAGTCTAGCGC-1",5.97483593489831
"TGAAAGAGTCTCATCC-1",1.16884662524313
"TGAAAGATCCCGACTT-1",2.39426682179279
"TGAAAGATCTATGTGG-1",1.80225274494389
"TGACAACCAAGCGAGT-1",0
"TGACAACGTAGGGACT-1",4.89532703335458
"TGACAACGTGCGCTTG-1",1.76357478287235
"TGACAACGTGGTTTCA-1",2.45138897878499
"TGACAACTCACAAACC-1",1.76397536465063
"TGACAACTCCACGTGG-1",0
"TGACAACTCGAATGCT-1",1.58926704261798
"TGACGGCAGCGCCTCA-1",1.52796870963328
"TGACGGCAGGCTCAGA-1",0
"TGACGGCAGTCAAGCG-1",0
"TGACGGCCACAGACTT-1",1.86632271113697
"TGACGGCGTCATCCCT-1",1.81807007627788
"TGACGGCTCAGGCGAA-1",0
"TGACGGCTCCACTGGG-1",2.38930337767195
"TGACTAGAGACCCACC-1",3.16796180010947
"TGACTAGAGGGCATGT-1",1.69604849673951
"TGACTAGAGTCTCAAC-1",1.69604849673951
"TGACTAGAGTTGAGAT-1",0
"TGACTAGCAGCATACT-1",2.76809953575153
"TGACTAGCAGTCAGAG-1",0
"TGACTAGCATTTCACT-1",1.52796870963328
"TGACTAGGTAAATACG-1",0
"TGACTAGGTGAAAGAG-1",0
"TGACTAGGTGCAGTAG-1",1.31580984694107
"TGACTAGTCATGCATG-1",1.59581825460255
"TGACTAGTCCATGCTC-1",0
"TGACTAGTCTGTTGAG-1",1.74812676048036
"TGACTTTAGAACAATC-1",0
"TGACTTTAGTCTCGGC-1",3.72970273666038
"TGACTTTAGTTAGGTA-1",4.09948763167157
"TGACTTTCAGTCCTTC-1",1.86632271113697
"TGACTTTCATTATCTC-1",1.73071383450644
"TGACTTTGTCACACGC-1",4.26628118902865
"TGACTTTTCCTCAATT-1",0
"TGACTTTTCTGCCCTA-1",0
"TGAGAGGAGGCTCATT-1",1.74227429204333
"TGAGAGGCAAAGTCAA-1",1.91205973214532
"TGAGAGGCAAGCCATT-1",1.77569188836057
"TGAGAGGCACCATGTA-1",3.40179220403026
"TGAGAGGGTCACTGGC-1",0
"TGAGAGGGTCTAAACC-1",1.93704846870536
"TGAGAGGTCGAACTGT-1",0
"TGAGAGGTCGCGTTTC-1",1.86632271113697
"TGAGAGGTCTGACCTC-1",2.72638265589467
"TGAGCATAGAAACGAG-1",3.31807256510856
"TGAGCATAGAAGCCCA-1",2.67131361394878
"TGAGCATAGATGTCGG-1",4.37874373418384
"TGAGCATAGGAATGGA-1",0
"TGAGCATCACCAGGCT-1",1.16884662524313
"TGAGCATCAGATGAGC-1",1.58926704261798
"TGAGCATCAGCGTAAG-1",1.76397536465063
"TGAGCATCAGCTGTAT-1",1.42540873735213
"TGAGCATGTGGCCCTA-1",0
"TGAGCATTCCACGTTC-1",0
"TGAGCATTCCGATATG-1",0
"TGAGCATTCGGCCGAT-1",6.98369596446112
"TGAGCCGCATCGGGTC-1",0
"TGAGCCGGTCGAACAG-1",3.33901862140885
"TGAGCCGGTGTAATGA-1",0
"TGAGCCGGTTGATTCG-1",1.68989523212849
"TGAGCCGTCATCTGCC-1",0
"TGAGCCGTCGTCACGG-1",0
"TGAGCCGTCTTGAGGT-1",1.39134050249977
"TGAGGGAAGAGACTAT-1",4.96138492684985
"TGAGGGAAGGAGTACC-1",0
"TGAGGGAAGTCATCCA-1",1.80309888769423
"TGAGGGAAGTCATGCT-1",0
"TGAGGGACACCAGTTA-1",0
"TGAGGGACATAAGACA-1",4.0325919816633
"TGAGGGAGTAAACGCG-1",0
"TGAGGGAGTTAGGGTG-1",0
"TGAGGGATCAACGGGA-1",0
"TGAGGGATCTAGCACA-1",0
"TGAGGGATCTCTTATG-1",1.81075940747296
"TGATTTCCATCCGGGT-1",0
"TGATTTCGTAGGCATG-1",0
"TGATTTCGTTAAGACA-1",2.03053141664232
"TGATTTCTCTGATTCT-1",0
"TGCACCTAGACCTTTG-1",3.0774599449568
"TGCACCTAGGACGAAA-1",2.45138897878499
"TGCACCTCAAGTTGTC-1",5.75500700675938
"TGCACCTCAATAGAGT-1",3.39764972990924
"TGCACCTCATCCGGGT-1",0
"TGCACCTGTAATCACC-1",1.80225274494389
"TGCACCTGTCACACGC-1",1.52796870963328
"TGCACCTTCACGGTTA-1",1.59269054257672
"TGCACCTTCATCGGAT-1",3.16796180010947
"TGCACCTTCCGCGGTA-1",1.80309888769423
"TGCACCTTCGAACTGT-1",1.58926704261798
"TGCACCTTCTCTTGAT-1",3.38825194973156
"TGCCAAACAATGTAAG-1",0
"TGCCAAACAATTCCTT-1",5.62395248458219
"TGCCAAAGTTCGCGAC-1",5.75500700675938
"TGCCAAATCCAAACTG-1",0
"TGCCAAATCCCTGACT-1",2.07917908596773
"TGCCAAATCGGCGGTT-1",4.3927242482931
"TGCCCATAGACTAGGC-1",2.88080459910332
"TGCCCATAGCGTCAAG-1",3.40179220403026
"TGCCCATAGCGTGAAC-1",4.60079892218529
"TGCCCATAGCTGTTCA-1",0
"TGCCCATAGGATGGAA-1",1.7575931396333
"TGCCCATAGTACGCCC-1",1.58957753864035
"TGCCCATAGTTGAGTA-1",0
"TGCCCATCACCAGGTC-1",4.09948763167157
"TGCCCATCACGAAATA-1",3.34578632156623
"TGCCCATCAGGACGTA-1",1.81807007627788
"TGCCCATCATGGAATA-1",1.81075940747296
"TGCCCATCATGGATGG-1",4.26628118902865
"TGCCCATGTAGCCTCG-1",2.7146913981727
"TGCCCATTCAAACCGT-1",6.181978503225
"TGCCCATTCAGGCCCA-1",2.34293638851761
"TGCCCATTCCTTCAAT-1",4.73251894597534
"TGCCCATTCGGAAATA-1",1.82545566694945
"TGCCCTAAGGTCGGAT-1",2.45138897878499
"TGCCCTAAGGTTCCTA-1",0
"TGCCCTACACCACCAG-1",3.6826655170114
"TGCCCTACAGCCACCA-1",1.89842446852378
"TGCCCTACAGTGAGTG-1",1.74227429204333
"TGCCCTAGTCCGAGTC-1",0
"TGCCCTAGTGGTTTCA-1",0
"TGCCCTAGTTTCGCTC-1",1.60624557133513
"TGCCCTATCGACGGAA-1",1.39134050249977
"TGCCCTATCTTCGGTC-1",5.03721838320926
"TGCGCAGAGACTAGGC-1",1.31580984694107
"TGCGCAGAGCACACAG-1",1.57271369846091
"TGCGCAGAGCGTCTAT-1",3.4290417551693
"TGCGCAGAGGAGCGAG-1",3.74696040639174
"TGCGCAGCAAACGTGG-1",0
"TGCGCAGCAGCTCGCA-1",4.96138492684985
"TGCGCAGCAGTAGAGC-1",1.93704846870536
"TGCGCAGTCCTACAGA-1",1.79719676565528
"TGCGGGTAGAGACTTA-1",1.40140761631585
"TGCGGGTAGATCGATA-1",3.44978646120284
"TGCGGGTAGCTCTCGG-1",1.7575931396333
"TGCGGGTAGGTGTGGT-1",0
"TGCGGGTAGTACTTGC-1",1.91501447476243
"TGCGGGTCAATGGAAT-1",0
"TGCGGGTCACACGCTG-1",3.61686163021904
"TGCGGGTCATTGGGCC-1",0
"TGCGGGTGTAGAAAGG-1",1.59581825460255
"TGCGGGTGTCACCTAA-1",0
"TGCGGGTGTCAGATAA-1",0
"TGCGGGTGTTAGAACA-1",3.37086397056486
"TGCGGGTTCAGTTCGA-1",0
"TGCGGGTTCGTAGATC-1",0
"TGCGGGTTCTCTTGAT-1",2.7146913981727
"TGCGTGGAGACGCAAC-1",2.09651480349671
"TGCGTGGAGACTGGGT-1",0
"TGCGTGGCAATTCCTT-1",0
"TGCGTGGGTGCACCAC-1",1.77569188836057
"TGCGTGGTCCGCGCAA-1",2.0421170844929
"TGCGTGGTCGCCCTTA-1",3.16176660806251
"TGCGTGGTCTGGCGAC-1",3.33280702350648
"TGCTACCAGAAAGTGG-1",0
"TGCTACCAGATGGCGT-1",0
"TGCTACCAGCAAATCA-1",1.79929908775394
"TGCTACCAGTCCGTAT-1",0
"TGCTACCCAAGAGGCT-1",0
"TGCTACCCACTTAACG-1",9.50443752371636
"TGCTACCCATCGTCGG-1",0
"TGCTACCCATGGTTGT-1",0
"TGCTACCGTGTGACGA-1",0.741644132588294
"TGCTACCTCCTCGCAT-1",5.97483593489831
"TGCTACCTCTTCTGGC-1",0
"TGCTGCTAGACTAAGT-1",7.62171392211218
"TGCTGCTAGGTGATAT-1",1.51843218067683
"TGCTGCTCAATAGAGT-1",0
"TGCTGCTCACAGACAG-1",0
"TGCTGCTCATCCCATC-1",1.80309888769423
"TGCTGCTCATGGTTGT-1",0
"TGCTGCTGTCATACTG-1",2.09651480349671
"TGCTGCTGTGAAGGCT-1",0
"TGCTGCTTCATTGCGA-1",1.81807007627788
"TGGACGCAGAGGTACC-1",4.09948763167157
"TGGACGCAGTCAAGGC-1",1.90132525334375
"TGGACGCCACAGAGGT-1",1.73071383450644
"TGGACGCCATGGTAGG-1",3.5109695058841
"TGGACGCGTCCGAACC-1",2.4095811393746
"TGGACGCGTCTCCCTA-1",3.72970273666038
"TGGCCAGAGAAGGTGA-1",0
"TGGCCAGAGAGTACAT-1",0
"TGGCCAGAGGCGATAC-1",0
"TGGCCAGAGGCGTACA-1",3.64912789130643
"TGGCCAGCAACTGCGC-1",3.38825194973156
"TGGCCAGCACGACTCG-1",0
"TGGCCAGGTCAATACC-1",1.59581825460255
"TGGCCAGTCGTAGATC-1",0
"TGGCCAGTCTATCCCG-1",0
"TGGCGCAAGCTACCTA-1",1.64390993462428
"TGGCGCAAGCTATGCT-1",3.64943542925208
"TGGCGCAAGTGTGGCA-1",3.0774599449568
"TGGCGCAAGTTACCCA-1",0
"TGGCGCACACAGGCCT-1",3.16176660806251
"TGGCGCACACGGATAG-1",1.91205973214532
"TGGCGCACAGCGATCC-1",4.88806011015743
"TGGCGCACATAGGATA-1",0
"TGGCGCAGTACTCTCC-1",5.62395248458219
"TGGCGCAGTGGACGAT-1",0
"TGGCGCAGTTATGTGC-1",1.33015808691142
"TGGCGCATCAAGAAGT-1",1.59581825460255
"TGGCGCATCATGCTCC-1",4.09631045770385
"TGGCGCATCATGTGGT-1",1.4518903455172
"TGGCGCATCATTATCC-1",1.79929908775394
"TGGCGCATCGTGGTCG-1",1.7575931396333
"TGGCTGGAGCGGATCA-1",0
"TGGCTGGAGTGCAAGC-1",3.16796180010947
"TGGCTGGCAAGTTAAG-1",4.73464582030799
"TGGCTGGCACGGATAG-1",2.39426682179279
"TGGCTGGCAGGAACGT-1",1.8498800654113
"TGGCTGGGTCGAGTTT-1",1.87235238324284
"TGGCTGGGTCGGCATC-1",3.44978646120284
"TGGCTGGGTCTAGCCG-1",1.79719676565528
"TGGCTGGGTTACGCGC-1",1.58926704261798
"TGGCTGGGTTGGACCC-1",0
"TGGCTGGTCTCGTTTA-1",1.86632271113697
"TGGGAAGAGATATACG-1",4.09948763167157
"TGGGAAGAGCCCAATT-1",3.6100584952269
"TGGGAAGAGCGCTCCA-1",3.64912789130643
"TGGGAAGAGGGCTTCC-1",0
"TGGGAAGAGTAAGTAC-1",0
"TGGGAAGAGTTAACGA-1",1.87235238324284
"TGGGAAGCAAGGTGTG-1",1.72084710114249
"TGGGAAGCAGATCCAT-1",2.88080459910332
"TGGGAAGCAGCGAACA-1",0
"TGGGAAGGTAAGTTCC-1",0
"TGGGAAGGTTAGATGA-1",3.72970273666038
"TGGGAAGGTTATTCTC-1",5.62395248458219
"TGGGAAGTCCCAAGAT-1",1.7399468934154
"TGGGAAGTCCTTCAAT-1",1.76397536465063
"TGGGAAGTCGTGGACC-1",2.03053141664232
"TGGGAAGTCTCCTATA-1",0
"TGGGCGTAGTCTCCTC-1",0
"TGGGCGTCAGACGTAG-1",0
"TGGGCGTCAGGGATTG-1",4.60079892218529
"TGGGCGTGTCCAAGTT-1",1.40140761631585
"TGGGCGTGTCTAGAGG-1",1.69604849673951
"TGGGCGTGTGGCTCCA-1",6.11148834079481
"TGGGCGTGTTTCGCTC-1",2.45138897878499
"TGGGCGTTCAGCTTAG-1",0
"TGGTTAGAGCTACCTA-1",1.73071383450644
"TGGTTAGAGTTAGGTA-1",0
"TGGTTAGGTGATGATA-1",1.91501447476243
"TGGTTAGGTTCACGGC-1",1.76357478287235
"TGGTTAGTCCCGACTT-1",1.87235238324284
"TGGTTAGTCTTGTATC-1",1.59269054257672
"TGGTTCCAGCCGTCGT-1",1.73071383450644
"TGGTTCCAGTAATCCC-1",0
"TGGTTCCCAAGTTGTC-1",0
"TGGTTCCCAGACAAAT-1",1.59269054257672
"TGGTTCCCAGACAGGT-1",1.38054700437752
"TGGTTCCCAGCTCGAC-1",0
"TGGTTCCCATGTCCTC-1",6.91492220650122
"TGGTTCCCATTTCACT-1",1.69604849673951
"TGGTTCCGTCCAAGTT-1",4.78760820449129
"TGGTTCCTCACATACG-1",0
"TGGTTCCTCAGCTTAG-1",2.29944114250408
"TGGTTCCTCTAACTTC-1",3.54189174361362
"TGGTTCCTCTAGAGTC-1",0
"TGGTTCCTCTGGGCCA-1",1.90132525334375
"TGTATTCAGCCCGAAA-1",1.86770977587311
"TGTATTCAGCGATCCC-1",0
"TGTATTCCAGGGCATA-1",1.77569188836057
"TGTATTCGTAAGAGAG-1",2.12520704909252
"TGTATTCGTTTGTTTC-1",0
"TGTATTCTCAGCATGT-1",1.52796870963328
"TGTATTCTCATCTGTT-1",1.69604849673951
"TGTCCCAAGCAGATCG-1",0
"TGTCCCAAGCTAGTTC-1",0
"TGTCCCAAGCTGAACG-1",2.98412185742998
"TGTCCCAAGTTGTCGT-1",0
"TGTCCCACAGTAAGCG-1",1.72880552249059
"TGTCCCACATCACGTA-1",1.74812676048036
"TGTCCCAGTAAGAGGA-1",0
"TGTCCCAGTAAGTGGC-1",0
"TGTCCCAGTCGGATCC-1",0
"TGTCCCATCATTTGGG-1",2.38930337767195
"TGTCCCATCTGCAAGT-1",4.78760820449129
"TGTCCCATCTGCGTAA-1",1.38054700437752
"TGTGGTAGTCCCGACA-1",0
"TGTGGTAGTGTGAAAT-1",0
"TGTGGTAGTGTGACGA-1",0
"TGTGGTATCCAGGGCT-1",4.46014171632264
"TGTGGTATCTTGCATT-1",1.68989523212849
"TGTGTTTAGAGGTTAT-1",0
"TGTGTTTAGCGTGAGT-1",1.60624557133513
"TGTGTTTAGTGCGTGA-1",0
"TGTGTTTCATGCGCAC-1",0
"TGTGTTTTCTCATTCA-1",6.181978503225
"TGTGTTTTCTTTCCTC-1",1.79929908775394
"TGTTCCGAGAGCAATT-1",0
"TGTTCCGAGCAACGGT-1",1.58926704261798
"TGTTCCGAGGAATTAC-1",0
"TGTTCCGAGGACTGGT-1",1.77569188836057
"TGTTCCGCAGTGAGTG-1",1.60624557133513
"TGTTCCGGTGAGTATA-1",1.91205973214532
"TGTTCCGTCAAGCCTA-1",3.6826655170114
"TGTTCCGTCAGTTCGA-1",1.39134050249977
"TGTTCCGTCGGCGGTT-1",1.5724110491452
"TGTTCCGTCTGAAAGA-1",0
"TGTTCCGTCTGGTATG-1",1.53678872974404
"TTAACTCAGTGTACGG-1",0
"TTAACTCCAAGCGCTC-1",1.38054700437752
"TTAACTCCAGGCAGTA-1",1.78306268190063
"TTAACTCGTTCCACAA-1",1.64864247193383
"TTAACTCTCATAAAGG-1",0
"TTAACTCTCCCTCAGT-1",2.45138897878499
"TTAGGACAGCAGGCTA-1",1.5754438385365
"TTAGGACAGCTCTCGG-1",0
"TTAGGACCAAGCCATT-1",0
"TTAGGACCAGTCAGAG-1",2.03053141664232
"TTAGGACGTTTGTTTC-1",3.16176660806251
"TTAGGCAAGAAGATTC-1",0
"TTAGGCAAGAGCCCAA-1",0
"TTAGGCAAGAGTGACC-1",1.76397536465063
"TTAGGCAAGGTTCCTA-1",1.42540873735213
"TTAGGCAAGTCGTTTG-1",1.42540873735213
"TTAGGCAAGTGTACCT-1",2.89451718111799
"TTAGGCACAGACGCTC-1",0
"TTAGGCACATGTTCCC-1",4.09948763167157
"TTAGGCAGTAAGGATT-1",3.64912789130643
"TTAGGCAGTAAGTAGT-1",1.81075940747296
"TTAGGCAGTCTTGATG-1",2.39426682179279
"TTAGGCATCACGCATA-1",0
"TTAGGCATCAGTCAGT-1",5.75500700675938
"TTAGGCATCCAGTATG-1",0
"TTAGGCATCGTTACGA-1",2.29944114250408
"TTAGTTCAGGTGCAAC-1",0
"TTAGTTCCAATGTAAG-1",4.18974579462561
"TTAGTTCCATCCTTGC-1",0
"TTAGTTCGTAGCCTAT-1",0
"TTAGTTCGTGCAGACA-1",1.93704846870536
"TTAGTTCGTGTCAATC-1",0
"TTAGTTCGTTGCCTCT-1",0
"TTAGTTCTCAGGCCCA-1",0
"TTAGTTCTCGCAGGCT-1",1.16884662524313
"TTAGTTCTCTACTATC-1",0
"TTATGCTAGAATGTGT-1",9.50443752371636
"TTATGCTAGCACACAG-1",0
"TTATGCTAGCAGCCTC-1",1.44764588007413
"TTATGCTAGTCCCACG-1",1.52796870963328
"TTATGCTCAGCCAGAA-1",1.54254367760407
"TTATGCTCATACCATG-1",0
"TTATGCTCATGTAGTC-1",1.75323859068789
"TTATGCTGTCCGAGTC-1",1.82545566694945
"TTATGCTTCGATAGAA-1",0
"TTCCCAGAGAATTCCC-1",1.76397536465063
"TTCCCAGAGACTAGAT-1",1.30025350464803
"TTCCCAGAGTATCGAA-1",0
"TTCCCAGCAGATGGGT-1",0
"TTCCCAGCATCAGTAC-1",4.96138492684985
"TTCCCAGCATCTCCCA-1",0
"TTCCCAGCATTACCTT-1",2.92609061192788
"TTCCCAGTCAACACTG-1",7.62171392211218
"TTCCCAGTCGAGAGCA-1",0.741644132588294
"TTCGAAGAGTCTCAAC-1",0
"TTCGAAGCAAGCGCTC-1",0
"TTCGAAGCACATTAGC-1",1.91205973214532
"TTCGAAGCACGGTGTC-1",1.91501447476243
"TTCGGTCAGAGGACGG-1",1.81807007627788
"TTCGGTCAGCACACAG-1",4.89532703335458
"TTCGGTCAGGCCCTCA-1",0
"TTCGGTCAGTGAATTG-1",1.91205973214532
"TTCGGTCAGTTGAGAT-1",0
"TTCGGTCCAAGGGTCA-1",8.6537163590741
"TTCGGTCCACGTCAGC-1",0
"TTCGGTCGTAACGTTC-1",0
"TTCGGTCGTAGAGTGC-1",1.76357478287235
"TTCGGTCGTTCATGGT-1",4.46014171632264
"TTCGGTCGTTCTGTTT-1",2.03053141664232
"TTCGGTCTCAAAGACA-1",2.2043674648486
"TTCGGTCTCCAGTATG-1",2.76809953575153
"TTCGGTCTCGCGTTTC-1",0
"TTCGGTCTCGTCTGAA-1",1.74812676048036
"TTCTACAAGACTAAGT-1",0
"TTCTACAAGCAGCCTC-1",0
"TTCTACAAGCCTTGAT-1",1.79719676565528
"TTCTACAAGGCAGGTT-1",3.38825194973156
"TTCTACAAGGTAAACT-1",1.80309888769423
"TTCTACAAGTTAGGTA-1",2.63337238748104
"TTCTACACACGTGAGA-1",0
"TTCTACACAGCTGTTA-1",1.81075940747296
"TTCTACACATCGATTG-1",0
"TTCTACACATTACGAC-1",1.58957753864035
"TTCTACAGTACCGTTA-1",2.88080459910332
"TTCTACAGTATATGAG-1",3.04576327731733
"TTCTACAGTGGCTCCA-1",1.78306268190063
"TTCTACATCAACGGGA-1",0
"TTCTACATCCGCGTTT-1",0
"TTCTCAAAGAAAGTGG-1",1.35974347987893
"TTCTCAAAGAATCTCC-1",0
"TTCTCAAAGAGGTTAT-1",0
"TTCTCAAAGCAGCCTC-1",3.33280702350648
"TTCTCAAAGCCGCCTA-1",1.79929908775394
"TTCTCAAAGTCAATAG-1",6.11148834079482
"TTCTCAAAGTTGAGAT-1",0
"TTCTCAACACCCAGTG-1",0
"TTCTCAACATTGTGCA-1",0
"TTCTCAAGTATAAACG-1",0
"TTCTCAAGTCCCTTGT-1",0
"TTCTCAAGTCGAGATG-1",0
"TTCTCAATCATCGCTC-1",3.0774599449568
"TTCTCAATCCCTAACC-1",3.6826655170114
"TTCTCAATCGTAGGAG-1",0
"TTCTCCTAGAGTAAGG-1",1.96132437873694
"TTCTCCTAGCGACGTA-1",4.37874373418384
"TTCTCCTAGCGTGAGT-1",2.63337238748104
"TTCTCCTAGTCTCGGC-1",2.3997154407563
"TTCTCCTCAACACGCC-1",1.77569188836057
"TTCTCCTCAATAACGA-1",2.63337238748104
"TTCTCCTGTTAAGAAC-1",3.34578632156623
"TTCTCCTTCAGTTCGA-1",3.61686163021904
"TTCTCCTTCCGTAGGC-1",0
"TTCTCCTTCCTTTCTC-1",1.39134050249977
"TTCTCCTTCTGCAAGT-1",1.75323859068789
"TTCTCCTTCTTCAACT-1",0
"TTCTCCTTCTTGTACT-1",4.96138492684985
"TTCTTAGAGGACTGGT-1",0
"TTCTTAGCAAGGTGTG-1",0
"TTCTTAGCATCGGAAG-1",3.27134920009466
"TTCTTAGGTAGAAGGA-1",2.29944114250408
"TTCTTAGGTCATATGC-1",1.87235238324284
"TTCTTAGTCAGTTCGA-1",1.53937212158794
"TTGAACGGTCACTTCC-1",0
"TTGAACGTCATGTCCC-1",0
"TTGACTTAGCCACGTC-1",2.03053141664232
"TTGACTTAGCGACGTA-1",0
"TTGACTTAGTTAACGA-1",0
"TTGACTTCACTTACGA-1",1.59581825460255
"TTGACTTGTCTCTCTG-1",3.72970273666038
"TTGACTTGTGCGATAG-1",0
"TTGACTTTCCAGAGGA-1",0
"TTGACTTTCTGTCCGT-1",0
"TTGCCGTAGGAGCGTT-1",0
"TTGCCGTAGGTGGGTT-1",1.79929908775394
"TTGCCGTCATGGTCAT-1",1.72880552249059
"TTGCGTCAGACAGAGA-1",1.74227429204333
"TTGCGTCAGCTCCTTC-1",0
"TTGCGTCAGTCCATAC-1",0
"TTGCGTCAGTGAATTG-1",1.81807007627788
"TTGCGTCCAAATTGCC-1",1.68989523212849
"TTGCGTCCACTGTGTA-1",0
"TTGCGTCCAGTCACTA-1",5.97483593489831
"TTGCGTCGTCTGATTG-1",0
"TTGGAACAGCCCAATT-1",8.6537163590741
"TTGGAACAGCGTCTAT-1",1.00985418634354
"TTGGAACAGGCGTACA-1",0
"TTGGAACGTATTACCG-1",1.4518903455172
"TTGGAACTCCCATTAT-1",2.7146913981727
"TTGGAACTCCGTAGTA-1",0
"TTGGAACTCGTCCAGG-1",0
"TTGGCAAAGTTAGGTA-1",1.35974347987893
"TTGGCAAGTATAGGTA-1",0
"TTGGCAATCACATGCA-1",0
"TTGGCAATCAGAGCTT-1",4.96138492684985
"TTGGCAATCGCATGAT-1",1.57271369846091
"TTGGCAATCTAGAGTC-1",0
"TTGTAGGAGGTGCTAG-1",3.04346413467669
"TTGTAGGCACACGCTG-1",1.76397536465063
"TTGTAGGGTCTCCCTA-1",0
"TTGTAGGGTGGTAACG-1",3.61686163021904
"TTGTAGGTCGGCGCTA-1",1.76397536465063
"TTGTAGGTCTGCCAGG-1",5.56947894655872
"TTTACTGAGATCACGG-1",1.73071383450644
"TTTACTGCAAAGCAAT-1",1.87235238324284
"TTTACTGCACATGGGA-1",0
"TTTACTGCACCACGTG-1",4.09948763167157
"TTTACTGCATGGGACA-1",3.64912789130643
"TTTACTGCATGTCCTC-1",1.87235238324284
"TTTACTGGTAACGTTC-1",0
"TTTACTGGTGGTGTAG-1",7.62171392211218
"TTTACTGGTTCGCTAA-1",0
"TTTACTGTCTGGAGCC-1",0
"TTTATGCAGACTGTAA-1",1.57089989302168
"TTTATGCAGATGCGAC-1",0
"TTTATGCAGGCAAAGA-1",1.42540873735213
"TTTATGCAGGCCCGTT-1",3.23859217434358
"TTTATGCAGTTCCACA-1",1.60624557133513
"TTTATGCCAAACGCGA-1",1.95401084829981
"TTTATGCCAATCTGCA-1",1.85168883456166
"TTTATGCCACAGGTTT-1",0
"TTTATGCCAGCCAATT-1",2.07917908596773
"TTTATGCCAGGTCGTC-1",0
"TTTATGCCATGGTCAT-1",1.78306268190063
"TTTATGCTCACATAGC-1",0
"TTTATGCTCACCTTAT-1",0
"TTTATGCTCGGCGGTT-1",1.5754438385365
"TTTATGCTCTCGCTTG-1",0
"TTTCCTCAGCGTGAAC-1",0
"TTTCCTCAGGACTGGT-1",0
"TTTCCTCCAAAGTGCG-1",0
"TTTCCTCCAGGAATGC-1",1.40140761631585
"TTTCCTCCATTAGCCA-1",3.10630867518096
"TTTCCTCGTCCGAAGA-1",0
"TTTCCTCGTCGCTTTC-1",0
"TTTCCTCTCGGCCGAT-1",0
"TTTCCTCTCGTGTAGT-1",1.79929908775394
"TTTGCGCAGCTAAACA-1",0
"TTTGCGCAGCTAGTCT-1",1.93704846870536
"TTTGCGCAGGCCGAAT-1",0
"TTTGCGCAGTCAAGGC-1",2.35622996600174
"TTTGCGCCAAGTAGTA-1",1.93704846870536
"TTTGCGCCAGGTGCCT-1",1.39134050249977
"TTTGCGCGTCTAAACC-1",1.93704846870536
"TTTGCGCTCAAAGTAG-1",1.69604849673951
"TTTGCGCTCATGTAGC-1",0
"TTTGGTTAGAATGTGT-1",3.64912789130643
"TTTGGTTAGACAATAC-1",8.6537163590741
"TTTGGTTAGCGATTCT-1",1.33015808691142
"TTTGGTTAGGCTCAGA-1",1.91501447476243
"TTTGGTTAGTTACCCA-1",1.80309888769423
"TTTGGTTCAAACTGCT-1",1.16884662524313
"TTTGGTTCAAGCTGTT-1",4.26628118902865
"TTTGGTTCAGATCGGA-1",1.80309888769423
"TTTGGTTCATCACAAC-1",1.29967099461141
"TTTGGTTGTACTTCTT-1",1.16884662524313
"TTTGGTTGTATGCTTG-1",3.33280702350648
"TTTGGTTGTGCTTCTC-1",4.95664196439763
"TTTGGTTTCATGCTCC-1",1.44219588434135
"TTTGGTTTCCCTGACT-1",0
"TTTGTCAAGAGTCGGT-1",0
"TTTGTCACAAGTTCTG-1",3.62386461833735
"TTTGTCACAAGTTGTC-1",2.09651480349671
"TTTGTCATCACCTTAT-1",1.88172665405828
"TTTGTCATCCATTCTA-1",4.60079892218529
"TTTGTCATCCTTAATC-1",4.64282488392637
"TTTGTCATCTTATCTG-1",0
